public_key: 601 2
r  |  s  |  time[ms]
977 149 14.500
241 434 25.000
910 618 25.000
951 426 30.000
836 299 31.274
96 883 35.000
884 141 35.500
664 79 36.000
536 417 36.250
498 81 36.500
72 456 36.692
574 902 37.000
72 773 37.000
117 37 41.000
985 713 41.000
551 235 41.000
932 507 41.000
749 511 41.273
932 555 41.444
380 513 41.481
753 839 41.500
212 806 41.800
533 860 42.000
831 870 42.000
495 44 42.000
712 31 43.000
94 465 46.000
958 575 46.000
754 609 47.000
956 63 47.000
194 853 47.000
19 816 47.000
935 971 47.000
588 927 47.000
216 73 47.000
823 229 47.000
622 559 47.000
484 870 47.000
148 936 47.250
327 706 47.300
493 552 47.333
860 535 47.340
277 143 47.440
493 779 47.465
506 79 47.500
666 801 47.500
484 192 47.567
624 376 48.000
988 512 48.000
524 824 48.000
46 406 48.000
850 571 48.000
429 519 48.000
497 301 48.000
506 638 48.000
925 598 48.000
866 854 48.000
210 672 48.000
676 744 48.000
676 37 48.000
148 855 48.000
676 420 48.167
71 617 48.750
704 1003 51.000
198 761 52.000
350 5 52.000
734 431 52.000
877 424 52.000
280 460 52.000
902 685 52.000
171 523 52.000
648 530 52.000
545 437 52.250
648 303 52.296
642 940 52.364
790 241 52.417
511 895 52.447
758 525 52.857
367 624 52.889
731 498 53.000
234 855 53.000
737 405 53.000
532 553 53.000
310 329 53.000
854 948 53.000
140 916 53.000
383 962 53.000
273 941 53.000
559 260 53.000
271 503 53.000
645 509 53.000
349 492 53.000
173 904 53.000
70 175 53.000
885 473 53.000
842 409 53.000
539 1038 53.000
357 803 53.000
397 917 53.000
153 246 53.000
784 535 53.000
153 268 53.095
592 221 53.133
266 766 53.143
397 166 53.214
784 449 53.400
181 223 53.500
657 791 53.556
479 920 53.667
207 543 53.750
274 396 53.849
474 1005 54.000
483 894 54.000
618 689 54.000
312 359 54.000
341 214 54.000
133 1004 54.000
435 247 54.000
535 48 54.000
193 317 54.000
209 488 54.000
512 1018 54.000
490 768 57.500
