public_key: 357 872
r  |  s  |  time[ms]
892 538 54
630 143 48
8 347 42
115 939 47
763 639 52
527 96 53
503 913 53
254 851 53
248 74 47
704 437 53
529 85 53
391 626 53
524 840 48
196 713 42
727 824 47
812 490 53
489 783 42
146 960 53
106 723 48
177 621 52
854 944 54
694 648 53
214 22 52
435 596 53
615 955 53
10 593 36
10 593 36
94 1032 47
94 1032 46
40 928 57
638 1002 52
638 1002 52
273 907 53
961 850 47
189 313 41
520 58 36
113 735 54
596 711 25
113 735 53
535 990 53
273 907 53
471 579 52
595 785 36
574 949 38
722 393 53
925 702 48
271 230 52
497 672 49
506 620 48
280 230 52
70 637 53
495 823 42
733 957 47
539 401 52
209 746 53
543 532 53
210 690 48
70 637 54
884 255 36
753 111 42
539 401 53
627 488 53
349 657 53
823 735 47
512 878 54
181 909 53
207 695 54
180 169 42
180 169 42
666 1023 47
884 255 36
545 372 52
958 989 46
666 1023 47
210 690 47
357 52 53
666 1023 48
367 215 53
622 612 47
836 736 32
753 111 42
212 567 42
266 699 53
753 111 42
131 659 52
269 984 53
749 540 41
910 354 25
212 567 42
171 369 52
131 659 52
266 699 53
269 984 53
836 736 32
357 52 53
171 369 53
784 508 53
266 699 53
666 1023 47
71 141 49
131 659 53
784 508 53
836 736 32
131 659 53
784 508 54
666 1023 48
380 270 42
657 862 54
327 722 48
536 862 37
932 345 42
836 736 32
71 141 49
842 943 53
648 443 53
657 862 54
266 699 53
758 40 53
842 943 52
536 862 37
836 736 31
71 141 48
784 508 53
642 13 52
536 862 37
860 261 47
836 736 31
536 862 37
545 372 53
71 141 49
622 612 47
836 736 31
842 943 53
484 714 47
860 261 47
71 141 48
479 334 53
648 443 52
958 989 46
648 443 52
212 425 41
266 699 53
958 989 46
493 195 47
836 736 31
860 261 48
71 141 49
836 676 32
536 862 37
484 714 48
622 612 46
910 354 25
592 32 53
860 261 47
367 215 53
910 354 25
910 354 25
749 540 42
753 111 42
131 659 52
842 943 53
648 443 53
212 567 42
266 699 53
753 111 42
357 52 53
357 52 52
749 540 42
932 345 41
511 323 52
357 52 53
536 862 37
479 334 54
511 387 52
749 540 42
493 195 48
327 722 48
536 862 37
545 372 53
758 40 53
327 722 47
327 722 47
842 766 53
860 261 47
622 612 47
784 508 54
266 699 53
479 334 52
758 40 52
958 989 46
484 714 48
171 369 51
380 270 41
545 372 53
749 540 42
511 323 53
657 862 54
842 943 52
932 345 41
784 508 53
357 52 52
592 32 53
784 508 54
266 699 53
212 567 42
131 659 53
479 334 54
842 943 53
180 169 42
545 372 53
753 111 42
207 695 54
842 943 53
657 862 54
479 334 53
536 862 36
131 724 53
860 261 47
622 612 47
958 883 46
327 722 48
536 862 37
622 612 47
131 659 52
622 612 47
545 372 53
536 862 37
71 141 49
536 862 37
71 141 49
910 354 25
536 862 37
648 443 53
536 862 37
357 52 53
536 862 36
327 722 47
207 695 54
536 862 37
932 345 42
836 736 32
493 195 48
493 195 48
842 943 53
536 862 36
367 215 53
836 736 31
860 261 47
493 195 47
836 736 31
493 195 47
545 372 53
367 215 53
622 612 48
367 215 53
622 612 47
642 13 52
622 612 47
784 508 53
367 215 53
493 195 48
266 699 54
622 612 47
860 261 47
71 141 49
131 659 53
357 52 52
592 32 53
357 52 53
266 699 53
380 270 42
784 508 53
836 736 32
836 736 31
784 508 53
493 195 47
380 270 41
266 699 53
657 862 53
622 612 47
932 345 42
484 714 48
493 195 47
749 540 41
511 323 52
842 943 52
860 261 47
910 354 25
511 323 53
207 695 54
493 195 47
266 699 53
642 13 53
380 270 42
657 862 54
367 215 53
266 699 53
357 52 52
749 540 42
327 722 47
536 862 37
357 52 53
642 13 52
357 52 53
266 699 53
327 722 48
860 261 48
266 699 53
657 862 54
511 323 53
860 261 47
648 364 52
367 215 53
212 567 42
536 862 36
357 52 53
784 508 53
836 736 31
367 215 53
784 594 53
493 195 47
622 612 47
545 372 53
536 862 37
592 32 53
493 195 47
71 141 48
842 943 52
357 52 53
511 323 53
212 567 42
357 52 52
860 261 47
860 261 47
545 372 53
657 862 54
842 943 53
357 52 52
357 52 53
479 334 54
536 862 37
642 13 53
266 699 53
666 1023 47
657 862 53
666 1023 47
511 323 52
357 52 53
357 52 53
592 32 53
536 862 37
266 699 54
493 195 48
842 943 53
357 52 53
592 32 53
622 612 47
642 13 52
622 612 47
932 345 41
648 443 52
357 52 53
842 943 53
511 323 53
357 52 53
860 261 47
860 261 47
910 354 24
357 52 53
648 443 53
493 195 48
367 215 53
367 215 53
622 612 47
367 215 53
266 699 53
266 699 54
592 32 53
622 612 47
511 323 53
266 699 53
266 699 53
380 270 41
932 345 41
545 372 53
657 862 54
536 862 37
357 52 52
642 13 52
493 195 47
860 261 47
545 372 52
357 52 53
932 345 42
784 508 53
266 699 53
493 195 47
860 261 47
71 141 48
357 52 53
266 699 53
511 323 52
657 862 54
860 261 47
493 195 47
592 32 53
367 215 53
357 52 53
749 540 42
266 699 53
642 13 52
131 659 52
266 699 53
592 32 53
749 540 42
266 699 53
749 540 42
536 862 37
836 736 31
511 323 53
493 195 48
380 270 42
511 323 53
71 141 49
493 195 48
545 372 53
493 195 47
266 699 53
860 261 48
367 215 53
367 215 53
592 32 53
367 215 52
357 52 53
910 354 25
493 195 47
749 540 41
784 508 53
493 195 47
758 40 52
622 612 47
380 270 42
592 32 53
367 215 53
357 52 53
266 699 53
327 722 47
266 699 54
327 722 47
493 195 47
860 261 47
784 508 53
367 215 53
171 369 52
367 215 53
367 215 53
545 372 53
749 540 42
357 52 53
790 564 53
266 699 54
493 195 47
493 195 47
758 40 53
367 215 53
171 369 52
790 564 53
657 862 54
71 141 49
758 40 53
910 354 25
380 270 42
277 812 48
836 736 32
397 918 53
910 354 25
148 563 48
367 215 53
96 398 35
511 323 52
860 261 47
274 151 54
71 141 49
531 544 47
836 736 32
148 563 47
536 862 37
860 261 47
642 13 52
545 372 53
784 508 53
958 989 46
648 443 52
666 1023 47
648 443 52
357 52 53
212 567 42
545 372 53
72 227 36
72 227 36
648 443 52
545 372 53
484 714 48
536 862 36
479 334 53
274 151 54
648 443 53
212 567 42
536 862 37
212 567 41
842 943 52
536 862 37
758 40 53
367 215 53
666 1023 47
642 13 52
269 984 54
932 345 41
479 334 53
758 40 53
545 372 53
131 659 52
380 270 41
153 625 53
910 354 25
153 625 53
71 141 48
592 32 53
592 32 53
131 659 52
932 345 41
545 372 53
511 323 53
860 261 48
790 564 52
545 372 53
666 1023 48
836 736 32
479 334 54
72 227 37
932 810 42
274 151 54
622 612 47
373 25 53
71 141 49
277 812 48
860 1031 47
96 398 36
932 345 42
274 151 54
860 261 47
148 563 48
536 862 37
642 13 52
758 40 53
493 195 47
277 812 48
622 612 47
266 699 53
842 943 52
148 563 47
536 862 37
842 943 53
380 270 42
917 380 47
131 659 52
790 564 52
749 540 41
484 714 47
666 1023 47
836 736 31
212 567 41
666 1023 47
749 679 42
511 323 53
657 862 54
212 567 42
171 369 52
274 151 54
212 567 41
749 540 41
784 508 53
666 1023 46
784 787 54
958 989 47
932 345 42
212 567 42
512 878 54
749 540 42
910 723 25
241 968 25
958 989 46
784 508 53
860 261 47
592 32 53
842 943 53
490 658 58
885 966 53
932 345 42
657 862 54
860 261 48
666 1023 48
171 369 52
490 658 58
657 862 54
836 736 32
885 966 53
493 195 47
885 966 53
753 111 42
885 966 53
274 151 54
493 195 47
592 32 53
592 32 53
171 369 52
327 722 48
266 699 53
357 52 53
642 13 52
958 989 46
327 722 47
171 369 52
327 722 48
207 695 54
274 151 53
266 699 53
131 659 52
72 227 36
484 714 48
212 567 42
266 699 53
71 141 49
493 195 47
373 25 53
266 699 53
479 334 53
72 227 37
511 323 53
266 699 53
622 612 47
836 736 32
493 195 48
860 261 48
277 540 48
545 372 53
790 564 53
357 52 52
479 334 53
790 564 52
493 195 47
642 13 52
648 443 53
266 699 54
72 227 37
397 918 54
784 508 53
266 699 53
676 835 48
131 659 52
836 88 31
327 722 47
484 714 47
269 984 52
327 722 46
545 372 52
511 323 52
71 141 48
71 141 48
657 862 53
860 261 45
592 32 52
493 195 47
749 540 41
274 151 53
327 722 47
592 32 53
642 13 52
96 398 35
910 354 24
274 151 53
367 215 53
479 334 53
648 443 52
860 261 46
784 508 53
910 354 24
380 270 41
758 40 53
657 862 53
657 862 53
932 345 41
648 443 52
357 52 52
536 862 36
648 443 52
536 862 36
479 334 53
860 261 47
212 567 41
836 736 31
71 141 48
666 1023 46
749 540 41
592 32 53
842 943 52
207 695 53
367 215 53
171 369 52
269 984 53
657 862 53
171 369 51
642 13 52
622 612 46
910 354 24
171 369 51
749 540 41
642 13 52
860 261 47
380 270 41
784 508 53
212 567 41
493 195 47
622 612 46
666 1023 47
71 141 48
131 659 52
71 141 48
212 567 41
842 943 52
484 714 47
910 354 25
357 52 52
212 567 41
842 943 52
648 443 52
536 862 36
536 862 36
545 372 53
592 32 53
131 659 52
657 862 54
749 540 41
932 345 41
380 270 41
274 151 53
657 862 53
545 372 52
72 227 36
784 508 52
266 699 53
860 261 47
642 13 52
380 270 41
536 862 36
790 564 51
860 261 46
153 625 53
657 862 53
493 195 46
71 141 48
657 862 54
648 443 52
266 699 53
71 141 48
493 195 47
380 270 41
72 227 36
327 722 47
910 354 25
836 736 31
790 564 52
357 52 52
357 52 53
932 345 41
592 32 53
493 195 47
511 323 52
212 567 41
493 195 47
758 40 52
367 215 52
545 372 52
327 905 46
545 372 52
642 13 51
622 96 45
910 354 25
380 270 41
910 354 24
536 862 36
545 372 53
592 32 52
479 334 53
71 141 48
131 659 52
666 1023 47
842 943 52
753 111 41
545 372 52
932 345 41
648 443 51
958 989 46
327 722 47
545 372 53
327 722 47
479 334 53
648 443 52
479 334 53
212 567 41
479 334 53
484 714 47
545 372 52
784 508 52
753 111 40
357 52 53
622 612 46
266 699 52
842 943 52
511 323 51
545 372 52
131 659 52
367 215 52
131 659 52
153 625 53
648 443 52
148 563 47
153 625 53
758 40 52
621 12 47
469 486 53
482 719 52
523 181 47
876 970 13
531 544 46
469 486 53
676 835 48
784 508 53
153 625 52
642 13 51
380 270 41
932 345 41
657 862 53
642 13 52
622 612 47
327 722 47
266 227 53
910 354 25
592 32 53
836 736 31
536 862 36
380 270 41
842 943 52
71 141 48
545 372 53
367 215 52
171 369 51
357 52 52
266 699 53
479 334 52
493 195 47
842 943 52
932 345 41
357 52 52
592 32 52
836 736 30
511 323 52
493 195 47
397 918 53
860 261 47
511 323 52
666 1023 47
274 151 54
860 261 47
274 151 53
860 261 47
72 227 36
327 722 47
536 862 36
327 722 46
490 658 57
357 52 52
274 151 54
648 443 52
860 261 47
749 540 42
71 141 48
932 345 41
836 736 30
71 141 48
657 862 53
910 293 24
493 195 46
212 567 41
545 372 53
266 846 53
836 736 31
490 658 58
666 1023 47
536 862 36
266 699 53
380 270 41
357 52 52
642 13 52
666 1023 47
71 141 48
479 334 53
657 862 54
753 111 41
885 966 52
131 592 52
749 540 41
910 354 25
207 695 53
860 261 47
171 369 52
836 736 31
490 658 57
171 369 52
71 943 48
131 659 52
910 354 24
958 989 46
171 369 52
357 52 52
622 612 46
171 369 51
212 567 41
357 52 52
131 659 52
910 354 25
666 1023 47
958 989 45
642 13 52
357 52 52
171 369 51
860 261 47
131 659 52
860 261 47
842 943 52
836 736 31
479 334 53
932 345 40
842 943 52
622 612 47
910 354 25
479 334 53
932 345 40
784 508 52
536 862 36
367 215 53
666 723 47
357 52 53
860 261 47
622 612 47
71 141 48
545 372 52
642 13 52
479 334 52
545 372 52
71 141 48
545 372 52
327 722 47
545 372 52
642 747 52
885 966 53
357 52 52
836 736 31
536 862 36
622 612 46
212 567 41
836 736 31
666 284 47
479 334 53
545 372 52
836 736 31
171 369 51
784 508 52
622 612 46
484 714 47
171 369 52
511 722 52
357 52 52
622 612 47
666 1023 47
327 722 47
622 612 46
171 369 52
545 372 53
592 32 53
131 659 52
493 195 47
212 948 41
958 989 46
642 13 51
622 612 46
367 215 52
207 695 54
842 943 52
367 215 52
