public_key: 822 399
r  |  s  |  time[ms]
910 660 24.722
596 745 25.000
241 963 25.000
626 941 30.000
836 46 30.000
45 777 31.000
265 963 31.000
836 442 31.132
96 1031 35.143
884 359 35.500
595 10 36.000
536 78 36.000
72 91 36.359
536 1031 36.500
498 354 37.000
574 682 37.000
72 558 37.000
840 793 41.000
380 103 41.235
749 530 41.364
932 919 41.409
376 609 42.000
551 594 42.000
378 924 42.000
51 843 42.000
180 447 42.000
212 112 42.000
304 260 43.000
489 796 43.000
610 769 46.000
94 729 46.000
504 193 46.000
33 368 46.000
958 78 46.000
958 273 46.667
622 952 46.857
327 609 46.966
306 524 47.000
507 927 47.000
727 689 47.000
692 81 47.000
487 427 47.000
754 28 47.000
759 888 47.000
588 133 47.000
958 1028 47.000
493 533 47.000
860 1018 47.000
210 433 47.333
860 248 47.356
666 624 47.429
493 683 47.444
230 443 47.500
170 873 47.500
277 438 47.500
148 405 47.600
484 534 47.605
823 668 47.667
676 47 47.958
620 328 48.000
946 140 48.000
524 727 48.000
956 429 48.000
41 499 48.000
706 6 48.000
866 646 48.000
216 477 48.000
493 456 48.000
71 414 48.000
277 965 48.000
71 126 48.421
676 371 49.000
511 11 51.000
177 218 52.000
826 754 52.000
539 549 52.000
171 28 52.000
648 504 52.000
642 261 52.037
511 986 52.310
648 753 52.424
790 166 52.444
357 96 52.750
545 896 52.800
758 673 52.826
592 133 52.833
367 571 52.867
153 896 52.960
738 695 53.000
454 280 53.000
312 55 53.000
287 276 53.000
57 122 53.000
140 822 53.000
214 737 53.000
273 238 53.000
639 344 53.000
777 729 53.000
209 872 53.000
320 154 53.000
828 356 53.000
311 124 53.000
512 568 53.000
902 748 53.000
173 338 53.000
269 998 53.000
207 141 53.000
131 509 53.000
479 966 53.000
367 483 53.000
842 938 53.000
266 475 53.000
657 573 53.000
274 5 53.000
266 328 53.082
784 416 53.111
397 802 53.233
657 945 53.286
377 475 53.500
113 853 53.500
627 22 53.500
274 128 53.607
474 93 54.000
618 655 54.000
193 636 54.000
490 266 58.000
