public_key: 309 132
r  |  s  |  time[ms]
553 594 31
414 625 48
624 417 47
618 895 53
691 952 53
64 475 31
391 715 52
412 410 37
118 620 53
572 161 53
489 787 42
481 465 46
8 121 42
248 728 47
337 511 47
821 597 53
812 901 54
166 568 53
102 873 42
916 745 53
496 109 47
985 478 41
504 986 47
46 304 47
694 857 53
89 60 25
688 310 36
966 321 31
574 707 37
497 970 49
751 94 53
777 513 53
651 199 53
987 804 36
498 16 37
559 717 54
33 187 47
645 714 52
826 314 53
548 833 14
504 986 47
41 165 47
173 544 53
573 93 54
296 459 54
885 594 53
320 750 53
41 165 48
884 287 36
353 832 53
638 899 52
266 425 53
639 890 53
350 37 52
367 884 53
506 863 48
210 531 48
822 304 42
271 44 53
777 513 54
511 527 52
639 893 53
535 981 54
758 1034 53
216 620 47
666 101 47
504 986 46
274 64 54
588 176 47
96 353 36
622 317 48
545 773 53
932 122 41
326 551 54
733 206 47
326 551 53
842 382 52
722 573 52
277 617 47
645 714 53
367 884 53
274 64 54
559 717 54
17 433 42
595 67 36
266 425 53
326 551 54
413 534 52
512 383 53
782 292 47
853 146 15
523 939 48
574 707 37
853 146 14
917 229 48
639 890 54
642 409 53
96 353 36
664 83 36
497 970 49
710 65 52
413 534 52
842 382 52
361 644 43
351 81 48
595 67 36
241 407 26
506 863 48
671 245 53
17 433 42
758 1034 53
595 67 36
170 585 47
885 594 53
853 146 14
531 323 45
471 616 53
148 914 48
471 616 53
511 527 53
531 323 47
932 122 42
627 984 54
382 301 53
210 531 47
782 292 47
471 616 52
96 353 35
518 797 54
539 1006 52
280 688 53
576 218 47
216 620 48
266 572 53
265 743 31
820 506 54
666 101 48
523 939 48
265 1033 30
469 152 54
153 69 52
33 187 46
397 163 53
265 743 30
382 301 53
592 143 53
828 680 53
361 644 42
171 344 52
469 152 54
902 553 52
666 101 48
823 75 48
820 506 54
910 608 25
820 506 54
592 143 53
413 534 52
782 292 47
828 680 52
96 353 36
820 506 54
490 937 58
627 984 53
664 83 37
153 69 53
523 939 47
545 773 53
576 218 47
207 45 54
53 157 48
70 712 54
469 152 54
397 163 54
828 484 53
397 163 53
361 644 43
482 841 52
512 383 53
209 545 53
518 797 54
277 617 48
274 64 54
710 65 52
828 680 53
784 160 53
710 65 52
828 680 53
511 527 53
361 644 43
482 841 53
512 383 54
866 953 48
153 69 53
828 680 53
326 551 53
361 644 43
53 157 48
853 146 14
373 457 52
148 914 47
327 71 47
840 441 41
210 531 48
635 995 37
576 218 47
171 344 52
710 65 53
828 680 53
484 259 47
902 553 52
479 1008 53
482 841 52
216 712 48
482 841 53
171 344 53
280 688 52
482 841 53
627 984 53
280 688 52
482 841 52
884 1033 35
506 863 48
876 550 14
826 314 52
327 927 47
664 83 37
413 534 53
782 292 46
413 534 52
182 330 30
490 937 58
902 553 53
479 1008 53
820 506 54
512 383 54
349 758 53
482 841 53
666 101 47
782 292 47
506 863 47
930 949 42
482 841 52
666 79 47
469 152 53
676 113 48
842 382 52
671 19 53
51 51 42
885 594 53
866 953 48
397 163 53
828 680 53
676 113 48
349 758 53
885 594 53
820 506 54
180 814 42
676 113 48
842 382 53
671 245 53
866 953 48
53 157 47
311 203 53
782 292 47
828 680 53
397 163 53
361 644 42
820 506 53
479 1008 53
506 863 48
523 939 48
212 427 42
193 340 54
469 152 54
397 163 54
828 680 53
397 163 53
361 644 43
820 506 53
545 773 53
51 51 42
828 680 53
758 1034 53
636 927 52
413 534 53
274 64 54
710 65 52
413 534 52
790 1001 52
665 205 52
828 680 53
676 113 49
349 758 53
269 269 53
820 506 53
180 814 42
373 457 53
506 863 48
710 65 52
495 349 42
512 383 54
349 758 53
518 797 54
749 457 42
361 644 42
635 995 36
361 644 42
576 218 46
866 953 48
274 64 54
33 187 47
348 854 53
495 349 43
823 75 47
576 218 46
349 758 53
635 995 37
576 218 47
545 773 53
53 157 47
280 191 52
728 338 36
361 644 43
728 338 36
531 323 47
676 113 49
181 737 53
210 531 47
269 316 53
866 953 48
148 914 47
274 64 53
930 949 42
482 841 52
131 453 52
902 553 52
482 841 52
173 544 53
664 83 37
72 345 37
635 995 37
523 939 48
958 449 47
664 83 36
828 680 53
96 353 36
710 65 53
826 314 53
592 143 53
361 644 42
518 797 54
71 536 49
932 122 41
173 544 53
820 506 54
490 937 57
193 340 54
884 1033 35
523 939 47
506 863 48
53 157 48
664 83 36
484 752 48
627 984 54
17 433 42
733 206 47
665 205 52
826 314 53
182 330 31
269 269 53
70 712 54
636 927 53
357 625 53
33 187 47
493 505 48
484 259 48
596 162 25
493 505 47
490 937 57
340 350 54
216 620 48
708 171 42
130 377 36
287 732 47
523 100 53
130 377 36
96 353 36
214 797 42
314 935 53
3 281 53
130 377 36
569 672 46
253 358 53
130 377 36
523 100 53
402 492 54
50 869 48
642 630 48
130 377 37
352 883 31
972 181 42
326 488 47
199 661 37
53 882 53
309 47 53
130 377 36
69 691 47
984 766 52
593 141 30
243 834 53
155 457 53
356 103 47
74 55 52
154 392 52
155 457 53
650 972 48
953 474 52
482 841 52
858 636 37
86 633 48
348 854 53
858 636 36
452 1028 47
326 551 53
881 360 47
932 122 42
484 259 48
858 636 36
561 123 31
860 257 48
340 350 54
212 427 42
592 143 54
784 160 53
561 123 31
958 449 47
964 401 53
666 101 47
109 561 47
207 45 53
191 700 57
896 270 41
340 350 54
531 323 47
482 841 52
361 644 42
906 253 53
490 937 58
280 463 52
469 152 54
820 506 53
884 287 36
539 1006 53
844 549 47
902 553 52
382 301 53
876 550 13
193 340 54
327 927 48
269 269 53
269 269 53
705 922 53
842 382 53
17 433 42
866 953 48
576 218 46
592 143 53
79 864 54
17 433 42
910 608 25
602 835 26
269 269 53
621 603 48
840 441 41
51 51 42
170 585 48
621 603 48
543 46 52
482 841 52
266 425 53
209 545 54
469 152 54
348 854 52
733 206 47
351 81 47
479 1008 54
79 864 54
958 449 46
728 338 36
636 927 52
311 203 53
790 1001 51
361 644 43
270 393 48
902 553 53
270 393 47
840 441 41
311 203 54
373 457 53
182 330 31
866 953 48
348 854 52
853 146 14
784 160 54
351 81 48
210 531 48
753 654 42
96 353 36
280 688 52
545 773 53
635 995 36
380 858 42
710 65 52
495 349 42
17 433 42
327 927 47
373 457 52
917 229 48
327 927 47
206 574 47
820 506 54
885 594 53
206 574 47
479 1008 53
733 206 48
676 113 48
357 625 53
382 301 54
902 553 53
842 382 53
299 322 54
193 340 54
216 620 48
71 536 49
274 64 54
469 152 54
902 553 52
479 1008 53
635 995 36
153 69 53
506 863 48
222 951 43
482 841 53
180 814 43
148 914 48
784 160 53
222 951 42
820 506 53
71 536 49
274 64 54
469 152 54
902 553 53
545 773 53
382 301 53
902 553 52
545 773 53
518 797 54
170 585 48
635 995 37
222 951 43
820 506 54
545 773 53
51 51 42
413 534 53
153 69 53
665 205 52
413 534 52
917 229 47
506 863 48
576 218 47
173 544 53
635 995 36
96 353 35
206 574 46
635 995 36
326 551 54
828 680 53
380 858 41
17 433 42
495 349 42
495 349 42
180 814 42
397 163 53
413 534 52
96 353 35
382 301 53
170 585 47
635 995 36
782 292 47
479 1008 53
576 218 47
241 407 26
840 441 41
512 383 53
840 441 41
506 863 48
523 939 47
479 1008 53
576 218 46
173 544 53
635 995 37
96 353 36
181 737 53
241 407 25
349 758 53
131 453 53
671 245 53
840 441 41
173 544 53
181 737 53
635 995 37
523 939 47
212 427 41
902 553 52
820 506 53
479 1008 53
311 203 53
636 927 52
910 608 25
820 506 54
493 505 47
326 551 53
348 854 52
506 863 48
518 797 54
170 585 47
482 841 52
885 594 53
280 688 53
53 157 48
866 953 48
96 353 35
280 688 52
842 382 52
518 797 54
170 585 48
53 157 48
853 146 14
326 551 53
361 644 42
482 841 53
241 407 26
635 995 37
676 113 48
357 625 53
671 245 53
840 441 41
173 544 53
664 83 36
72 345 36
635 995 36
523 939 47
131 453 52
671 245 53
349 758 53
171 344 52
222 951 42
635 995 36
222 951 42
820 506 53
836 166 31
280 688 52
635 995 37
373 457 52
413 534 52
326 551 54
348 854 53
413 534 53
96 353 36
576 218 47
173 544 53
635 995 36
96 353 36
280 688 52
479 1008 53
576 218 46
173 544 53
820 506 54
180 814 43
676 113 48
622 317 47
181 737 54
173 544 53
635 995 37
96 353 35
664 83 36
506 863 48
361 236 42
820 506 53
479 1008 53
311 203 53
636 927 51
592 143 53
495 349 42
853 146 14
512 383 53
820 506 53
207 45 54
826 314 53
576 218 47
70 712 53
222 951 42
749 457 41
280 688 52
820 506 54
885 594 53
902 553 52
820 506 53
212 427 41
326 551 54
506 863 48
635 995 37
790 1001 53
495 349 43
826 314 53
327 927 47
193 340 54
216 620 47
749 457 42
523 939 48
479 1008 53
576 218 46
512 383 54
635 995 37
665 205 53
413 534 53
917 229 48
506 863 48
635 995 37
676 113 48
493 505 48
627 984 54
181 737 53
820 506 54
212 427 42
326 551 54
506 863 48
576 218 46
180 814 42
311 203 54
636 927 53
327 927 47
373 457 53
676 113 49
622 317 47
181 737 53
512 383 54
820 506 54
171 344 52
181 737 53
820 506 54
212 427 42
917 229 48
642 409 53
926 1023 53
495 349 42
210 531 48
382 301 54
642 409 53
209 545 54
782 292 47
506 863 48
469 152 54
193 340 54
627 984 53
820 506 53
592 143 53
853 146 14
397 163 53
361 644 42
482 841 53
173 544 53
170 585 47
842 382 52
209 545 53
351 81 47
495 349 42
206 574 47
820 506 53
885 594 53
664 83 36
277 617 48
840 441 41
512 383 53
664 83 36
277 617 48
866 953 48
482 841 52
512 383 54
206 574 47
545 773 53
209 545 53
299 322 53
277 617 47
790 1001 52
665 546 52
506 863 48
469 152 54
664 83 37
853 146 14
153 69 53
182 330 31
209 545 54
351 81 48
853 146 14
784 160 53
710 65 52
853 146 14
212 427 41
206 574 47
622 317 47
636 927 52
327 927 47
326 551 53
361 644 43
820 506 54
666 101 48
782 292 47
853 146 14
511 527 53
361 644 43
820 506 54
545 773 53
866 953 48
676 113 48
657 408 54
576 218 46
512 383 53
820 506 53
171 344 52
181 737 53
635 995 37
361 644 42
635 995 37
361 644 43
820 506 54
545 773 53
209 545 53
710 65 52
479 1008 53
826 314 52
382 301 53
749 457 42
361 644 42
576 218 46
206 574 46
479 1008 53
51 51 42
853 146 14
545 773 53
518 797 54
539 1006 53
241 407 25
206 574 47
576 218 47
17 433 42
311 203 53
361 644 43
666 101 48
512 383 54
902 553 53
820 506 54
666 101 48
636 927 53
327 927 47
373 457 53
148 914 47
484 259 47
280 688 52
545 773 53
518 377 54
539 1006 53
241 407 25
280 688 52
657 408 53
576 218 46
173 544 53
635 995 37
326 551 54
311 203 53
784 160 54
710 65 52
853 146 14
545 773 53
53 702 47
269 269 53
635 995 36
932 122 41
326 551 53
853 146 13
274 64 53
926 1023 52
853 146 13
274 64 53
926 1023 53
853 146 14
484 259 47
70 712 52
71 536 48
512 383 53
627 984 53
820 506 53
180 814 41
784 160 52
51 51 41
853 146 14
758 1034 53
348 854 52
853 146 13
148 914 46
853 146 13
784 160 52
876 550 13
826 314 52
148 914 47
311 203 53
153 69 53
96 353 35
51 51 42
210 531 47
635 995 35
665 205 52
853 146 14
676 113 48
311 203 53
784 160 53
361 644 41
635 995 36
397 163 53
853 146 14
96 353 35
671 245 52
733 206 46
518 797 53
664 83 35
209 545 52
382 301 53
842 382 52
664 83 35
96 353 35
930 949 42
635 995 36
348 854 52
495 349 42
826 314 51
72 345 36
820 506 53
490 937 58
311 203 53
380 858 41
207 45 53
576 218 46
666 101 46
884 287 35
51 51 41
853 146 14
274 64 53
876 550 13
311 203 53
758 1034 52
348 854 52
853 146 13
676 113 47
733 206 47
382 301 53
543 42 52
380 858 41
131 453 52
469 152 53
733 206 47
382 301 52
866 953 47
576 218 46
885 594 52
382 301 52
209 351 52
860 257 46
206 574 46
382 301 52
209 545 53
357 625 53
222 951 42
635 995 36
96 353 35
209 545 53
622 317 47
349 758 53
71 536 48
173 544 52
210 531 46
173 544 52
512 383 53
576 218 46
207 45 53
576 218 46
666 101 47
884 287 36
51 51 41
495 349 41
