public_key: 193 829
r  |  s  |  time[ms]
548 223 14.000
853 986 14.000
89 83 24.000
910 180 25.000
241 706 25.333
265 211 31.000
836 292 31.360
595 696 35.500
96 527 35.500
72 997 36.538
536 990 36.600
498 351 37.000
520 719 37.000
574 673 37.000
72 732 37.000
117 550 41.000
840 421 41.000
932 915 41.321
212 622 41.333
380 39 41.429
749 16 41.667
533 810 42.000
65 667 42.000
489 633 42.000
519 901 42.000
551 944 42.000
378 858 42.000
180 398 42.000
17 125 42.000
753 9 42.000
304 862 43.000
958 459 46.000
588 450 46.500
481 603 47.000
733 547 47.000
622 765 47.000
170 852 47.000
327 827 47.070
493 1038 47.086
860 411 47.136
666 272 47.333
277 332 47.418
148 388 47.485
248 485 47.500
216 758 47.500
484 633 47.733
837 172 48.000
306 640 48.000
659 352 48.000
106 758 48.000
194 339 48.000
935 257 48.000
506 339 48.000
866 203 48.000
210 938 48.000
676 896 48.212
71 394 48.429
763 923 51.000
59 785 51.000
454 873 52.000
737 37 52.000
234 130 52.000
166 383 52.000
280 472 52.000
826 289 52.000
511 345 52.000
648 63 52.143
790 281 52.294
511 985 52.382
642 748 52.423
842 681 52.500
367 583 52.786
758 169 52.857
441 982 53.000
916 961 53.000
812 143 53.000
377 423 53.000
764 491 53.000
656 561 53.000
140 412 53.000
934 470 53.000
156 260 53.000
535 808 53.000
877 714 53.000
320 1020 53.000
311 54 53.000
173 721 53.000
349 506 53.000
545 400 53.000
269 263 53.000
131 461 53.000
545 928 53.000
357 777 53.000
790 173 53.000
153 695 53.069
357 903 53.111
784 51 53.129
592 545 53.167
266 584 53.217
397 658 53.273
209 491 53.500
627 590 53.500
885 370 53.500
207 134 53.500
479 1034 53.667
657 224 53.714
274 816 53.875
971 350 54.000
751 345 54.000
777 973 54.000
559 120 54.000
353 385 54.000
70 422 54.000
784 593 54.000
274 688 54.000
397 370 54.000
274 650 54.000
40 912 57.000
490 66 57.500
740 251 58.000
