public_key: 638 948
r  |  s  |  time[ms]
266 677 53
493 546 48
910 655 24
241 430 25
657 234 54
622 831 47
523 932 47
380 795 41
479 1010 54
274 1001 54
380 795 41
182 32 30
171 458 52
884 432 35
884 432 36
495 474 42
206 742 47
543 614 53
349 339 53
925 426 48
543 614 53
828 547 52
826 392 52
840 919 41
209 627 54
311 751 54
70 370 54
170 126 48
209 381 54
539 533 53
17 729 42
823 591 47
664 272 36
512 770 53
269 828 53
181 607 53
823 591 48
884 139 36
884 432 36
539 533 53
753 1004 42
171 458 52
490 870 58
823 591 47
207 931 54
545 889 52
210 882 47
479 1010 53
490 870 57
885 337 52
842 405 52
269 828 53
666 274 47
269 828 53
131 104 52
836 895 31
753 1004 41
753 1004 40
753 1004 41
545 25 53
753 1004 41
958 210 46
536 760 36
131 104 52
657 234 53
910 655 24
71 605 48
666 274 47
910 655 24
910 655 24
212 442 41
212 442 41
212 442 41
479 1010 53
545 25 52
327 200 47
266 677 52
592 94 52
545 25 52
749 503 41
266 677 52
367 701 52
545 25 52
749 503 41
860 109 46
545 25 52
536 760 37
910 655 24
842 405 52
749 636 42
749 503 40
327 200 47
622 831 46
784 791 53
622 831 46
648 302 51
622 831 47
327 200 47
327 200 47
842 405 52
642 515 51
367 701 52
536 760 36
642 515 52
648 551 52
479 1010 53
642 515 52
493 546 47
642 515 52
266 677 52
622 831 46
266 677 52
545 25 52
592 94 53
622 831 46
642 515 52
536 760 36
536 760 36
657 234 53
327 200 47
493 546 47
622 831 46
910 655 25
71 605 48
842 405 52
836 895 31
648 551 52
536 760 36
493 546 47
622 831 46
749 503 40
592 94 52
266 677 52
357 7 51
592 94 53
622 831 47
327 200 47
860 109 47
622 831 46
592 271 53
536 760 36
493 546 47
511 802 52
657 234 53
784 791 53
277 675 47
511 802 52
758 408 53
592 94 52
592 94 51
592 94 52
749 503 41
592 94 52
749 503 41
642 515 52
327 200 47
749 503 41
749 503 41
71 605 48
657 234 53
493 546 47
367 701 52
836 895 30
642 515 51
657 234 53
910 655 24
493 546 47
784 791 53
860 109 47
648 551 52
367 701 52
367 701 53
749 503 41
642 515 51
657 234 53
367 701 53
910 655 25
367 701 52
367 701 52
860 109 46
367 701 52
493 546 46
657 234 53
860 109 46
860 109 47
860 109 47
860 109 47
749 503 41
932 183 41
327 200 47
657 234 53
642 515 52
657 234 53
836 895 31
327 200 47
367 701 53
592 94 53
367 701 53
493 546 47
860 109 47
860 109 47
493 546 47
327 200 47
367 701 53
592 94 53
367 701 53
493 546 47
860 109 46
493 546 47
493 546 47
932 183 41
71 605 48
493 546 47
642 515 52
657 234 53
71 605 49
657 234 54
860 109 48
657 234 54
367 701 53
860 109 47
657 234 54
836 895 31
327 200 47
749 503 41
493 546 47
266 677 53
493 546 47
749 503 41
642 580 52
836 895 31
836 895 31
657 234 54
493 546 47
327 200 47
749 503 42
493 546 48
367 701 53
836 895 31
657 234 53
860 109 47
860 109 47
493 546 47
910 655 25
71 605 49
836 895 32
367 701 53
642 515 52
836 895 31
836 895 32
657 234 53
536 760 37
860 109 47
860 109 47
493 546 47
657 234 53
749 503 41
836 895 31
642 515 52
836 895 31
657 234 53
327 200 47
367 701 52
642 515 52
657 234 54
657 234 54
657 234 54
860 109 47
860 109 48
493 546 48
592 94 53
657 234 54
493 546 47
836 895 31
860 109 47
836 895 31
749 503 41
493 546 47
493 546 47
657 234 54
327 200 47
71 605 48
493 546 47
836 895 30
860 109 47
860 109 47
367 701 53
367 701 53
592 94 53
836 895 31
860 109 47
657 234 53
749 503 41
836 895 31
327 200 47
836 895 31
932 183 42
71 605 48
536 760 37
836 895 31
327 200 48
657 234 54
71 605 49
266 677 54
860 109 48
367 701 53
367 701 53
327 200 47
71 605 48
493 546 47
493 546 48
836 895 31
493 546 47
836 895 31
493 546 47
657 234 53
71 605 49
836 895 31
657 234 54
367 701 53
657 234 53
493 546 47
860 109 47
860 109 47
657 234 53
749 503 41
536 760 37
71 605 49
71 605 49
642 515 53
592 94 53
207 1003 54
642 515 53
790 546 53
171 458 52
493 546 47
536 760 37
479 1010 54
266 677 54
657 234 54
479 1010 54
657 234 53
932 183 41
367 701 53
493 546 48
266 677 54
622 831 47
266 677 54
327 200 48
836 895 31
860 109 47
836 895 31
836 895 31
842 405 52
536 760 37
642 515 52
493 546 48
592 94 53
860 109 47
836 895 32
493 546 48
71 605 49
266 677 54
860 109 48
860 109 48
367 701 53
860 109 47
657 234 53
266 677 53
536 760 36
266 677 53
836 895 31
266 677 54
357 7 53
592 94 53
493 546 47
367 701 53
860 109 48
536 760 37
642 515 52
860 109 47
749 503 41
357 7 52
860 109 47
493 546 47
536 760 36
493 546 48
749 503 42
327 200 47
367 701 53
327 200 48
836 895 31
932 183 41
367 701 53
749 503 42
749 503 42
932 183 42
657 234 54
367 701 53
536 760 36
836 895 31
592 94 53
860 109 48
648 551 53
836 895 32
357 7 53
367 701 53
622 831 47
327 200 47
493 546 47
836 895 31
493 546 47
657 234 53
266 677 53
71 605 48
266 677 53
266 677 54
592 94 53
836 895 31
357 7 52
749 503 41
784 791 53
367 701 53
367 701 53
484 48 47
836 895 31
932 183 41
327 200 48
266 677 53
266 677 53
493 546 47
493 546 47
367 701 53
836 895 32
71 605 49
836 895 32
784 791 53
367 701 53
657 234 54
784 791 53
657 234 54
860 109 47
657 234 53
860 109 47
642 515 52
860 109 47
327 200 47
71 605 49
657 234 54
836 895 31
657 234 53
657 234 53
836 895 31
367 701 53
367 701 53
493 546 47
910 655 25
860 109 48
536 760 37
493 546 48
367 701 53
536 760 37
860 109 48
266 677 53
545 25 53
657 234 54
545 25 53
666 274 47
545 25 52
207 931 54
860 109 48
479 1010 54
642 515 52
648 551 52
171 458 53
836 895 31
212 442 42
642 515 52
171 458 52
657 234 53
642 515 52
479 1010 53
749 503 41
493 546 47
622 831 47
657 234 54
622 831 47
367 701 53
642 515 52
545 25 53
367 701 53
749 503 42
380 795 42
592 94 53
536 760 37
842 405 53
910 655 26
545 25 53
71 605 49
842 713 53
749 503 41
622 831 47
266 677 53
212 442 42
622 831 47
758 408 53
622 831 47
648 551 52
622 831 46
648 551 53
536 760 37
212 442 42
622 831 47
648 551 52
536 760 37
545 25 53
749 503 40
642 515 53
648 551 53
545 25 53
592 94 53
511 802 53
622 831 47
648 551 52
622 831 47
511 802 53
842 405 52
592 94 53
380 795 41
932 183 41
71 605 48
536 760 37
666 274 48
910 655 25
367 701 53
266 677 53
357 7 53
367 701 53
860 109 48
910 655 25
622 831 47
749 503 42
274 245 54
357 7 52
749 503 41
622 831 47
622 831 47
71 605 49
536 760 37
479 1010 54
910 655 25
842 405 53
749 503 42
642 515 53
511 802 53
479 1010 54
642 515 52
642 515 53
266 677 54
592 94 53
910 655 25
749 503 42
642 515 53
511 802 53
622 831 47
648 551 52
357 7 53
592 94 53
642 515 53
545 25 53
910 655 25
622 831 47
327 200 47
327 200 48
536 760 37
842 405 53
71 605 48
622 831 47
484 48 48
622 831 47
536 760 37
545 25 53
592 94 53
380 795 41
910 655 25
657 234 53
592 94 53
357 7 53
357 7 53
642 515 52
536 760 36
842 405 53
71 605 49
536 760 37
622 831 47
327 200 47
642 515 52
511 802 52
545 25 52
592 94 53
932 183 42
484 48 48
536 760 37
642 515 52
484 48 47
910 655 25
212 442 42
266 677 54
842 405 53
932 183 42
71 605 49
536 760 37
536 760 37
910 655 25
479 1010 54
657 234 53
511 802 52
622 831 47
932 183 42
367 701 53
622 831 47
367 701 53
657 234 53
536 760 37
493 546 48
357 7 53
842 405 53
71 605 48
212 442 41
536 760 37
666 274 47
380 795 42
784 791 54
357 7 53
493 546 48
622 831 47
71 605 48
622 831 47
648 551 53
622 831 47
511 802 52
536 760 37
536 760 37
266 677 54
592 94 53
357 7 52
266 677 53
910 655 25
657 234 54
642 515 53
357 7 53
860 109 47
357 7 52
357 7 52
327 200 46
622 831 47
836 895 31
493 546 47
860 879 47
749 503 41
71 777 48
357 7 52
493 546 47
266 677 53
622 831 47
367 701 53
622 831 47
484 48 48
642 515 53
648 551 53
493 546 48
648 551 53
536 760 37
842 405 53
749 503 41
642 515 52
784 791 53
357 7 52
642 515 52
784 791 53
357 7 52
642 515 52
648 551 52
479 1010 53
642 515 52
648 551 52
545 25 53
749 503 42
642 515 53
380 795 42
910 655 25
749 503 42
622 831 47
860 109 48
749 503 42
71 605 48
536 760 36
622 831 47
380 795 42
592 94 53
357 7 53
622 831 47
842 405 52
479 1010 54
71 605 49
622 831 47
511 802 52
622 831 47
380 795 42
749 503 42
592 94 53
648 551 52
479 1010 54
327 200 47
860 109 47
784 791 53
657 234 53
367 701 53
784 791 54
860 109 48
642 515 53
836 895 32
367 701 53
592 94 53
493 546 48
749 503 42
592 94 53
511 802 52
622 831 47
648 551 53
493 546 48
932 183 42
367 701 53
536 760 37
622 831 47
484 48 48
493 546 48
842 405 53
622 831 47
842 405 53
479 1010 54
657 234 54
910 655 25
860 109 48
212 442 42
842 405 53
657 234 53
648 551 52
536 760 36
357 7 52
71 605 49
622 831 47
484 48 47
622 831 47
357 7 53
622 831 47
545 25 53
666 274 47
910 655 25
367 701 53
266 677 53
545 25 52
367 701 53
493 546 48
910 655 25
266 677 53
910 655 25
622 831 47
71 605 48
592 94 53
758 408 53
536 760 36
622 831 46
657 234 54
536 760 36
622 831 47
266 677 54
622 831 47
836 895 31
479 1010 54
71 605 48
536 760 36
842 405 53
592 94 53
357 7 52
266 677 53
367 701 53
266 677 53
842 405 53
367 701 53
266 677 54
622 831 47
592 94 53
536 760 37
266 677 54
592 94 53
860 109 47
367 701 53
657 234 54
545 25 53
71 605 48
266 677 53
592 94 53
380 795 42
71 605 49
622 831 47
484 48 47
592 94 53
484 48 48
266 677 54
642 515 53
493 546 48
71 605 49
622 831 47
484 48 47
657 234 53
327 200 47
479 1010 53
367 701 52
910 655 25
71 605 49
266 677 53
910 522 25
212 442 41
357 7 53
642 515 53
484 48 48
860 109 48
860 109 47
367 701 53
657 234 54
842 405 52
367 701 53
836 895 32
479 1010 53
71 605 49
266 677 53
910 655 25
842 405 53
71 605 48
266 677 53
910 655 25
357 7 53
592 94 53
274 1001 53
357 7 53
642 515 53
758 408 53
357 7 52
592 94 53
274 1001 54
493 546 47
327 200 47
545 25 53
71 605 48
545 25 53
749 503 42
749 503 42
622 831 47
860 109 47
749 503 41
642 515 52
274 1001 53
266 677 53
71 605 48
357 7 52
622 831 47
357 7 53
536 760 36
71 605 48
266 677 53
842 405 52
71 605 49
357 7 53
910 655 25
536 760 37
536 760 37
592 94 53
758 408 53
357 7 53
592 94 53
758 408 53
266 677 54
932 183 42
860 109 48
836 895 31
536 760 36
910 655 25
171 458 52
749 503 42
642 515 53
784 791 54
479 1010 54
592 94 53
758 408 53
836 895 32
836 895 32
910 655 25
71 605 48
71 605 48
511 802 52
592 94 53
657 234 54
932 183 41
657 234 54
642 515 52
860 109 47
648 551 52
367 701 52
266 677 53
642 515 52
836 895 31
266 677 53
592 94 53
836 895 31
657 234 53
592 94 53
836 895 32
910 655 25
367 701 53
511 802 53
749 503 42
592 94 53
493 546 47
642 515 52
657 234 53
536 760 37
932 183 41
357 7 53
749 503 42
327 200 47
860 109 47
749 503 41
910 655 25
910 655 25
493 546 47
592 94 53
536 760 37
493 546 47
910 655 25
648 551 53
71 605 49
592 94 53
592 94 53
860 109 48
592 94 53
493 546 47
910 655 25
493 546 48
266 677 54
266 677 53
648 551 52
657 234 54
493 546 48
749 503 42
592 94 53
860 109 47
592 94 53
266 677 53
536 760 37
642 515 53
910 655 25
511 802 52
749 503 41
592 94 53
493 546 48
749 503 42
327 200 48
836 895 31
784 791 53
71 605 48
592 94 53
592 94 53
266 677 53
367 701 53
592 94 53
493 546 47
749 503 41
327 200 47
860 109 48
592 94 53
836 895 31
484 48 47
836 895 31
648 551 52
749 503 41
910 655 25
511 802 53
749 503 42
642 515 53
493 546 48
592 94 53
493 546 47
749 503 41
648 551 52
71 605 48
367 701 53
592 94 53
266 677 53
266 677 53
