public_key: 635 171
r  |  s  |  time[ms]
876 965 13.000
548 791 14.000
977 879 14.500
910 926 24.833
596 890 25.000
241 850 26.000
626 231 30.000
966 33 31.000
836 259 31.000
451 114 31.000
390 149 31.000
553 602 31.000
836 655 31.143
96 583 35.000
728 508 35.000
682 1000 35.000
574 674 35.000
130 533 35.924
664 787 36.000
635 340 36.000
130 684 36.000
153 668 36.000
130 917 36.000
130 75 36.000
916 940 36.000
72 550 36.333
536 71 36.444
29 640 37.000
412 184 37.000
932 800 40.917
533 1028 41.000
822 65 41.000
402 12 41.000
840 116 41.000
222 790 41.000
749 443 41.000
514 571 41.000
831 584 41.000
87 225 41.000
380 277 41.125
749 304 41.273
930 924 41.333
712 103 42.000
117 516 42.000
551 97 42.000
519 273 42.000
189 902 42.000
378 519 42.000
17 623 42.000
180 288 42.000
753 303 42.000
212 219 42.000
380 96 42.000
331 633 42.000
644 768 42.000
253 26 42.000
708 245 42.000
418 361 42.500
481 110 46.000
94 323 46.000
57 80 46.000
639 371 46.000
181 231 46.000
694 673 46.000
610 553 46.000
958 92 46.333
351 504 46.500
666 542 46.667
327 341 46.700
493 75 46.830
860 162 46.889
337 387 47.000
754 158 47.000
41 689 47.000
961 995 47.000
588 992 47.000
733 812 47.000
206 738 47.000
622 324 47.000
210 651 47.000
277 649 47.000
523 759 47.000
676 390 47.000
43 442 47.000
273 751 47.000
46 15 47.000
50 1025 47.000
266 368 47.000
277 921 47.100
148 159 47.174
837 145 47.500
484 622 47.500
509 127 47.500
71 826 47.750
620 342 48.000
659 211 48.000
306 858 48.000
106 596 48.000
706 353 48.000
19 1036 48.000
497 255 48.000
866 714 48.000
493 825 48.000
148 969 48.000
603 510 48.000
250 919 48.000
630 949 48.000
131 803 48.000
109 972 48.000
676 109 48.120
650 686 49.000
638 271 51.000
252 530 51.000
171 10 51.500
648 486 51.810
790 730 51.833
391 491 52.000
877 73 52.000
471 196 52.000
826 687 52.000
131 236 52.000
642 463 52.000
758 37 52.000
153 591 52.000
511 576 52.000
373 327 52.000
348 176 52.000
23 491 52.000
671 337 52.000
707 887 52.000
717 930 52.000
529 990 52.000
524 580 52.000
97 254 52.000
441 208 52.000
88 34 52.000
763 410 52.000
759 518 52.000
421 52 52.000
975 930 52.000
511 177 52.136
367 928 52.222
503 57 52.500
532 970 52.500
842 825 52.500
627 1007 52.500
153 371 52.559
758 225 52.591
469 12 52.667
397 674 52.727
767 629 52.737
357 467 52.758
784 207 52.848
266 671 52.864
786 316 53.000
57 959 53.000
234 174 53.000
615 881 53.000
656 953 53.000
734 943 53.000
934 140 53.000
535 1027 53.000
639 668 53.000
413 83 53.000
311 639 53.000
173 563 53.000
181 808 53.000
545 686 53.000
592 961 53.000
266 1006 53.000
266 968 53.000
382 891 53.000
233 112 53.000
299 338 53.000
895 135 53.000
902 179 53.000
725 1035 53.000
434 469 53.000
684 978 53.000
141 631 53.000
279 867 53.000
985 361 53.000
683 151 53.000
917 500 53.000
154 379 53.000
636 749 53.000
705 646 53.000
65 384 53.000
646 756 53.000
887 943 53.000
926 406 53.000
844 754 53.000
627 296 53.208
479 911 53.250
269 691 53.333
274 855 53.353
353 956 53.500
512 835 53.500
326 159 53.500
657 535 53.583
341 462 54.000
312 554 54.000
751 796 54.000
804 558 54.000
854 260 54.000
435 13 54.000
209 187 54.000
113 195 54.000
193 232 54.000
479 681 54.000
610 486 54.000
203 931 54.000
77 493 54.000
128 177 54.000
270 153 54.000
490 550 57.500
548 248 58.000
