public_key: 340 80
r  |  s  |  time[ms]
548 579 14.000
853 615 14.000
910 750 24.857
241 167 25.000
265 65 31.000
836 600 31.442
96 606 35.750
29 784 36.000
688 871 36.000
595 271 36.000
884 84 36.000
72 316 36.000
520 560 36.500
72 51 36.667
536 714 36.750
822 145 41.000
840 603 41.000
212 406 41.000
753 164 41.500
932 178 41.500
932 660 41.562
749 1016 41.643
380 115 41.696
196 204 42.000
551 918 42.000
378 287 42.000
51 935 42.000
380 375 42.000
749 810 42.000
932 457 42.000
17 642 43.000
958 368 46.500
496 519 47.000
507 637 47.000
41 118 47.000
759 1006 47.000
588 658 47.000
206 131 47.000
216 749 47.000
622 13 47.000
327 520 47.000
327 698 47.154
666 690 47.250
493 32 47.300
429 265 47.333
860 672 47.463
837 338 47.500
956 768 47.500
230 561 47.500
484 970 47.500
277 328 47.529
148 603 47.571
935 503 47.667
630 701 48.000
988 860 48.000
337 998 48.000
850 708 48.000
961 311 48.000
733 457 48.000
860 867 48.000
148 582 48.000
676 732 48.321
71 855 48.625
826 1036 51.000
763 960 51.500
534 376 52.000
503 720 52.000
532 138 52.000
684 607 52.000
350 206 52.000
902 765 52.000
131 526 52.000
280 983 52.000
171 600 52.000
153 296 52.000
790 724 52.000
642 884 52.308
511 142 52.446
790 599 52.525
648 233 52.595
545 989 52.667
842 142 52.750
758 248 52.976
707 474 53.000
731 142 53.000
786 732 53.000
691 310 53.000
28 410 53.000
146 670 53.000
296 49 53.000
645 920 53.000
413 973 53.000
828 35 53.000
181 919 53.000
885 746 53.000
269 941 53.000
539 837 53.000
367 309 53.000
357 659 53.000
758 251 53.000
266 1022 53.000
266 427 53.000
397 541 53.000
397 15 53.000
153 829 53.000
326 951 53.000
153 567 53.000
592 835 53.111
153 609 53.167
397 829 53.250
266 280 53.289
274 1038 53.386
784 939 53.391
657 236 53.531
812 599 54.000
804 795 54.000
751 35 54.000
854 950 54.000
133 663 54.000
435 592 54.000
353 345 54.000
535 616 54.000
320 641 54.000
627 435 54.000
512 49 54.000
209 359 54.000
207 467 54.000
193 429 55.000
490 823 58.000
