public_key: 940 505
r  |  s  |  time[ms]
548 469 14.000
910 247 24.200
89 9 25.000
241 783 26.000
951 507 30.000
553 317 31.000
265 974 31.000
836 891 31.000
836 248 31.154
96 429 35.000
96 961 35.091
56 133 36.000
987 469 36.000
688 574 36.000
520 148 36.000
884 986 36.000
72 125 36.000
72 390 36.333
536 881 36.355
574 421 37.000
932 803 40.842
749 170 40.900
117 806 41.000
822 657 41.000
189 488 41.000
380 325 41.069
212 356 41.750
8 704 42.000
102 598 42.000
402 759 42.000
495 450 42.000
180 65 42.000
753 729 42.000
489 225 43.000
958 472 46.333
754 373 46.500
588 1014 46.500
206 610 46.500
917 145 46.500
327 697 46.677
622 724 46.833
148 951 46.896
277 481 46.962
860 819 46.968
248 273 47.000
481 159 47.000
988 384 47.000
727 1024 47.000
759 771 47.000
666 806 47.000
860 550 47.000
860 665 47.000
676 56 47.000
493 588 47.259
484 288 47.389
956 986 47.500
759 993 47.500
935 964 47.500
676 771 47.972
524 815 48.000
706 807 48.000
194 522 48.000
961 505 48.000
239 302 48.000
497 661 48.000
216 314 48.000
71 625 48.200
763 324 51.500
587 1034 52.000
198 161 52.000
35 969 52.000
651 938 52.000
902 494 52.000
181 1006 52.000
171 220 52.000
357 5 52.000
642 700 52.000
373 23 52.000
790 384 52.200
642 877 52.308
367 919 52.333
758 603 52.364
648 484 52.421
511 957 52.455
543 313 52.500
545 19 52.500
153 262 52.586
592 652 52.654
131 304 52.667
266 479 52.707
357 641 52.728
397 782 52.818
393 759 53.000
483 749 53.000
731 617 53.000
691 711 53.000
441 698 53.000
146 225 53.000
214 502 53.000
166 662 53.000
638 305 53.000
273 51 53.000
734 381 53.000
777 895 53.000
349 594 53.000
828 132 53.000
209 213 53.000
885 910 53.000
280 399 53.000
173 16 53.000
842 758 53.000
842 935 53.000
784 221 53.000
357 515 53.000
153 988 53.000
657 918 53.000
326 617 53.000
479 860 53.333
657 816 53.385
320 332 53.500
512 837 53.667
274 339 53.750
205 664 54.000
57 545 54.000
296 755 54.000
353 175 54.000
269 463 54.000
207 977 54.000
266 626 54.000
40 536 57.000
490 700 58.000
