public_key: 635 171
r  |  s  |  time[ms]
876 965 13.667
910 926 24.953
602 395 26.000
182 237 31.000
836 655 31.412
836 259 32.000
96 583 35.444
72 550 36.488
72 1017 36.500
635 340 37.000
536 71 37.000
380 277 41.381
932 800 41.500
749 304 41.554
361 359 42.500
327 750 47.000
493 75 47.000
277 349 47.000
170 508 47.000
666 542 47.000
531 529 47.000
53 783 47.000
782 137 47.000
327 341 47.074
860 162 47.240
917 539 47.500
277 921 47.576
148 159 47.577
484 622 47.625
650 686 48.000
676 109 48.356
71 826 48.615
71 654 49.000
676 433 49.000
23 491 52.000
758 36 52.000
642 463 52.281
790 730 52.300
648 486 52.478
511 177 52.667
665 300 52.667
367 928 52.870
758 225 52.963
367 473 53.000
820 352 53.000
671 337 53.000
926 406 53.000
348 176 53.000
636 749 53.000
269 691 53.000
518 52 53.000
373 327 53.000
357 467 53.000
153 371 53.057
592 961 53.103
784 207 53.250
397 674 53.439
299 338 53.500
657 535 53.667
274 855 53.800
326 159 54.000
479 911 54.000
207 712 54.000
266 671 54.000
