public_key: 3418 4748
r  |  s  |  time[ms]
1151 3545 63
1448 4630 56
2810 3303 69
84 3394 63
2094 2819 59
4211 3173 47
2767 934 63
3304 2667 58
2752 954 63
4277 3093 47
2232 91 63
4745 715 64
1277 2266 70
2357 2693 64
4401 215 63
1277 2266 71
2357 2693 64
3516 3764 63
4219 629 19
1929 1492 64
3347 3615 64
4700 4907 58
1474 2481 59
154 2234 58
2372 147 68
4335 2089 45
1516 2548 63
3058 1590 64
3135 794 63
536 3123 64
3058 1590 63
4496 3070 63
2487 2845 52
3496 2002 63
3958 1259 64
4489 3870 58
3304 2667 58
2752 954 63
6 1178 63
4375 526 64
4649 3531 63
3544 3538 58
2180 1402 51
4375 1458 64
2531 454 59
790 1944 53
2094 2819 58
2372 147 69
4578 270 60
4919 1739 63
2080 1739 52
3818 4290 58
2810 4243 47
151 1983 64
3797 1304 68
4031 2618 63
2080 1739 52
4745 715 63
3423 2389 63
3146 3782 57
4277 3828 70
1189 1640 51
2334 937 47
1945 4714 33
2119 1453 64
6 1178 63
3167 1226 58
1448 4630 57
4135 2738 68
2357 2693 63
3058 1590 65
1779 3055 63
4745 715 63
1402 3932 62
443 553 52
3697 1633 62
2314 1363 47
149 4602 64
4426 1334 63
4589 3105 63
601 2615 2
154 2234 58
4311 3770 62
487 2659 63
1779 3055 63
2574 4379 48
3230 2203 51
2645 4157 54
187 1530 58
2421 1209 69
2752 1655 64
3843 4428 63
2483 4797 65
84 1543 65
4401 215 63
4190 622 63
3690 4923 53
3961 968 47
1988 303 64
2335 1172 63
850 1228 64
4211 3528 70
2180 1402 53
3797 4000 51
2080 1468 52
2633 3796 62
4158 4673 64
1092 4419 63
2334 594 68
117 4554 65
4874 154 68
850 389 58
43 1571 52
4190 1362 59
4173 1056 63
2607 3459 53
1796 1265 57
2977 2324 57
151 1983 64
1561 3738 64
3608 4100 53
3081 1088 57
3583 3577 69
33 3753 57
2909 1878 58
3726 1678 69
1751 3782 63
4245 4758 63
3630 2047 63
1013 2257 64
4219 629 20
1929 1492 64
4170 2444 68
536 3123 65
3626 4882 64
418 3784 58
1988 303 64
601 2615 1
1020 660 66
20 2214 47
4726 2382 51
4031 2618 62
3165 4267 63
3797 1304 69
4031 2618 63
4745 715 63
2657 1018 48
1631 1532 52
2094 2571 65
4700 4277 59
1270 2421 52
2617 188 69
3300 4317 57
2510 4469 47
3957 3485 57
3304 2667 57
402 1197 64
2810 3303 68
4143 3201 69
4660 3686 63
4375 526 63
1402 3932 62
2510 1999 68
3058 1590 64
3162 2785 58
3253 2182 63
2364 2415 54
4701 441 40
236 3993 43
4831 4115 48
2977 824 61
4375 1458 65
4700 4277 58
3453 1080 58
4190 1362 58
601 2615 3
4275 243 31
1615 2940 58
536 3123 64
443 553 53
2483 1671 59
1219 2671 69
4311 3151 59
2372 1384 41
3253 2182 63
3076 462 30
2531 1616 63
20 2214 47
1868 3247 53
2094 2819 58
2119 3937 60
2743 1976 35
2253 4590 24
2582 4100 63
4085 464 48
732 1533 63
4324 591 64
521 2636 63
3162 902 65
694 3213 51
1561 3738 63
4062 61 64
1516 1225 64
1615 2940 59
2253 1898 24
2617 188 69
2433 2096 62
2253 1898 25
1401 729 64
2965 4398 70
2253 1898 23
127 122 64
3662 1052 68
2253 1898 25
3640 3238 57
4062 61 63
1277 2266 70
2508 4415 65
275 2253 64
4190 622 64
2189 2092 57
4245 2163 57
2094 2819 58
3359 4623 64
1314 2367 68
1449 527 65
4243 650 69
2253 1898 25
2364 4053 68
790 1944 52
2478 4129 59
2008 4487 68
4296 3505 64
476 2322 64
585 3152 65
4007 3296 58
3435 1167 37
2909 731 63
3018 1942 68
2232 901 53
732 1533 63
3878 3385 63
1151 4626 59
4324 591 64
1761 3216 51
476 2322 63
585 3152 65
4007 2547 64
2253 1898 24
2678 2642 68
3531 1611 69
679 2344 63
2560 482 64
1531 4769 57
462 4866 58
3732 1737 58
137 1407 63
4822 797 64
26 1407 62
1264 1784 64
3962 2198 52
4135 2738 68
1440 3090 58
2532 945 64
3253 2182 64
1084 741 58
2582 2907 62
3081 2060 64
1474 1292 62
3164 4632 57
2487 2845 54
3946 1811 46
1410 427 62
2253 1898 24
1270 2421 52
2253 1898 24
1196 4728 64
3496 2763 57
2769 1021 58
4340 2448 40
643 1509 64
2878 2375 68
2523 1263 63
2640 2693 58
3496 2763 57
4031 2618 63
2943 1872 60
630 2483 59
257 668 65
2456 4172 63
2253 1898 24
384 2113 68
384 2113 68
55 1098 68
1156 1748 58
1515 2135 69
4048 4571 64
3640 3238 57
4874 154 70
3581 3641 42
2253 1898 25
3843 1415 56
3732 1737 59
790 4610 69
2838 3412 64
2752 954 63
814 1913 69
3726 3626 53
3630 2718 59
4700 3722 63
396 1752 68
2253 1898 25
110 442 47
4827 1732 68
3205 2730 58
1919 2346 46
1727 4399 64
739 1852 60
1919 2346 47
4589 3105 63
2253 1898 23
21 3460 53
3058 1558 62
2523 1263 63
2189 2092 59
137 1407 63
4520 2099 65
1084 741 60
1039 298 69
4206 166 51
376 240 53
2094 2819 57
3304 1559 61
2253 1898 25
383 133 57
2180 1402 52
2767 1675 57
2878 773 51
3081 2060 65
4589 3105 64
2253 1898 24
3531 3154 17
4897 4368 51
2232 91 64
814 1913 69
1151 4626 58
1561 3738 63
2513 2262 52
4822 2804 58
1751 3782 63
3712 690 71
4401 215 63
4092 4218 64
3608 665 64
2607 3548 70
4299 424 63
154 2703 64
3517 2328 51
2019 3085 64
4248 43 65
4092 2164 58
4578 270 60
4335 3384 46
2743 1976 35
1531 4769 59
2253 1898 24
2838 4134 64
2008 4487 69
2253 1898 24
3976 3902 63
1972 2883 63
2284 2281 41
3726 3626 53
110 442 48
2253 1898 24
59 4115 62
2667 4459 68
4827 1732 70
1944 1222 63
3544 3538 58
55 1098 68
2253 1898 25
3058 1590 65
2232 901 52
3946 1811 47
4158 4673 65
2977 824 63
3018 1745 34
6 1178 63
3697 1633 63
1236 3630 63
4253 3523 70
2253 3199 24
1919 3044 69
4649 3531 65
3976 1941 64
2513 2262 51
2253 1898 24
1196 4728 64
4701 2621 68
2253 1898 24
779 1609 69
87 1289 54
507 1390 64
1092 3213 63
2253 1898 23
1474 1292 63
999 1842 52
2364 2415 54
3347 611 57
580 2629 57
133 2870 63
732 1533 64
4324 591 64
402 1197 63
1131 1665 59
2357 3775 57
1062 2700 57
3230 2203 51
2977 824 62
3640 3238 57
2335 1172 64
2667 4459 68
117 4554 64
1742 4125 70
2667 4459 69
2487 2845 53
779 1609 69
2433 4461 63
2372 1384 42
20 2214 47
2253 1898 23
2678 2642 70
4726 2382 52
1516 2548 62
4674 1725 63
2084 4109 65
197 3810 69
4363 4210 63
778 3170 59
1168 3910 63
4489 3870 58
2487 2845 53
4745 2886 59
3305 4398 52
1264 1784 62
2335 1172 63
694 3213 51
154 2703 63
4031 2618 64
580 3386 63
2253 1898 24
4363 1850 58
1904 3831 53
2824 573 69
630 2483 58
1929 1789 66
2483 1671 58
4426 1334 65
3452 2352 69
2173 2967 69
4037 1542 64
2633 3796 62
43 1571 53
2253 1898 23
4701 2621 68
778 3170 57
528 2752 65
2421 1209 67
1714 1833 41
110 442 47
2253 1898 24
643 1509 64
4848 642 64
2633 3796 63
443 4923 63
3510 2502 64
2107 807 65
59 4115 63
778 3170 58
3226 1360 70
2314 4566 70
2084 4109 64
2253 1898 25
3777 3448 63
4462 2260 62
4363 673 65
2253 1898 24
59 4115 63
1219 2671 69
1631 2780 69
1929 1492 65
402 1197 63
3779 4580 64
1148 749 57
2253 1898 23
2120 58 64
4375 526 65
942 1611 58
790 4610 70
2743 1976 35
2253 1898 25
2531 454 59
2452 381 65
3777 2395 64
2120 58 63
2253 1898 24
2388 598 46
3957 3485 57
4685 622 64
1967 2915 69
679 4210 64
1944 1222 63
59 4115 62
2253 1898 25
4726 2382 52
2253 1898 25
1131 2856 58
2032 4618 42
4190 622 63
323 1604 64
2046 2080 69
3718 3395 70
2645 4157 52
418 1692 63
451 3038 58
1264 1784 62
2421 1209 69
2523 1263 62
2640 2693 59
2120 395 57
1767 3367 53
2253 1898 24
1515 2177 51
2253 1898 23
487 3356 59
2270 857 63
4335 3384 45
366 1609 70
383 291 58
187 1530 57
739 1852 60
1084 741 60
3018 1745 35
683 4169 64
3205 2730 57
1148 749 58
3604 4477 65
1751 3782 62
4865 3417 69
1945 4714 35
2388 933 68
4726 680 68
4245 2163 60
3081 2060 65
2767 934 63
117 4554 65
1631 2780 69
20 497 47
1020 902 52
4021 4400 69
443 4923 65
3957 3485 59
2645 4157 53
4496 4390 65
3626 4882 64
2019 3085 65
3226 1360 69
3370 1296 58
2335 1172 62
1516 2548 64
2483 1671 58
4158 4673 65
2253 1898 24
3162 902 64
4133 2123 51
21 3460 52
2594 3965 52
2094 2819 59
2094 2819 58
3359 4623 64
1988 303 64
2253 1898 24
893 4070 65
2667 4459 69
1219 2671 70
2645 4157 53
2019 3085 64
2364 2415 53
3496 2763 58
3726 3626 53
2767 934 64
4037 1542 64
3423 2389 64
2253 1898 24
2594 3965 52
2503 3830 64
4872 3735 59
4578 270 60
1020 2035 53
2253 1898 25
4701 2621 68
4831 4423 69
2288 3758 69
2838 3412 66
3076 462 30
1700 2679 64
2253 1898 24
233 671 65
3531 3154 19
4822 2804 58
2314 4566 69
2687 1823 58
2487 2845 53
3640 2066 65
2508 4415 65
236 944 69
366 1609 70
2176 3948 65
2531 1616 63
2253 1898 24
151 2954 59
3946 4571 70
1561 3738 64
3018 1745 36
2474 3493 57
2335 1172 64
4474 4085 71
462 4866 59
120 3552 42
2678 2642 70
2032 4618 42
2344 3221 63
3415 455 63
2253 1898 26
1561 35 60
4173 1056 64
4701 2621 70
1534 3021 57
2253 1898 25
55 3839 48
2364 2415 55
2334 937 47
154 2703 65
1615 2940 58
3300 4307 64
790 1944 54
2253 1898 24
3510 1724 58
2743 633 71
3370 2930 63
2474 3493 57
2253 1898 24
580 2629 58
3370 1296 59
4685 3033 66
2967 3182 58
3165 4267 63
133 2067 65
1236 4541 57
2838 3412 66
3300 1768 59
1615 833 65
3442 1529 69
4914 2388 57
3531 3029 19
4048 4571 65
1739 4818 54
2253 1898 26
2019 2305 63
3997 4325 35
779 8 48
2356 1142 52
4852 4096 30
2253 1898 25
732 1533 65
2314 4566 69
4335 3384 47
3347 611 60
197 1127 53
2008 903 47
2719 1845 64
2253 1898 24
1834 4749 46
1904 3831 52
65 563 65
469 518 71
65 4374 60
2189 2092 58
4674 1337 62
3370 1296 58
2943 1872 59
2314 4566 70
2253 1898 25
3817 4416 68
2253 1898 25
2253 1898 24
451 3038 58
2943 1872 60
1208 3019 64
3688 3283 60
3811 231 53
4170 4477 52
2253 1898 25
3718 3395 71
2253 1898 26
4170 2444 70
3581 3641 43
2253 1898 26
1516 2548 65
4062 61 64
4496 4390 64
2253 1898 24
4245 2163 57
2253 1898 25
1904 3831 53
3603 693 68
46 3607 69
2253 1898 25
3817 4416 69
2253 1898 24
1739 4431 71
2253 1898 26
893 4070 66
2032 4618 41
2189 2092 58
2661 3461 52
739 4702 64
2372 1384 43
3370 2930 63
2253 1898 25
3679 3507 63
2120 395 58
2609 3475 65
3496 2763 59
2769 1021 59
4340 2448 41
2532 1125 64
2253 1898 24
4898 2447 63
1695 1845 63
59 4115 62
2253 1898 25
999 1842 53
2253 1898 24
847 1207 65
3927 3374 58
20 2214 48
2508 4415 64
2094 2819 60
1868 1604 68
1671 868 59
2119 3937 59
1020 2035 55
3423 1837 64
4898 2447 64
2253 1898 25
2253 1898 25
2008 4487 71
2253 1898 24
133 2870 65
1270 813 66
2253 1898 25
3818 4290 59
2032 772 68
1123 294 63
2253 1898 26
4311 3151 58
2008 903 47
3349 475 65
2253 1898 24
2909 731 64
1440 3090 58
580 3386 64
1448 4630 58
4129 3301 65
2253 1898 25
4031 3225 60
383 133 58
2253 1898 25
2719 1845 65
2094 2819 58
1888 3236 60
2594 3965 53
4914 2388 57
536 3123 64
1904 3831 53
133 2870 64
207 1434 64
3516 3764 64
2253 1898 25
4701 2621 70
2088 4649 37
4762 1372 52
2510 1999 69
2253 1898 25
3544 3538 59
3775 4462 59
4335 3537 71
2921 3747 42
2253 1898 24
3452 2413 42
2253 1898 26
1401 2505 63
4190 622 63
2253 1898 25
3583 1727 51
2253 1898 25
151 1983 65
4849 1215 53
3230 2082 52
1828 3154 65
3779 4580 63
2094 2819 60
630 2483 60
4090 1410 68
2253 1898 24
3726 3626 53
2253 1898 25
4363 1850 57
2288 2171 53
2253 3249 24
1945 4714 36
2253 1898 26
2253 1898 26
487 3356 60
782 3690 66
4007 2547 64
2425 1880 53
2253 1898 25
4013 2635 64
3076 462 30
712 1425 70
850 1228 65
2633 3796 62
423 218 59
55 1098 69
1148 1946 65
4173 928 61
1196 4728 65
4797 3597 53
4644 2524 64
1440 3090 58
2838 3412 65
3958 4584 53
4426 1334 64
1189 1594 70
4797 3597 53
1573 344 58
738 4062 58
184 563 65
3608 665 65
2678 2642 69
3370 1296 58
3797 1304 70
3532 3364 59
1474 2481 58
1561 3738 64
2474 3493 58
3164 3992 63
343 3996 66
3777 2395 64
3726 1678 69
630 2483 59
4872 3735 59
2594 3965 52
2720 2582 60
4863 809 66
1561 3738 63
2934 1132 65
383 406 64
4296 3505 65
3581 3641 42
3690 381 68
2531 1616 63
2851 4543 66
2667 4459 69
679 4210 63
2607 3548 68
2088 741 70
3081 2060 65
4311 3151 59
4375 1458 64
1967 2915 69
1401 2505 63
3640 2066 65
2084 4109 65
487 3356 58
4385 2260 65
2941 2997 63
87 1289 53
1123 294 65
3718 1909 47
2711 116 47
4245 4758 63
1314 867 53
4324 591 64
187 3407 63
2502 518 41
565 4542 58
2689 3069 46
236 944 70
1092 3213 65
443 4923 65
4245 2163 57
418 1692 63
3608 4100 54
1401 2505 64
110 4495 69
1328 3456 69
3496 2002 64
739 1852 59
2487 2845 53
4797 4 65
1945 3788 35
3510 1724 58
4474 3375 43
2503 3830 65
137 1407 64
1448 4630 57
4700 3722 65
4644 538 60
20 2723 70
3162 902 65
3076 2686 69
4159 4583 55
2503 2638 59
1967 2475 52
3581 3641 43
487 2659 63
3415 455 63
1919 3044 70
2456 2835 65
4768 4516 65
4318 1214 58
4723 3899 70
2743 633 69
1580 4535 67
1739 4818 52
2019 2416 64
2510 4469 46
2078 3479 63
3453 3685 65
1967 2915 68
1561 3738 64
3608 665 66
4897 4709 69
3045 56 65
694 2802 70
2107 807 64
3576 1060 65
1196 4728 66
376 299 69
3803 1193 59
3253 2044 60
487 3356 59
137 1407 64
907 1602 65
778 3384 64
1102 2740 48
3608 665 65
3745 2123 59
893 3023 65
1915 4193 60
31 3284 64
2943 1872 60
4701 2621 68
3435 3598 68
1270 813 65
3608 4100 53
2678 4365 31
1615 2940 59
847 949 60
4608 1265 57
733 4350 70
1834 4749 46
2513 4206 69
4701 2621 69
4863 2792 58
3415 3771 65
114 2447 54
4492 2828 65
4108 4578 70
4385 263 58
679 2344 64
893 4070 65
52 3755 65
4649 4468 59
3690 381 69
1767 945 68
1410 3346 64
2270 135 64
778 3170 58
3305 1232 53
1013 2257 64
3435 3598 68
3726 3626 54
4854 3743 42
4857 1454 67
4912 3764 70
2290 4393 57
376 240 54
3732 3567 63
1919 2346 48
1401 2505 63
4219 1355 71
3687 1327 63
4644 2524 65
423 321 64
3517 2328 52
1219 563 40
2532 1125 65
4474 4085 71
680 1462 64
3604 101 58
2502 1552 70
1972 2883 63
2687 786 65
4874 154 69
2607 3548 68
1084 741 59
65 4374 59
1919 2346 47
3988 94 52
2456 4172 65
4090 1410 69
536 2892 60
3442 3236 45
4855 4821 37
4173 928 61
3192 3274 52
732 83 64
2787 431 53
2107 4583 59
2107 807 64
3576 1060 65
1834 4749 48
3415 3771 66
114 2679 53
733 2204 41
462 4866 59
1919 2346 48
3162 902 66
1944 3629 65
790 4610 69
4275 1741 70
1236 4541 58
4745 715 64
3531 3154 18
3690 381 68
2027 2658 30
1402 4239 64
1945 4714 35
3058 1558 63
4092 2164 58
149 335 59
43 3366 69
1751 3782 63
2280 1184 54
1092 3213 64
3945 954 64
2119 3937 60
4914 2388 58
1410 3346 64
3167 2461 64
3435 3598 68
1739 4431 70
942 1611 59
4492 4632 58
680 955 59
4007 3296 60
942 545 66
2181 3308 69
2571 1991 35
1739 4431 69
2120 395 58
1156 1748 58
3226 1360 70
2173 2967 69
4190 3071 65
1836 4424 53
3226 1360 71
4092 2164 59
3076 462 32
4459 4137 65
3690 381 69
2756 4649 60
2253 1898 25
4364 3689 63
1131 1665 59
43 3366 69
3510 2502 64
679 4210 65
2657 1052 71
4872 3735 57
1751 3782 63
2280 3896 53
880 3249 43
280 4561 64
1080 4469 42
1151 4626 58
383 133 58
1972 2883 64
4898 1693 65
1534 3021 58
1700 1633 58
1960 2852 70
3726 3626 54
4854 3743 41
4857 1454 65
21 3460 53
4281 723 59
639 1960 64
4644 2524 64
3205 957 64
3914 1708 94
376 299 69
3803 1193 59
3209 3212 47
1189 1594 70
1227 1138 57
492 2829 64
3532 1401 64
87 1289 53
2934 1132 65
4359 3747 63
1767 945 68
149 335 59
3452 2352 70
4296 3505 65
1096 1596 64
1131 1665 59
2456 4172 62
3779 724 63
2487 2845 53
275 2684 58
2633 3211 60
4489 3590 64
814 1913 70
236 944 70
1919 2346 48
3532 1401 65
2483 4797 65
366 1609 69
3532 409 65
3076 2686 68
4159 4583 53
3516 3764 65
451 3038 58
384 2113 70
4158 1709 63
4013 1186 64
1578 4535 63
2594 3965 53
2032 772 68
2388 598 47
1182 2965 64
4275 1741 70
1767 3367 54
2508 4415 64
3435 3598 68
1131 1665 60
110 442 48
683 1846 53
4649 4468 57
2934 1132 63
4897 4709 69
3045 56 64
2934 1132 63
2088 741 70
2743 1976 35
388 2427 53
4863 2792 58
3435 3598 68
236 944 70
3958 4584 54
4277 3093 46
1751 3782 64
2280 1184 53
2503 3830 64
2105 643 59
1829 2720 59
4545 3186 46
3638 2768 64
680 955 59
733 4350 70
2594 3965 53
4170 4477 53
6 3759 59
4474 3375 41
893 4070 65
52 3755 64
1196 4728 66
2180 4527 65
2617 1882 47
487 3356 59
1972 2883 63
4335 3537 70
2921 3747 41
4865 3417 70
1922 3777 69
4700 3722 65
187 3407 64
2356 317 65
2115 2793 41
3927 2469 65
893 4070 65
2756 4649 60
4296 3505 65
1096 1596 64
1739 726 69
376 240 54
1459 588 69
580 3386 63
2456 4172 63
1168 3722 59
3167 2461 63
1092 3213 65
3945 954 65
4275 1741 71
3226 1360 71
4363 673 65
2810 4243 48
2335 1172 65
2189 2092 59
4797 3597 54
4822 2804 58
4522 1501 53
4474 4085 71
3517 2328 52
451 3038 59
2607 3548 69
3167 2461 63
6 1178 64
4142 3054 69
1459 588 69
2698 4172 64
3946 1811 49
1919 2346 47
3581 3641 43
3603 693 70
1196 4728 66
4700 3722 64
1751 1069 64
1039 298 69
149 1428 60
4700 3722 64
2487 3623 66
1615 2940 60
366 1609 70
2934 1132 64
1459 588 70
3930 3700 52
3603 693 68
3162 902 65
3423 1837 65
4726 680 69
1739 4431 69
3081 2060 66
383 133 59
4385 2260 66
1182 269 65
3510 2502 64
1078 42 43
1836 4424 53
2633 3796 62
55 1098 68
3319 655 68
1614 4779 52
56 4259 65
3167 1226 59
3517 2437 68
3976 3902 63
2436 3324 63
1754 2095 58
1127 3160 57
3797 4360 68
366 3867 25
880 3249 43
2232 901 53
4608 1797 65
127 4815 64
3726 3626 55
4854 3743 41
4857 1454 67
2433 2007 60
850 1228 64
3039 1111 64
1563 247 20
3878 3385 65
149 335 59
2909 731 64
1828 1697 59
3517 2437 68
3347 611 58
197 1127 52
1314 867 51
4914 997 57
3544 3538 59
2173 2967 69
3305 4771 68
2196 1296 64
4440 422 64
4440 1562 63
2008 4487 69
3604 288 58
3415 455 64
3415 3771 64
114 2679 53
4874 154 69
1401 2505 63
4546 4706 53
1219 2671 70
680 155 58
1352 975 64
4522 1501 54
1182 269 65
4578 270 61
3797 1304 69
384 3363 47
2508 4415 64
3718 3395 70
2513 4206 68
2719 1845 64
2720 4425 63
4768 3483 57
3442 3236 46
4855 4821 37
2617 1882 48
643 1509 64
120 2347 70
2713 4225 69
732 84 59
4277 3828 70
3927 2469 63
4660 4313 62
1352 1276 64
3957 3485 58
3818 4290 59
2080 1739 54
2508 2592 63
233 4805 64
1723 2998 64
149 335 59
4385 2260 64
3818 1014 64
1182 2965 63
1868 3247 55
2633 3796 63
55 1098 68
3275 3684 36
4245 2163 58
2909 3390 64
2046 3310 53
1449 527 65
2253 4031 69
2574 4379 49
4440 1562 63
2633 3796 62
55 1098 69
3818 1014 66
462 4866 59
1945 4714 34
2487 3623 65
3076 462 30
3275 3684 36
4385 2260 66
1039 1858 52
1151 4626 58
3370 1296 57
3253 2044 59
1401 2505 63
4440 1562 64
1092 3213 64
2838 3412 64
418 1692 64
4401 215 64
4440 422 64
4037 1542 64
4037 1542 64
4007 3296 60
4007 3296 59
4492 2828 63
4660 3686 63
3803 1193 59
3927 2469 65
36 406 42
4863 2792 60
4440 1562 63
1084 1954 65
3226 1360 70
1531 3941 64
880 3844 69
1631 2780 70
1967 2475 53
2284 3648 70
187 1530 59
4219 629 20
2088 4649 36
2810 3303 69
680 155 59
3165 4267 64
26 3530 65
2513 2262 53
2756 2897 65
137 1407 64
2412 4708 64
2645 4157 54
155 4561 68
1534 752 65
4062 61 64
2628 1530 57
1823 1520 71
4546 3293 63
36 406 42
3340 3757 70
2046 3310 54
3712 690 71
1779 3055 66
4934 2368 64
3777 2395 64
1013 438 59
778 3384 64
2838 3412 66
4170 4477 53
4578 270 60
4073 3440 69
2436 3144 59
65 563 65
462 4866 59
1945 4714 34
3510 1724 58
2046 3310 52
2120 395 58
1868 3247 54
3500 4857 64
2232 901 54
3995 4183 63
4701 2621 69
4296 3505 67
1096 1596 64
383 133 58
1714 1833 42
3018 1745 36
4644 2524 65
3697 3671 58
3638 2536 65
536 3123 64
55 4702 65
1474 1292 64
4277 3828 69
4071 241 64
3370 1296 58
3453 3685 65
1919 3044 69
414 3321 69
1615 833 64
2633 3796 63
55 1098 69
3018 1942 69
3416 1269 64
3253 2044 60
3370 1296 57
1972 2883 63
4440 1562 64
2436 3324 64
1754 2095 58
3640 3238 57
2767 934 63
2793 2489 64
253 4534 70
4489 3870 58
1929 1492 65
1561 3738 64
3608 665 65
1700 2679 63
3347 611 59
197 1127 52
366 3867 25
3205 2730 58
2767 934 64
2793 2489 62
1196 4728 66
778 3384 64
4324 591 64
1401 2505 64
1410 3346 63
366 3867 25
3205 2730 58
1459 2646 53
1148 1946 65
3319 3032 52
1919 3044 69
414 3321 69
4608 1551 65
521 2636 63
1004 3156 69
3862 2977 63
2687 1823 58
4745 715 65
3955 864 15
528 2752 65
2306 1849 59
4734 3480 54
2617 1882 48
2523 1263 63
2253 1898 24
3914 1708 93
4092 2164 58
2752 954 64
4007 3296 59
3638 2536 64
2523 1263 63
783 2990 59
2523 1263 63
487 3356 59
2934 1132 65
3300 4317 58
4007 3296 58
3018 1942 70
3416 1269 63
1401 2505 63
847 1207 64
1929 1492 66
1972 2883 63
2934 1132 65
2810 3303 71
1449 527 66
2878 2375 68
277 2403 64
4700 3722 64
1767 3367 53
3608 665 66
1084 1954 65
4912 3764 70
2594 3965 52
2032 772 69
893 3023 65
3226 1360 69
2523 1263 63
2084 1281 58
3415 3771 65
2574 4379 49
1401 2505 64
4608 1265 58
2314 4566 70
720 3044 65
1270 813 65
3603 4072 47
2296 3352 65
1972 2883 63
4092 4218 65
1742 4125 70
3162 902 66
4831 4115 49
2796 799 69
1092 4419 65
3319 3032 54
1967 2475 53
2607 3548 68
3018 1745 35
4401 1769 61
2503 2638 59
2810 3303 69
236 944 70
3039 2037 65
383 133 59
3135 794 65
1196 4728 65
2824 573 69
2224 1092 48
1761 3216 53
1677 4667 52
2687 1823 58
1742 4125 70
4644 2524 64
2356 1142 53
4173 928 62
4520 424 63
1767 3367 53
3370 1296 57
253 4534 69
2452 1150 52
4492 2828 64
850 1228 64
2989 491 70
1092 4419 64
1440 3090 58
4335 3384 47
2119 3937 58
1714 1833 42
580 3386 64
1531 3941 64
3205 2730 59
3319 3032 53
847 1207 65
2508 4415 66
3235 4246 58
4095 843 58
748 234 65
1401 2505 62
2633 3796 62
3986 564 35
733 2204 42
3305 4226 69
4275 1741 70
3517 2328 52
3726 3626 52
4854 3743 41
257 237 65
3139 3593 63
3604 4477 65
3597 573 53
2977 824 62
3797 1304 70
3319 3032 53
383 133 58
1182 2965 63
1401 2505 63
4401 1769 61
2878 2375 70
3630 2718 60
487 3356 59
443 4923 64
4275 1741 70
1966 1539 59
618 1652 64
3608 665 66
2474 2975 65
3957 3485 58
4474 4085 69
3726 3626 53
4854 3743 40
4048 4571 64
2934 1132 63
893 3023 64
1236 4541 58
2719 1845 64
149 335 59
3690 381 68
4768 3483 57
814 243 53
2456 4172 62
2314 4566 69
720 3044 65
236 944 69
1156 1748 60
4912 3764 71
110 442 48
2508 4415 64
3235 4246 59
4095 843 58
748 234 65
4700 3722 64
4299 1560 59
2720 4425 64
1919 2346 47
4726 680 69
2436 3144 60
2810 4243 47
3366 1485 64
3370 1296 59
253 4534 70
3135 794 63
2536 4560 59
3427 4898 68
893 3023 64
1277 2266 69
2119 3937 60
4865 3417 71
197 3810 69
236 944 70
20 2214 48
1972 2883 64
893 3023 64
2173 2967 69
1401 2505 62
3862 2977 63
120 3552 42
1020 2035 54
1960 1999 48
4597 4760 65
2909 731 63
3305 4398 53
3370 1296 58
1401 2505 62
1700 2679 64
2046 2080 68
1020 2035 53
2479 1161 65
4644 2524 64
2253 4031 70
1766 2101 47
1189 1594 69
1227 1138 58
492 2829 65
1270 813 65
732 84 59
56 678 54
1834 4749 47
3862 2327 63
4644 2524 64
1402 4239 64
778 3170 59
3423 2389 63
3862 2327 63
3496 2763 58
1208 3019 64
2120 395 58
2609 3475 64
2594 3965 52
2032 772 69
3851 4787 63
2483 1671 60
2767 934 63
2793 2489 64
476 2322 65
4440 1562 64
4674 1725 65
338 1034 53
2513 2262 51
253 4534 70
1988 150 57
4335 3384 46
3452 2352 71
1156 1748 59
2364 2415 55
4863 809 66
1459 2646 53
1189 1640 53
3690 381 68
2107 4583 58
942 545 65
2181 3308 69
4143 3181 53
3775 842 64
2523 2673 63
2503 2638 59
2720 2582 59
1767 3367 54
2607 3548 69
2180 1402 52
2756 2897 64
2288 2171 53
733 4350 71
2260 681 48
33 1184 65
850 1228 65
2989 491 71
1700 1633 59
2284 3648 70
3541 3702 58
1219 2671 69
4831 4115 48
2796 799 69
3139 94 63
3226 1360 69
1270 813 66
893 3023 65
4031 2618 64
209 4460 59
154 2703 64
2119 3937 59
3253 2044 58
1972 2883 63
384 3363 47
4681 4750 57
2635 3412 64
3726 3626 52
4854 3743 42
4857 1454 65
3167 1226 59
3370 1296 58
2119 3937 60
4865 3417 70
679 4210 64
487 3356 59
3777 2395 63
1761 3216 53
110 442 48
4874 3447 48
1594 2115 42
2456 4172 63
4644 2524 65
3305 4398 54
2232 901 53
3995 4183 65
2357 3775 58
2678 4365 30
2483 1671 59
3319 3032 52
4608 1265 58
3146 4842 66
3679 3507 63
2936 3280 65
2594 3965 52
2032 772 69
2088 4649 36
1270 898 66
2810 3303 69
3726 3626 53
4897 4368 52
4874 3447 48
1594 2115 42
1904 3831 52
3205 2730 58
1277 2266 69
1474 1292 65
1013 438 58
33 3753 58
4299 1560 59
4299 424 63
521 2636 63
1004 3156 70
3435 1167 37
4644 2524 64
1960 1999 47
4597 4760 66
110 442 48
2767 934 63
2793 2489 64
2678 4365 29
87 3648 69
2607 3548 70
2027 2732 69
3253 2044 58
1196 4728 66
3018 1745 36
4440 1562 65
2687 1823 60
120 3552 43
1904 3831 53
3605 3034 53
1474 1292 63
3164 3992 64
3205 2730 58
1631 2780 68
2120 395 58
2607 3548 68
3226 1360 69
1714 1833 42
2719 1845 64
2977 824 62
4048 4571 64
236 944 69
4007 2547 64
4 1313 54
2531 1616 63
3081 2060 66
1714 1833 43
4520 424 63
778 3384 64
4685 3033 66
59 4115 63
3162 902 65
4492 4632 58
2421 1209 69
4522 1501 54
1401 2505 64
3532 1401 63
1151 4626 58
3370 1296 58
3058 1558 64
4874 3447 49
1594 2115 41
4245 2163 58
1739 4431 71
1967 2915 70
3718 3395 69
462 4866 58
4401 215 65
4442 1969 58
3476 685 66
2523 1263 63
1013 2257 65
3135 794 64
2536 1701 58
3427 4898 69
2810 4243 49
3366 1485 64
4385 2260 65
3039 2037 65
3626 4882 65
3614 1497 47
1960 1999 47
383 133 58
3544 3538 57
4158 4673 65
3025 3615 70
1700 2679 65
1796 3586 65
3726 3626 53
1448 4630 57
120 3552 42
3581 3641 43
3230 1484 69
3300 4307 64
2335 1172 63
3123 3231 64
3162 902 65
3516 3764 66
3330 3825 63
4865 3417 69
2288 2171 52
2046 2080 69
591 2531 64
4245 2163 57
59 4115 63
4173 928 63
1767 945 68
1771 2459 53
4277 3093 47
1770 1469 60
4501 1253 65
1972 2883 65
4831 4423 71
1904 3831 52
4062 61 64
2628 1530 58
1823 1520 69
3164 3992 64
187 1530 59
3423 2389 63
219 3503 30
3958 1259 65
4644 2524 64
55 1098 69
2253 1898 24
4364 3689 64
2119 3937 58
383 133 58
783 2990 60
197 3810 70
3638 2768 66
3144 1481 65
2523 1263 64
4546 4706 52
149 335 59
2667 4459 70
2364 2415 55
26 1407 63
1314 2367 69
4048 4571 63
253 4534 69
3718 3395 70
3626 4882 64
1182 2965 63
2719 225 59
4705 4153 64
3162 902 64
3605 1386 65
20 2214 47
1474 1292 64
33 1184 65
2088 4649 35
4092 2164 58
3415 455 63
2510 1999 69
4701 2621 68
20 2214 48
4173 928 62
1739 4431 71
63 2680 64
4700 3722 65
3745 3181 63
1929 1492 66
2503 3830 65
1196 4728 64
2531 1616 63
2851 4543 66
2119 3937 59
2019 3085 64
2107 4583 60
3139 94 63
36 406 42
3058 1558 63
2314 4566 70
1156 2267 59
2502 518 42
4324 591 65
2912 1054 36
3927 2469 65
3076 462 30
120 3552 42
4898 2447 63
3531 3154 18
3784 825 57
3378 1450 70
4863 809 66
907 1602 65
3690 381 68
4013 1186 64
2532 945 63
4649 4468 59
3712 690 71
1156 1748 58
1156 1748 58
2080 1739 52
580 3386 64
