X cord  |  Y cord  |  time[ms]
0 596 57.0
0 4407 86.2
3 6 56.6
3 4997 68.6
4 2023 41.4
4 2980 84.2
5 1978 57.0
5 3025 58.8
7 1737 65.0
7 3266 63.4
8 340 76.4
8 4663 68.4
9 2194 84.6
9 2809 107.0
11 1320 76.4
11 3683 65.8
12 303 78.6
12 4700 45.4
13 1307 112.4
13 3696 115.0
15 1168 101.0
15 3835 93.0
17 1221 101.0
17 3782 109.6
18 1650 84.4
18 3353 65.8
22 1596 43.2
22 3407 67.2
23 165 57.0
23 4838 88.8
24 2295 86.6
24 2708 62.6
25 2128 60.2
25 2875 61.0
27 2150 59.4
27 2853 62.8
29 2411 62.6
29 2592 93.0
31 1308 96.0
31 3695 115.4
33 601 56.2
33 4402 45.4
34 1084 80.2
34 3919 92.6
35 631 56.4
35 4372 63.0
37 189 56.6
37 4814 68.6
38 2230 84.6
38 2773 111.2
39 441 56.6
39 4562 66.4
41 2098 85.2
41 2905 96.2
42 1259 96.0
42 3744 111.6
46 357 96.0
46 4646 116.8
47 1022 43.4
47 3981 91.2
48 25 56.8
48 4978 111.6
50 2039 101.0
50 2964 106.6
52 1659 84.2
52 3344 92.4
53 2074 59.8
53 2929 43.4
56 553 82.2
56 4450 116.0
58 2292 59.4
58 2711 66.0
59 201 56.8
59 4802 45.2
63 1915 89.4
63 3088 65.8
64 2357 88.4
64 2646 62.6
69 2391 58.6
69 2612 62.8
70 546 96.8
70 4457 88.6
71 1405 106.0
71 3598 80.6
73 1093 60.0
73 3910 65.8
77 2127 88.2
77 2876 111.4
78 2123 62.8
78 2880 84.2
81 2083 282.0
81 2920 87.4
83 986 80.4
83 4017 45.6
84 328 62.4
84 4675 65.8
85 1709 83.0
85 3294 102.0
86 2017 60.2
86 2986 86.0
89 1411 80.4
89 3592 85.8
90 982 105.6
90 4021 116.4
95 1521 84.4
95 3482 85.0
96 1000 101.0
96 4003 92.2
98 1954 59.8
98 3049 62.8
99 2230 39.6
99 2773 61.2
100 2003 96.0
100 3000 106.0
103 1880 76.6
103 3123 69.2
104 1000 83.2
104 4003 65.8
106 425 56.6
106 4578 112.2
107 886 101.0
107 4117 65.8
108 338 80.4
108 4665 66.0
109 2188 62.8
109 2815 43.6
112 1594 61.0
112 3409 84.4
115 14 95.8
115 4989 92.0
116 101 56.6
116 4902 116.0
118 312 56.2
118 4691 68.6
120 2094 43.6
120 2909 106.6
123 0 54.6
124 530 37.2
124 4473 84.8
125 2094 79.2
125 2909 42.2
126 995 59.0
126 4008 89.4
127 1004 60.6
127 3999 84.8
128 653 96.0
128 4350 88.6
129 236 59.4
129 4767 64.0
131 1981 39.2
131 3022 61.2
134 1075 96.0
134 3928 92.4
135 2320 56.8
135 2683 62.0
136 65 56.8
136 4938 116.0
137 2164 65.2
137 2839 84.4
139 2334 63.0
139 2669 89.8
140 2298 80.4
140 2705 63.2
144 273 58.4
144 4730 64.8
148 831 80.0
148 4172 65.8
149 1641 37.4
149 3362 88.0
150 451 59.2
150 4552 92.4
152 3 95.6
152 5000 92.4
154 917 63.4
154 4086 65.2
157 2461 64.8
157 2542 62.4
158 1876 56.8
158 3127 106.0
160 2295 80.4
160 2708 84.6
162 663 77.8
162 4340 111.6
163 59 56.2
163 4944 68.4
166 792 56.8
166 4211 64.6
167 1482 107.6
167 3521 64.2
168 263 38.2
168 4740 85.8
169 2412 106.0
169 2591 85.2
173 693 56.8
173 4310 62.2
176 724 56.6
176 4279 62.2
178 438 37.2
178 4565 111.6
181 1853 81.0
181 3150 66.0
183 72 59.4
183 4931 88.0
184 1865 65.8
184 3138 85.4
185 643 37.2
185 4360 64.2
187 609 56.2
187 4394 92.2
188 1869 84.2
188 3134 106.0
189 2000 59.8
189 3003 79.8
190 2317 65.2
190 2686 59.4
191 2413 41.2
191 2590 63.8
192 2137 86.8
192 2866 59.6
195 1514 65.6
195 3489 111.0
196 2346 76.0
196 2657 62.4
197 1977 37.2
197 3026 62.0
198 385 37.4
198 4618 63.8
202 167 56.8
202 4836 92.2
205 1413 111.0
205 3590 63.0
207 2281 86.8
207 2722 43.6
209 1648 78.8
209 3355 112.0
211 818 82.6
211 4185 88.8
212 1405 96.0
212 3598 65.2
215 1454 60.0
215 3549 89.0
217 2264 80.4
217 2739 78.2
219 2000 62.6
219 3003 111.0
227 637 101.2
227 4366 116.0
229 1841 80.4
229 3162 67.8
230 464 59.6
230 4539 65.6
231 2250 84.2
231 2753 66.6
232 831 106.0
232 4172 69.0
233 85 60.4
233 4918 69.0
234 1656 60.4
234 3347 63.8
236 1905 63.4
236 3098 39.2
237 1642 100.6
237 3361 116.0
238 1505 62.2
238 3498 41.2
239 1070 100.4
239 3933 80.2
240 756 57.2
240 4247 87.8
241 1843 111.0
241 3160 84.4
242 282 76.2
242 4721 116.0
243 1489 80.2
243 3514 68.6
244 1206 59.2
244 3797 92.4
245 2394 41.2
245 2609 60.2
249 2349 65.2
249 2654 63.0
252 533 56.6
252 4470 45.2
253 2023 61.8
253 2980 65.4
256 1856 79.8
256 3147 88.0
257 1983 65.6
257 3020 80.2
258 1510 62.2
258 3493 84.4
262 768 59.4
262 4235 62.6
265 1373 59.0
265 3630 84.4
266 1357 82.6
266 3646 111.2
267 1975 84.4
267 3028 111.0
268 336 76.6
268 4667 68.6
269 489 57.0
269 4514 65.2
270 2169 85.4
270 2834 96.8
275 2103 84.0
275 2900 93.0
276 929 57.0
276 4074 63.6
277 1534 82.0
277 3469 61.6
279 840 78.4
279 4163 65.8
285 1429 43.6
285 3574 63.6
287 2089 107.0
287 2914 84.8
288 897 63.0
288 4106 90.2
289 1102 60.6
289 3901 89.4
290 1890 80.6
290 3113 43.4
291 321 79.4
291 4682 116.8
292 1378 96.4
292 3625 89.0
293 1687 39.6
293 3316 61.8
294 112 58.4
294 4891 45.4
296 946 108.6
296 4057 68.4
302 2132 37.4
302 2871 62.4
304 607 39.6
304 4396 63.8
305 35 79.4
305 4968 64.8
308 1361 80.2
308 3642 65.0
311 802 88.8
311 4201 66.2
312 2166 59.8
312 2837 85.2
314 1361 81.0
314 3642 111.8
316 683 76.8
316 4320 93.0
317 2032 87.8
317 2971 63.2
322 1704 96.0
322 3299 106.4
324 1115 66.0
324 3888 111.2
326 785 82.6
326 4218 116.8
327 74 56.6
327 4929 45.4
329 1674 103.8
329 3329 65.2
334 2243 65.4
334 2760 92.6
336 601 57.8
336 4402 68.8
337 246 60.0
337 4757 113.2
338 2184 63.0
338 2819 107.0
342 956 60.4
342 4047 109.2
347 240 101.6
347 4763 65.8
348 418 57.0
348 4585 66.4
355 1172 61.2
355 3831 66.0
356 1506 80.0
356 3497 86.0
357 2421 84.6
357 2582 59.8
358 1154 41.6
358 3849 87.4
359 1372 37.6
359 3631 60.2
360 982 65.6
360 4021 59.8
361 153 76.4
361 4850 68.8
362 1613 60.2
362 3390 112.0
363 1728 77.0
363 3275 60.4
365 2452 61.4
365 2551 76.8
367 950 80.4
367 4053 88.8
372 790 59.8
372 4213 43.6
375 1722 82.6
375 3281 66.4
376 1372 79.6
376 3631 112.0
378 1879 56.8
378 3124 43.6
379 2459 61.6
379 2544 89.4
380 2157 62.8
380 2846 85.2
383 63 56.8
383 4940 88.4
384 778 60.2
384 4225 86.2
385 1755 80.8
385 3248 63.2
387 1401 58.6
387 3602 88.8
389 2387 112.0
389 2616 80.8
390 1263 57.0
390 3740 66.4
391 1165 61.2
391 3838 85.0
393 1454 56.2
393 3549 62.6
394 2425 64.4
394 2578 102.8
395 2057 89.0
395 2946 65.8
396 1822 106.8
396 3181 84.4
397 290 57.2
397 4713 63.0
399 1965 63.8
399 3038 105.8
400 786 76.2
400 4217 88.4
402 661 80.4
402 4342 92.8
403 1222 41.6
403 3781 65.0
404 1156 60.6
404 3847 64.8
407 561 62.6
407 4442 89.4
408 1459 62.8
408 3544 89.0
410 2078 88.4
410 2925 111.0
412 551 77.0
412 4452 64.8
414 2134 76.4
414 2869 57.0
416 1855 79.2
416 3148 59.6
418 1506 63.4
418 3497 105.6
423 568 101.0
423 4435 111.0
424 464 56.4
424 4539 45.4
427 209 60.6
427 4794 111.6
430 892 96.0
430 4111 88.4
431 1293 106.0
431 3710 106.4
432 1409 96.2
432 3594 62.8
436 1041 39.6
436 3962 65.2
437 784 76.4
437 4219 116.4
438 1389 58.2
438 3614 83.2
439 1993 105.8
439 3010 82.6
442 1025 59.8
442 3978 43.6
444 2048 63.8
444 2955 64.2
448 2396 62.8
448 2607 111.0
450 2360 60.2
450 2643 61.8
453 1487 84.0
453 3516 62.6
454 968 88.4
454 4035 91.0
455 2434 111.6
455 2569 88.6
456 1189 78.8
456 3814 84.4
457 2010 65.8
457 2993 63.2
458 1941 80.6
458 3062 45.2
460 2416 103.6
460 2587 65.8
466 941 41.4
466 4062 66.0
467 1682 88.4
467 3321 111.2
468 757 101.0
468 4246 88.8
470 687 76.0
470 4316 45.6
474 1034 79.8
474 3969 63.2
475 1883 59.8
475 3120 88.4
476 191 58.2
476 4812 68.6
481 1836 65.8
481 3167 80.4
482 1300 96.2
482 3703 83.8
485 1746 80.2
485 3257 92.6
486 271 37.2
486 4732 87.8
490 2411 87.6
490 2592 106.0
491 645 57.6
491 4358 85.2
495 1073 62.2
495 3930 110.8
496 726 106.0
496 4277 111.0
497 785 96.2
497 4218 88.2
498 619 56.6
498 4384 92.4
499 2354 106.6
499 2649 106.0
500 960 56.2
500 4043 92.4
502 1335 101.0
502 3668 60.2
504 1095 109.4
504 3908 65.8
505 1165 60.0
505 3838 86.0
506 770 58.4
506 4233 88.8
507 2480 85.0
507 2523 63.6
510 1115 101.0
510 3888 464.6
513 1653 89.0
513 3350 105.8
516 286 57.0
516 4717 87.8
517 1301 59.2
517 3702 68.8
518 886 77.2
518 4117 89.0
519 936 61.0
519 4067 65.6
520 2150 102.0
520 2853 88.4
521 1305 106.0
521 3698 116.0
524 51 80.6
524 4952 88.8
525 2356 65.2
525 2647 65.2
527 1101 84.2
527 3902 67.0
531 2106 60.6
531 2897 106.6
532 1642 59.8
532 3361 61.4
533 869 59.4
533 4134 79.6
536 120 57.0
536 4883 87.6
537 357 59.2
537 4646 65.4
539 488 39.2
539 4515 84.6
542 189 57.0
542 4814 87.6
544 964 76.0
544 4039 84.2
545 1729 106.0
545 3274 85.2
549 1399 80.6
549 3604 108.8
552 841 100.8
552 4162 43.2
554 1532 87.8
554 3471 61.6
556 953 84.2
556 4050 59.4
560 1021 77.2
560 3982 88.0
563 1284 59.8
563 3719 92.2
564 2143 66.0
564 2860 65.4
566 1485 78.8
566 3518 88.2
567 1885 88.0
567 3118 62.6
568 687 76.4
568 4316 63.4
570 2323 107.6
570 2680 62.2
574 893 101.0
574 4110 62.2
576 2260 56.4
576 2743 56.4
579 1622 88.0
579 3381 61.6
581 1392 57.8
581 3611 85.2
582 188 61.0
582 4815 116.0
583 1356 56.8
583 3647 84.6
587 507 56.6
587 4496 45.0
588 1534 82.4
588 3469 64.8
589 11 57.2
589 4992 111.4
593 674 101.0
593 4329 65.8
596 662 76.8
596 4341 115.8
600 41 76.0
600 4962 68.6
603 31 56.8
603 4972 69.2
604 1592 81.6
604 3411 88.4
605 2242 84.6
605 2761 87.0
607 1406 76.6
607 3597 111.6
608 335 96.2
608 4668 92.2
610 1644 56.2
610 3359 88.4
613 244 96.4
613 4759 67.8
614 868 60.2
614 4135 92.4
617 732 56.4
617 4271 88.6
621 1968 59.2
621 3035 65.6
622 2369 65.8
622 2634 63.4
625 2090 84.2
625 2913 59.8
626 1012 57.0
626 3991 66.6
635 2033 81.4
635 2970 41.4
636 248 97.8
636 4755 116.0
637 2148 96.0
637 2855 65.0
640 152 76.6
640 4851 68.6
642 1808 80.6
642 3195 69.0
643 2386 82.6
643 2617 111.4
645 432 56.6
645 4571 92.6
646 645 85.0
646 4358 112.0
647 703 80.8
647 4300 65.8
648 1842 60.4
648 3161 111.2
649 942 79.0
649 4061 111.0
650 1720 96.0
650 3283 69.4
651 2028 89.0
651 2975 76.8
654 2305 102.6
654 2698 106.0
655 452 77.8
655 4551 91.4
658 1467 56.8
658 3536 84.8
659 1121 76.4
659 3882 69.2
660 872 99.8
660 4131 65.8
661 1060 84.6
661 3943 111.4
664 2279 65.8
664 2724 62.8
669 2347 64.6
669 2656 82.0
672 1400 80.2
672 3603 45.0
675 1929 63.8
675 3074 65.6
676 1830 62.8
676 3173 106.4
678 843 56.8
678 4160 68.6
679 22 37.6
679 4981 64.4
683 48 61.0
683 4955 88.0
684 662 58.6
684 4341 91.6
685 113 56.4
685 4890 45.2
686 2428 62.0
686 2575 88.4
687 1275 39.0
687 3728 65.0
690 153 96.4
690 4850 68.8
691 313 38.6
691 4690 113.0
693 1233 105.4
693 3770 60.4
694 1203 59.8
694 3800 89.4
695 1939 68.4
695 3064 66.4
697 1759 107.6
697 3244 68.4
698 1422 56.6
698 3581 63.2
703 2245 106.4
703 2758 62.2
704 584 77.0
704 4419 111.6
708 582 80.8
708 4421 92.6
709 314 56.6
709 4689 68.8
710 1286 85.0
710 3717 80.4
714 702 39.4
714 4301 63.8
716 1732 82.0
716 3271 66.4
717 85 99.0
717 4918 92.4
718 1509 41.2
718 3494 66.2
722 2462 80.8
722 2541 84.6
723 590 97.0
723 4413 88.8
729 1969 110.2
729 3034 62.6
730 235 57.2
730 4768 116.8
735 298 57.4
735 4705 112.0
737 1845 101.8
737 3158 63.2
738 2421 81.4
738 2582 111.6
739 288 76.2
739 4715 69.6
742 2212 89.4
742 2791 105.8
744 18 96.0
744 4985 69.2
746 681 79.8
746 4322 63.2
748 1229 97.6
748 3774 65.8
750 242 76.2
750 4761 93.4
753 924 60.2
753 4079 69.2
755 522 76.6
755 4481 68.6
756 821 56.6
756 4182 93.0
757 67 56.8
757 4936 69.2
758 122 80.0
758 4881 69.0
760 2062 83.8
760 2941 64.0
764 230 78.8
764 4773 61.2
767 670 60.6
767 4333 112.6
771 530 76.4
771 4473 90.4
772 957 98.6
772 4046 84.6
777 2355 76.4
777 2648 68.6
779 2299 80.6
779 2704 68.6
780 2117 76.4
780 2886 88.4
781 633 56.6
781 4370 61.8
782 1057 77.8
782 3946 66.0
785 1122 76.6
785 3881 68.8
786 2419 62.8
786 2584 84.8
788 377 103.8
788 4626 69.2
791 136 99.8
791 4867 66.4
792 1819 84.8
792 3184 69.2
794 2005 86.2
794 2998 62.8
796 2374 65.4
796 2629 84.8
801 382 96.0
801 4621 65.6
802 130 76.2
802 4873 92.6
803 2373 56.4
803 2630 41.4
806 222 78.4
806 4781 86.0
808 524 59.8
808 4479 69.4
809 222 62.8
809 4781 65.6
810 812 103.8
810 4191 66.2
812 54 59.0
812 4949 69.2
816 863 82.2
816 4140 86.2
817 1818 59.8
817 3185 88.6
818 497 79.4
818 4506 111.6
819 1472 80.6
819 3531 84.8
820 95 56.2
820 4908 68.4
822 1293 81.0
822 3710 63.8
824 598 78.8
824 4405 92.4
827 1819 81.4
827 3184 62.8
832 277 79.2
832 4726 69.0
833 1015 80.8
833 3988 85.0
834 1328 56.6
834 3675 68.2
835 1448 65.6
835 3555 63.2
837 901 102.6
837 4102 93.0
839 1433 106.8
839 3570 93.0
843 1731 101.0
843 3272 62.6
844 2234 88.6
844 2769 111.0
845 32 56.2
845 4971 93.0
848 106 76.2
848 4897 68.4
849 1160 57.6
849 3843 65.2
850 116 56.6
850 4887 68.8
851 1276 60.0
851 3727 79.6
852 486 77.0
852 4517 88.2
854 1027 57.2
854 3976 88.4
856 2264 82.8
856 2739 56.8
857 1076 60.0
857 3927 65.8
858 41 76.4
858 4962 92.2
861 37 75.8
861 4966 68.8
864 1685 43.6
864 3318 91.4
866 1712 80.6
866 3291 41.6
868 1635 61.2
868 3368 88.4
869 1053 37.4
869 3950 62.6
871 1632 61.0
871 3371 93.4
874 514 79.8
874 4489 66.4
878 84 59.4
878 4919 69.0
879 1537 83.8
879 3466 92.2
880 548 80.2
880 4455 68.6
881 1325 40.0
881 3678 103.6
882 479 96.0
882 4524 116.0
883 2222 84.2
883 2781 62.6
884 458 96.0
884 4545 92.0
885 592 59.4
885 4411 43.6
886 285 79.0
886 4718 68.4
887 1004 80.0
887 3999 45.4
890 677 82.8
890 4326 92.0
891 2002 76.4
891 3001 116.0
893 349 59.4
893 4654 68.4
895 1100 84.4
895 3903 68.8
896 473 76.4
896 4530 116.0
901 1558 78.4
901 3445 80.4
902 1531 61.2
902 3472 41.2
904 1076 60.6
904 3927 65.0
906 1807 39.6
906 3196 86.0
909 1798 62.8
909 3205 62.8
911 991 81.6
911 4012 62.4
912 2374 88.2
912 2629 88.2
913 908 79.2
913 4095 69.2
914 1154 82.8
914 3849 85.2
915 764 58.4
915 4239 63.4
918 2262 63.6
918 2741 62.4
919 1640 112.6
919 3363 61.8
920 508 96.4
920 4495 92.2
922 139 56.8
922 4864 69.2
924 2058 64.0
924 2945 41.6
927 1749 80.6
927 3254 65.6
928 657 95.6
928 4346 62.2
931 808 56.4
931 4195 88.4
934 2451 65.8
934 2552 85.6
935 1539 76.4
935 3464 45.6
936 257 79.8
936 4746 68.4
937 340 37.2
937 4663 87.8
939 1638 60.0
939 3365 58.8
940 1643 56.6
940 3360 84.0
942 112 60.4
942 4891 68.4
943 1436 37.2
943 3567 87.8
944 1366 56.2
944 3637 80.4
947 1791 62.8
947 3212 64.0
948 132 37.4
948 4871 83.4
949 1718 76.4
949 3285 116.0
952 2121 56.4
952 2882 106.0
953 1318 101.0
953 3685 62.4
958 1387 95.6
958 3616 107.8
961 1570 39.0
961 3433 81.8
965 1217 84.4
965 3786 68.0
967 909 84.8
967 4094 116.0
968 1797 106.0
968 3206 62.2
969 1731 88.2
969 3272 92.4
970 1930 62.8
970 3073 63.8
971 1246 37.4
971 3757 84.6
975 895 76.0
975 4108 61.8
977 1014 108.4
977 3989 116.0
983 1439 84.2
983 3564 84.2
984 1196 56.2
984 3807 68.4
985 2436 84.4
985 2567 58.0
987 1941 61.8
987 3062 43.0
988 1051 81.8
988 3952 89.2
989 306 96.6
989 4697 68.6
991 1504 37.4
991 3499 81.8
995 285 76.4
995 4718 68.8
997 1116 60.0
997 3887 45.2
998 1345 60.2
998 3658 62.2
999 907 60.2
999 4096 65.2
1001 1206 59.4
1001 3797 92.0
1002 214 37.4
1002 4789 107.4
1006 1911 65.8
1006 3092 81.6
1009 2097 62.6
1009 2906 65.4
1011 471 76.6
1011 4532 116.0
1012 323 96.0
1012 4680 92.4
1013 627 60.0
1013 4376 107.4
1016 1898 62.6
1016 3105 64.4
1017 744 60.0
1017 4259 86.4
1019 786 76.6
1019 4217 64.2
1020 2452 62.4
1020 2551 43.2
1021 33 58.2
1021 4970 64.0
1023 463 37.2
1023 4540 87.6
1027 185 96.8
1027 4818 68.8
1031 2199 85.4
1031 2804 65.8
1032 1691 81.6
1032 3312 114.0
1033 95 57.0
1033 4908 68.4
1034 248 56.8
1034 4755 68.8
1035 2239 116.0
1035 2764 84.6
1039 829 101.2
1039 4174 110.6
1041 1471 86.2
1041 3532 43.4
1044 1024 78.6
1044 3979 92.8
1048 714 79.4
1048 4289 68.0
1049 788 61.0
1049 4215 65.2
1050 1779 79.6
1050 3224 84.0
1054 2084 111.2
1054 2919 87.8
1055 441 58.8
1055 4562 88.6
1056 2003 62.2
1056 3000 65.2
1058 1164 84.6
1058 3839 68.2
1061 1607 58.6
1061 3396 65.8
1062 65 37.4
1062 4938 87.6
1063 703 77.0
1063 4300 64.6
1064 1281 92.2
1064 3722 65.6
1066 2500 84.2
1066 2503 43.4
1067 1698 107.2
1067 3305 62.6
1070 2405 59.0
1070 2598 89.2
1072 1796 59.6
1072 3207 43.2
1073 2325 84.4
1073 2678 43.4
1074 328 79.4
1074 4675 92.6
1075 1245 56.2
1075 3758 92.4
1076 2357 88.2
1076 2646 82.6
1077 2483 96.2
1077 2520 109.4
1079 778 80.6
1079 4225 88.8
1081 1259 56.8
1081 3744 65.4
1082 2290 102.8
1082 2713 63.0
1084 1654 84.2
1084 3349 69.2
1086 537 499.6
1086 4466 89.8
1087 2275 62.2
1087 2728 68.4
1088 523 57.2
1088 4480 93.4
1090 291 80.4
1090 4712 67.4
1091 8 76.2
1091 4995 69.4
1092 1452 61.2
1092 3551 85.6
1094 1211 60.8
1094 3792 64.2
1095 1526 87.2
1095 3477 63.2
1096 22 58.4
1096 4981 45.4
1097 1561 83.8
1097 3442 86.8
1100 1255 82.4
1100 3748 45.2
1102 619 82.2
1102 4384 69.2
1103 1876 62.0
1103 3127 41.6
1104 135 57.6
1104 4868 92.8
1106 1281 84.6
1106 3722 88.8
1107 2434 56.4
1107 2569 41.2
1109 433 79.8
1109 4570 69.0
1111 407 98.0
1111 4596 69.2
1112 1227 61.6
1112 3776 89.0
1114 391 77.2
1114 4612 65.8
1115 792 275.8
1115 4211 43.2
1117 837 64.0
1117 4166 114.0
1118 2222 59.6
1118 2781 66.0
1120 2015 43.4
1120 2988 109.0
1122 1617 80.4
1122 3386 89.0
1125 2483 81.4
1125 2520 86.0
1126 172 76.4
1126 4831 116.6
1131 382 39.4
1131 4621 113.4
1133 1020 101.6
1133 3983 93.0
1134 2154 65.4
1134 2849 102.0
1135 1686 56.4
1135 3317 45.2
1136 1363 86.4
1136 3640 111.8
1137 1525 63.2
1137 3478 64.0
1138 2336 37.4
1138 2667 104.0
1139 2281 82.6
1139 2722 99.8
1140 2420 41.2
1140 2583 84.4
1142 1530 80.6
1142 3473 65.6
1143 913 81.0
1143 4090 92.8
1148 724 101.2
1148 4279 65.4
1149 1120 77.0
1149 3883 68.6
1150 18 76.0
1150 4985 45.4
1151 1984 86.8
1151 3019 62.6
1153 1849 102.0
1153 3154 88.8
1158 150 57.2
1158 4853 64.6
1159 2162 86.6
1159 2841 82.0
1161 1835 76.4
1161 3168 43.4
1162 2039 59.6
1162 2964 85.0
1163 370 57.4
1163 4633 88.2
1164 2096 61.4
1164 2907 78.4
1166 919 76.2
1166 4084 92.4
1168 2078 65.2
1168 2925 89.0
1169 972 104.2
1169 4031 112.0
1170 941 57.2
1170 4062 112.0
1171 2132 106.0
1171 2871 117.0
1172 2119 81.0
1172 2884 85.0
1173 323 77.4
1173 4680 45.2
1174 2263 64.6
1174 2740 102.2
1175 908 84.6
1175 4095 104.4
1178 170 60.2
1178 4833 65.2
1182 1097 60.4
1182 3906 89.0
1183 1795 62.8
1183 3208 85.0
1190 920 105.2
1190 4083 68.4
1195 1300 260.2
1195 3703 112.0
1196 2051 81.8
1196 2952 85.2
1197 2077 101.2
1197 2926 93.4
1198 28 80.0
1198 4975 92.8
1199 2423 62.8
1199 2580 63.4
1200 1582 80.2
1200 3421 88.6
1203 1798 96.6
1203 3205 62.4
1204 839 76.4
1204 4164 68.4
1206 2044 65.6
1206 2959 43.6
1207 1049 61.8
1207 3954 61.6
1209 9 58.0
1209 4994 68.4
1210 729 38.4
1210 4274 84.8
1211 1005 80.2
1211 3998 106.2
1213 1286 63.0
1213 3717 90.2
1215 2383 59.8
1215 2620 79.6
1216 158 56.6
1216 4845 69.2
1220 1301 102.0
1220 3702 59.4
1221 1216 81.6
1221 3787 108.0
1227 1738 64.2
1227 3265 85.2
1228 2095 65.2
1228 2908 65.6
1232 1527 58.6
1232 3476 117.0
1233 1878 59.4
1233 3125 92.2
1234 383 96.0
1234 4620 69.2
1236 2254 64.0
1236 2749 80.4
1237 1918 101.0
1237 3085 65.8
1239 109 96.0
1239 4894 116.2
1242 1053 57.2
1242 3950 60.6
1245 107 58.4
1245 4896 63.6
1246 1804 58.8
1246 3199 112.0
1249 917 101.0
1249 4086 92.8
1251 1878 99.6
1251 3125 106.0
1259 1157 82.2
1259 3846 113.0
1262 2151 84.6
1262 2852 101.0
1264 1384 80.8
1264 3619 85.4
1269 1854 56.6
1269 3149 62.6
1270 1841 59.6
1270 3162 111.6
1272 809 76.0
1272 4194 68.4
1274 593 76.0
1274 4410 88.6
1277 1512 61.0
1277 3491 65.0
1281 404 96.0
1281 4599 92.2
1283 1634 38.4
1283 3369 84.8
1286 509 84.4
1286 4494 116.6
1287 215 75.8
1287 4788 67.6
1289 2389 84.2
1289 2614 63.0
1291 1892 59.8
1291 3111 83.0
1293 1707 59.8
1293 3296 61.4
1294 582 101.0
1294 4421 116.0
1295 2355 101.0
1295 2648 67.8
1296 985 62.6
1296 4018 111.0
1300 235 96.0
1300 4768 64.6
1302 1107 56.6
1302 3896 88.0
1303 1524 65.6
1303 3479 69.0
1305 1343 62.4
1305 3660 108.8
1307 1344 106.0
1307 3659 84.6
1308 1936 108.4
1308 3067 43.0
1309 784 60.4
1309 4219 112.6
1310 24 76.4
1310 4979 68.4
1311 1937 59.2
1311 3066 40.8
1313 147 58.0
1313 4856 65.6
1318 338 76.2
1318 4665 111.6
1320 1733 60.4
1320 3270 92.4
1321 900 57.0
1321 4103 64.0
1322 2229 111.0
1322 2774 86.4
1324 2402 60.2
1324 2601 103.0
1325 1686 37.2
1325 3317 60.6
1328 336 96.0
1328 4667 92.0
1330 509 81.0
1330 4494 111.0
1335 2492 106.0
1335 2511 62.4
1339 2367 66.6
1339 2636 88.6
1341 1698 60.4
1341 3305 65.6
1343 909 96.4
1343 4094 62.2
1344 1892 82.2
1344 3111 116.0
1346 752 100.0
1346 4251 92.4
1349 482 96.0
1349 4521 111.0
1351 2007 59.6
1351 2996 59.4
1353 2177 82.8
1353 2826 84.2
1354 1255 101.6
1354 3748 62.8
1355 1160 83.8
1355 3843 89.0
1356 670 80.4
1356 4333 45.0
1360 1919 60.0
1360 3084 61.6
1366 1613 37.2
1366 3390 57.6
1368 553 76.4
1368 4450 108.0
1370 1916 63.2
1370 3087 86.6
1371 17 76.4
1371 4986 483.8
1372 510 58.2
1372 4493 68.4
1373 1620 84.2
1373 3383 88.2
1377 1579 37.0
1377 3424 81.6
1379 2190 62.4
1379 2813 92.2
1380 504 101.2
1380 4499 65.8
1383 816 82.0
1383 4187 68.6
1386 1756 63.2
1386 3247 86.6
1389 899 60.0
1389 4104 68.2
1391 220 80.6
1391 4783 68.0
1393 598 37.4
1393 4405 63.6
1394 1402 76.2
1394 3601 93.0
1395 1147 109.2
1395 3856 88.6
1396 306 84.6
1396 4697 116.2
1398 1838 65.6
1398 3165 39.0
1400 1222 76.8
1400 3781 64.6
1401 1212 80.0
1401 3791 62.4
1402 2312 41.6
1402 2691 85.2
1403 68 96.4
1403 4935 112.0
1404 425 96.2
1404 4578 88.6
1406 1649 59.6
1406 3354 86.2
1407 1166 88.6
1407 3837 81.4
1412 1641 59.0
1412 3362 84.2
1418 2116 76.0
1418 2887 62.2
1419 730 37.6
1419 4273 82.0
1420 2389 116.4
1420 2614 62.6
1421 1468 106.4
1421 3535 63.2
1423 63 76.4
1423 4940 68.6
1424 1364 62.8
1424 3639 80.8
1428 2256 85.8
1428 2747 102.4
1429 648 96.8
1429 4355 67.4
1430 1299 98.4
1430 3704 88.6
1432 1545 105.4
1432 3458 102.6
1433 2167 84.4
1433 2836 63.0
1436 110 98.4
1436 4893 116.0
1437 2144 88.6
1437 2859 43.2
1440 2193 64.4
1440 2810 65.6
1441 885 96.0
1441 4118 116.6
1444 1628 76.4
1444 3375 111.0
1445 600 84.8
1445 4403 106.6
1447 2234 62.8
1447 2769 62.0
1451 590 59.2
1451 4413 116.2
1453 2195 58.6
1453 2808 59.8
1455 2299 106.6
1455 2704 88.2
1456 504 77.0
1456 4499 108.2
1459 2237 101.8
1459 2766 107.0
1463 1894 104.2
1463 3109 106.6
1465 907 57.2
1465 4096 116.8
1466 2193 101.6
1466 2810 65.8
1468 1462 59.4
1468 3541 61.2
1473 1739 97.0
1473 3264 100.8
1474 1464 59.2
1474 3539 93.0
1478 538 76.6
1478 4465 69.4
1481 2373 108.2
1481 2630 106.2
1485 551 57.0
1485 4452 84.8
1486 2386 41.2
1486 2617 64.6
1489 1424 61.2
1489 3579 41.2
1490 1002 81.8
1490 4001 45.2
1492 1984 59.8
1492 3019 63.2
1493 260 60.2
1493 4743 89.2
1495 1849 106.8
1495 3154 65.6
1496 1626 62.2
1496 3377 89.8
1501 424 101.0
1501 4579 88.4
1503 2465 92.6
1503 2538 84.4
1506 217 76.4
1506 4786 68.4
1510 1458 62.6
1510 3545 59.8
1511 711 57.8
1511 4292 110.0
1512 1482 106.4
1512 3521 82.8
1514 1303 77.0
1514 3700 85.0
1515 710 59.6
1515 4293 66.0
1516 962 79.0
1516 4041 107.0
1517 1310 56.4
1517 3693 69.4
1520 1950 108.4
1520 3053 80.8
1522 1412 77.8
1522 3591 65.6
1523 49 56.8
1523 4954 63.8
1527 1719 62.6
1527 3284 43.2
1529 839 59.0
1529 4164 93.0
1533 2350 60.2
1533 2653 61.0
1538 2123 65.8
1538 2880 59.8
1542 1246 76.6
1542 3757 89.0
1546 1756 78.2
1546 3247 107.0
1547 2396 59.6
1547 2607 41.2
1551 1592 59.8
1551 3411 41.2
1553 1011 60.0
1553 3992 86.2
1556 2480 62.4
1556 2523 58.0
1560 2298 82.6
1560 2705 100.6
1564 2392 106.6
1564 2611 61.2
1565 963 80.8
1565 4040 93.0
1568 170 96.0
1568 4833 69.2
1569 6 59.8
1569 4997 68.6
1575 1049 39.4
1575 3954 85.0
1578 1353 60.2
1578 3650 60.8
1581 608 76.4
1581 4395 68.8
1584 2293 63.4
1584 2710 64.6
1585 1274 101.4
1585 3729 88.8
1586 243 57.0
1586 4760 112.4
1587 1902 101.8
1587 3101 65.6
1589 942 56.4
1589 4061 92.6
1590 763 59.4
1590 4240 112.0
1591 2077 84.4
1591 2926 65.4
1593 243 37.4
1593 4760 87.8
1594 1226 85.0
1594 3777 92.6
1596 879 101.6
1596 4124 66.4
1598 2229 66.6
1598 2774 85.8
1599 1101 56.6
1599 3902 88.2
1600 1385 84.8
1600 3618 65.4
1601 1476 39.2
1601 3527 64.6
1604 246 81.8
1604 4757 88.4
1605 435 79.6
1605 4568 88.8
1606 384 56.8
1606 4619 64.0
1607 592 56.6
1607 4411 68.8
1608 865 80.8
1608 4138 108.8
1610 303 56.4
1610 4700 41.2
1612 2271 89.2
1612 2732 84.8
1614 284 76.8
1614 4719 63.8
1616 275 76.2
1616 4728 92.8
1618 1594 79.4
1618 3409 66.2
1619 2457 84.6
1619 2546 106.2
1620 2140 85.4
1620 2863 64.4
1624 379 78.4
1624 4624 92.8
1626 2036 86.0
1626 2967 85.0
1627 1771 57.0
1627 3232 62.6
1628 1869 106.0
1628 3134 67.8
1629 896 58.4
1629 4107 45.4
1630 220 79.8
1630 4783 68.8
1631 452 96.0
1631 4551 67.2
1632 2097 78.8
1632 2906 108.0
1633 837 80.0
1633 4166 92.4
1634 2028 59.8
1634 2975 62.0
1635 1569 105.0
1635 3434 65.8
1641 1524 82.2
1641 3479 65.4
1643 833 58.2
1643 4170 92.2
1648 1070 62.4
1648 3933 65.8
1649 1845 76.6
1649 3158 62.4
1650 412 58.4
1650 4591 88.2
1651 691 83.8
1651 4312 43.2
1653 2474 62.6
1653 2529 88.6
1655 1958 66.0
1655 3045 110.6
1658 51 76.2
1658 4952 116.4
1660 1299 56.8
1660 3704 107.6
1661 727 76.6
1661 4276 64.6
1662 1025 59.8
1662 3978 88.6
1663 1374 96.0
1663 3629 111.0
1664 1600 80.2
1664 3403 63.0
1665 566 58.2
1665 4437 65.8
1666 545 58.4
1666 4458 117.0
1668 1774 59.6
1668 3229 42.2
1669 1268 102.6
1669 3735 82.4
1670 842 39.2
1670 4161 62.8
1671 1588 63.4
1671 3415 85.0
1674 1008 76.2
1674 3995 86.4
1675 2042 101.4
1675 2961 62.4
1677 1295 88.4
1677 3708 104.2
1682 2378 111.0
1682 2625 88.4
1683 423 101.0
1683 4580 88.4
1687 484 80.2
1687 4519 92.4
1688 249 56.2
1688 4754 92.8
1690 2243 62.4
1690 2760 84.8
1692 1969 63.2
1692 3034 83.8
1696 985 56.6
1696 4018 116.0
1698 1818 59.0
1698 3185 111.0
1701 1476 56.6
1701 3527 43.6
1703 2010 83.2
1703 2993 83.2
1704 537 76.6
1704 4466 66.2
1705 1093 80.8
1705 3910 115.0
1706 1839 82.2
1706 3164 59.0
1708 2466 80.8
1708 2537 101.0
1711 1292 80.8
1711 3711 101.6
1713 956 76.2
1713 4047 43.0
1714 1320 82.2
1714 3683 84.0
1716 1122 76.2
1716 3881 111.0
1721 354 76.6
1721 4649 112.0
1725 1500 112.0
1725 3503 89.4
1728 1175 76.4
1728 3828 65.6
1731 519 61.6
1731 4484 89.4
1732 1104 65.6
1732 3899 84.2
1733 1440 96.0
1733 3563 106.0
1734 585 79.0
1734 4418 65.4
1736 1837 258.2
1736 3166 86.0
1737 1735 60.0
1737 3268 85.8
1738 1639 84.0
1738 3364 82.4
1739 798 84.0
1739 4205 69.2
1741 237 60.4
1741 4766 87.4
1744 1918 56.2
1744 3085 88.4
1746 1585 101.0
1746 3418 76.2
1748 1038 96.2
1748 3965 88.6
1749 1800 61.8
1749 3203 62.6
1751 1026 59.4
1751 3977 263.8
1753 1041 106.0
1753 3962 62.4
1754 2048 106.0
1754 2955 81.0
1757 939 57.4
1757 4064 92.2
1759 2252 65.4
1759 2751 88.6
1760 1767 85.4
1760 3236 64.2
1767 1075 59.0
1767 3928 86.2
1770 80 77.0
1770 4923 92.2
1771 1874 88.4
1771 3129 111.4
1772 2014 81.4
1772 2989 108.6
1773 1185 65.8
1773 3818 92.0
1774 1887 40.8
1774 3116 57.6
1775 360 59.4
1775 4643 45.2
1776 486 80.0
1776 4517 45.0
1777 796 60.6
1777 4207 107.6
1779 1325 82.0
1779 3678 45.2
1780 964 63.2
1780 4039 84.2
1785 99 56.8
1785 4904 45.0
1786 2323 63.6
1786 2680 68.4
1787 1539 39.2
1787 3464 61.8
1790 1007 57.0
1790 3996 60.6
1791 539 60.8
1791 4464 89.8
1794 637 81.0
1794 4366 69.0
1797 1685 76.2
1797 3318 66.6
1798 1911 85.6
1798 3092 84.2
1799 783 41.4
1799 4220 87.2
1802 2162 62.0
1802 2841 62.8
1805 206 59.2
1805 4797 89.2
1806 1881 59.6
1806 3122 88.2
1807 1188 78.0
1807 3815 62.8
1808 1489 62.2
1808 3514 84.4
1810 1965 81.8
1810 3038 84.2
1811 1579 101.4
1811 3424 62.8
1813 596 96.6
1813 4407 68.2
1815 1579 80.4
1815 3424 92.6
1816 272 96.0
1816 4731 68.2
1820 753 57.0
1820 4250 69.2
1822 1574 108.0
1822 3429 69.2
1823 2319 86.4
1823 2684 106.2
1824 243 76.8
1824 4760 68.8
1827 2285 62.6
1827 2718 101.0
1828 2343 85.2
1828 2660 64.6
1829 2096 60.8
1829 2907 64.2
1830 1359 79.4
1830 3644 115.4
1831 2059 65.2
1831 2944 88.8
1832 1164 97.0
1832 3839 62.6
1833 958 39.4
1833 4045 61.4
1835 1787 78.8
1835 3216 62.4
1836 2106 39.2
1836 2897 83.2
1837 869 80.4
1837 4134 111.4
1838 498 56.4
1838 4505 66.4
1839 45 59.6
1839 4958 87.8
1840 427 76.2
1840 4576 45.2
1841 1317 59.8
1841 3686 88.4
1844 271 96.0
1844 4732 68.6
1845 411 57.4
1845 4592 85.4
1846 791 96.8
1846 4212 65.2
1848 991 39.4
1848 4012 113.2
1850 1305 78.0
1850 3698 116.6
1851 2074 104.0
1851 2929 62.8
1852 1736 103.6
1852 3267 66.0
1854 597 88.2
1854 4406 92.4
1855 2275 41.2
1855 2728 83.8
1856 671 78.0
1856 4332 68.6
1857 2242 65.8
1857 2761 85.8
1858 924 59.2
1858 4079 68.4
1859 2024 60.0
1859 2979 59.8
1860 729 83.4
1860 4274 84.4
1861 574 37.2
1861 4429 64.6
1864 2279 104.4
1864 2724 76.4
1865 2416 68.4
1865 2587 37.4
1866 1367 58.0
1866 3636 66.8
1868 1261 103.2
1868 3742 63.4
1870 788 80.8
1870 4215 88.6
1872 829 56.6
1872 4174 66.2
1874 1640 63.0
1874 3363 65.4
1875 1133 59.8
1875 3870 88.4
1877 1085 80.6
1877 3918 84.6
1881 352 80.4
1881 4651 68.6
1883 805 80.8
1883 4198 92.2
1885 1244 76.0
1885 3759 80.0
1886 1610 59.0
1886 3393 61.6
1889 520 84.2
1889 4483 116.0
1891 1377 102.0
1891 3626 65.8
1892 1704 80.4
1892 3299 86.0
1898 129 96.6
1898 4874 69.2
1899 1848 64.6
1899 3155 63.8
1900 496 76.4
1900 4507 69.2
1901 381 80.8
1901 4622 67.2
1906 165 79.6
1906 4838 88.2
1909 2240 102.0
1909 2763 65.6
1912 1813 78.8
1912 3190 65.8
1913 1299 62.8
1913 3704 66.8
1914 1237 101.0
1914 3766 66.6
1915 1578 59.6
1915 3425 59.6
1917 1238 56.8
1917 3765 88.6
1919 2178 82.6
1919 2825 89.4
1920 1503 480.4
1920 3500 41.2
1921 1647 61.0
1921 3356 62.6
1926 23 37.2
1926 4980 62.6
1928 2265 85.2
1928 2738 88.8
1932 620 76.4
1932 4383 68.4
1933 729 60.6
1933 4274 92.6
1934 728 80.2
1934 4275 93.4
1935 308 60.4
1935 4695 83.8
1937 400 76.2
1937 4603 88.6
1938 505 76.4
1938 4498 88.8
1942 1348 98.6
1942 3655 65.4
1943 628 56.6
1943 4375 68.6
1944 1362 78.2
1944 3641 65.6
1945 1123 37.2
1945 3880 88.2
1946 836 96.0
1946 4167 89.6
1951 119 79.4
1951 4884 92.6
1952 304 76.4
1952 4699 68.6
1956 48 56.6
1956 4955 92.4
1957 1245 84.2
1957 3758 116.4
1960 2441 63.6
1960 2562 85.4
1962 185 56.4
1962 4818 45.2
1963 1337 82.4
1963 3666 64.6
1964 1314 63.8
1964 3689 43.2
1968 346 59.2
1968 4657 87.6
1969 1036 59.8
1969 3967 69.2
1970 1652 80.8
1970 3351 84.6
1971 1245 80.4
1971 3758 111.6
1974 212 96.2
1974 4791 487.6
1975 2214 39.2
1975 2789 66.6
1979 182 60.4
1979 4821 87.6
1982 220 96.0
1982 4783 68.4
1983 1326 80.2
1983 3677 106.4
1984 251 59.2
1984 4752 88.2
1985 944 60.4
1985 4059 64.8
1986 394 56.8
1986 4609 87.8
1988 1890 106.4
1988 3113 87.8
1989 1898 59.8
1989 3105 84.4
1993 1509 59.2
1993 3494 92.2
1994 881 57.4
1994 4122 115.4
1998 1898 60.2
1998 3105 80.0
2004 2448 66.0
2004 2555 109.4
2006 1870 62.6
2006 3133 88.2
2009 1970 80.0
2009 3033 69.0
2010 2096 82.6
2010 2907 106.0
2011 985 59.4
2011 4018 88.4
2012 2163 62.4
2012 2840 84.2
2013 812 76.2
2013 4191 65.6
2014 185 58.2
2014 4818 83.8
2016 1537 84.6
2016 3466 88.4
2018 2060 111.4
2018 2943 84.2
2019 2209 111.0
2019 2794 92.2
2021 1605 62.0
2021 3398 68.4
2022 1918 100.2
2022 3085 68.4
2025 629 56.4
2025 4374 68.6
2029 2033 39.2
2029 2970 109.4
2030 2385 76.4
2030 2618 41.2
2033 1472 83.8
2033 3531 83.8
2035 1871 39.2
2035 3132 61.2
2036 1422 63.0
2036 3581 62.4
2037 621 58.2
2037 4382 87.8
2038 750 56.6
2038 4253 63.8
2042 2162 41.2
2042 2841 59.8
2044 2196 62.0
2044 2807 80.2
2046 1901 80.4
2046 3102 116.0
2048 802 96.8
2048 4201 65.6
2049 2446 88.2
2049 2557 108.0
2052 2191 63.2
2052 2812 62.4
2059 1524 86.4
2059 3479 66.0
2060 329 58.8
2060 4674 65.2
2061 2275 76.2
2061 2728 59.0
2063 2337 37.0
2063 2666 60.6
2064 1955 63.4
2064 3048 41.2
2070 2159 60.2
2070 2844 64.6
2071 1756 80.4
2071 3247 63.2
2075 1891 80.8
2075 3112 84.4
2076 1409 88.0
2076 3594 88.6
2078 1568 65.2
2078 3435 69.0
2079 1548 83.2
2079 3455 84.2
2083 2229 100.0
2083 2774 64.8
2084 788 56.6
2084 4215 111.0
2085 1755 56.8
2085 3248 79.0
2089 1086 59.8
2089 3917 108.6
2091 1057 100.0
2091 3946 66.4
2092 829 81.8
2092 4174 67.2
2094 2249 80.6
2094 2754 100.4
2095 2112 62.4
2095 2891 80.2
2097 2193 64.4
2097 2810 40.8
2106 15 58.2
2106 4988 116.2
2108 1537 101.0
2108 3466 111.2
2109 2269 84.4
2109 2734 68.2
2110 2470 60.2
2110 2533 101.0
2113 1164 61.4
2113 3839 65.8
2115 512 57.6
2115 4491 68.4
2119 2440 87.4
2119 2563 101.0
2120 232 81.0
2120 4771 111.6
2121 159 57.2
2121 4844 64.0
2123 1812 66.2
2123 3191 87.6
2125 1168 63.4
2125 3835 87.6
2126 2370 83.4
2126 2633 99.4
2127 2489 106.0
2127 2514 64.6
2129 309 60.6
2129 4694 91.8
2130 1057 80.4
2130 3946 92.4
2131 2258 96.0
2131 2745 106.4
2138 1479 96.2
2138 3524 92.4
2140 2001 62.4
2140 3002 57.2
2141 1111 56.2
2141 3892 115.2
2143 318 57.4
2143 4685 88.0
2144 576 96.4
2144 4427 115.0
2145 1221 84.2
2145 3782 64.4
2147 2438 59.8
2147 2565 64.8
2151 1472 84.4
2151 3531 106.4
2152 1567 39.0
2152 3436 104.8
2155 2473 106.2
2155 2530 106.2
2156 650 101.6
2156 4353 112.2
2157 1737 57.2
2157 3266 66.0
2158 1350 61.2
2158 3653 61.4
2159 1973 60.0
2159 3030 41.2
2160 1609 61.8
2160 3394 68.6
2161 2026 56.8
2161 2977 101.2
2162 1781 106.2
2162 3222 85.0
2163 1650 106.4
2163 3353 65.4
2164 2008 66.0
2164 2995 84.8
2167 504 101.2
2167 4499 65.2
2169 2138 80.8
2169 2865 83.4
2172 929 37.6
2172 4074 88.2
2174 46 76.2
2174 4957 45.2
2175 1855 62.4
2175 3148 62.4
2179 1986 84.0
2179 3017 111.8
2180 812 56.8
2180 4191 88.6
2181 1451 96.4
2181 3552 111.6
2182 1888 84.4
2182 3115 83.2
2184 643 57.0
2184 4360 68.0
2185 2268 63.4
2185 2735 84.6
2188 2021 83.4
2188 2982 62.8
2190 485 58.0
2190 4518 92.8
2192 401 59.6
2192 4602 64.4
2193 607 80.4
2193 4396 92.8
2194 2414 62.2
2194 2589 80.4
2195 2463 62.8
2195 2540 85.0
2196 234 37.6
2196 4769 63.6
2197 2221 102.8
2197 2782 41.2
2198 115 77.0
2198 4888 93.2
2199 1911 92.2
2199 3092 93.0
2200 995 56.6
2200 4008 68.8
2201 1031 56.6
2201 3972 89.0
2204 292 59.6
2204 4711 67.4
2209 516 59.6
2209 4487 88.2
2210 1640 59.8
2210 3363 62.4
2213 537 59.0
2213 4466 68.6
2215 2077 59.8
2215 2926 92.6
2216 1900 41.6
2216 3103 80.0
2218 1656 59.0
2218 3347 63.0
2219 850 102.4
2219 4153 91.8
2220 1491 57.0
2220 3512 63.8
2221 1049 81.4
2221 3954 107.8
2226 604 57.0
2226 4399 86.0
2238 1478 66.0
2238 3525 84.0
2239 832 80.4
2239 4171 111.6
2241 587 101.2
2241 4416 116.4
2243 928 104.2
2243 4075 107.0
2244 991 80.2
2244 4012 93.0
2245 76 59.2
2245 4927 93.0
2246 1034 59.4
2246 3969 99.0
2247 1225 88.6
2247 3778 85.0
2248 1149 88.8
2248 3854 93.0
2250 171 96.4
2250 4832 66.4
2253 837 76.4
2253 4166 65.6
2254 1112 81.0
2254 3891 281.8
2256 1752 102.0
2256 3251 65.2
2257 170 102.6
2257 4833 116.8
2260 655 63.2
2260 4348 63.0
2261 1551 104.8
2261 3452 92.6
2262 974 80.4
2262 4029 92.6
2264 676 97.0
2264 4327 69.2
2265 2491 104.4
2265 2512 115.8
2268 2477 86.6
2268 2526 88.8
2269 1422 60.6
2269 3581 67.8
2270 839 76.4
2270 4164 89.6
2272 781 63.2
2272 4222 114.6
2273 639 57.2
2273 4364 64.8
2274 892 62.2
2274 4111 65.0
2276 1460 80.8
2276 3543 111.2
2277 647 56.8
2277 4356 88.2
2278 2384 63.2
2278 2619 83.8
2279 102 79.0
2279 4901 43.4
2281 1539 61.4
2281 3464 80.4
2282 252 76.6
2282 4751 68.4
2283 1034 56.8
2283 3969 68.6
2284 760 39.4
2284 4243 65.0
2287 2128 42.2
2287 2875 61.8
2289 1563 85.0
2289 3440 68.6
2290 1220 59.6
2290 3783 93.2
2291 2375 108.4
2291 2628 59.6
2292 1509 76.4
2292 3494 63.2
2293 219 58.6
2293 4784 88.2
2294 2389 59.2
2294 2614 88.6
2296 2226 84.6
2296 2777 59.6
2297 393 80.4
2297 4610 288.0
2299 892 103.0
2299 4111 111.2
2302 2208 66.2
2302 2795 83.8
2304 1094 60.0
2304 3909 63.0
2305 2415 62.6
2305 2588 59.4
2309 937 76.2
2309 4066 92.6
2311 500 96.0
2311 4503 68.8
2314 1517 78.2
2314 3486 59.4
2317 652 56.4
2317 4351 68.6
2319 1138 57.4
2319 3865 61.8
2320 1223 80.2
2320 3780 87.2
2322 52 76.2
2322 4951 92.6
2328 1846 62.4
2328 3157 45.2
2332 1294 104.4
2332 3709 88.4
2335 1963 39.4
2335 3040 81.0
2337 53 56.2
2337 4950 45.2
2338 223 79.6
2338 4780 116.0
2339 2033 59.6
2339 2970 80.2
2342 1685 84.6
2342 3318 65.8
2343 1325 61.4
2343 3678 85.6
2345 1954 62.8
2345 3049 62.0
2347 2152 56.6
2347 2851 45.2
2348 1992 101.6
2348 3011 281.6
2349 415 106.0
2349 4588 89.0
2353 197 57.0
2353 4806 64.2
2355 1849 84.4
2355 3154 89.2
2358 2333 84.2
2358 2670 104.2
2359 149 56.8
2359 4854 108.2
2360 1984 59.4
2360 3019 86.4
2361 2172 43.4
2361 2831 84.8
2362 2097 59.2
2362 2906 67.2
2364 48 60.4
2364 4955 64.4
2365 797 61.6
2365 4206 68.2
2368 1892 39.0
2368 3111 85.8
2369 2288 65.0
2369 2715 63.2
2371 195 59.4
2371 4808 64.4
2372 1355 66.4
2372 3648 65.6
2375 486 79.0
2375 4517 62.8
2380 1852 57.0
2380 3151 62.6
2383 2141 80.6
2383 2862 80.4
2385 2301 86.0
2385 2702 101.0
2386 2093 80.4
2386 2910 59.4
2387 509 56.2
2387 4494 88.2
2388 624 59.0
2388 4379 84.6
2392 924 61.4
2392 4079 115.2
2393 1978 84.4
2393 3025 63.2
2394 1110 80.6
2394 3893 43.2
2396 164 78.8
2396 4839 92.6
2398 1866 96.0
2398 3137 79.8
2399 2207 88.2
2399 2796 65.2
2404 959 57.4
2404 4044 88.4
2405 1938 86.8
2405 3065 83.8
2406 1159 104.0
2406 3844 62.2
2412 1855 76.6
2412 3148 111.0
2413 2251 83.6
2413 2752 104.4
2414 734 80.0
2414 4269 69.0
2415 450 79.6
2415 4553 88.4
2416 605 78.4
2416 4398 68.6
2418 1593 80.2
2418 3410 82.0
2419 1088 80.2
2419 3915 88.4
2423 1370 62.6
2423 3633 65.2
2424 1599 40.2
2424 3404 62.8
2425 1960 59.8
2425 3043 62.4
2426 979 59.0
2426 4024 68.6
2429 2049 85.4
2429 2954 66.0
2430 133 98.8
2430 4870 92.2
2433 1708 80.6
2433 3295 82.8
2434 1659 58.2
2434 3344 62.8
2435 213 58.0
2435 4790 45.0
2436 264 80.0
2436 4739 64.8
2441 2220 61.4
2441 2783 58.4
2443 2130 77.2
2443 2873 41.0
2444 697 57.6
2444 4306 68.4
2446 2126 62.2
2446 2877 65.2
2447 2031 84.4
2447 2972 58.8
2451 1671 39.0
2451 3332 85.4
2452 1785 62.6
2452 3218 105.4
2454 77 76.4
2454 4926 92.2
2457 1391 257.8
2457 3612 65.6
2461 998 76.4
2461 4005 68.8
2465 168 80.2
2465 4835 68.6
2467 2371 91.8
2467 2632 66.2
2468 114 59.4
2468 4889 44.8
2469 541 62.2
2469 4462 65.6
2470 2300 59.8
2470 2703 104.6
2475 2279 106.2
2475 2724 66.0
2479 1288 60.6
2479 3715 90.6
2485 2100 88.2
2485 2903 88.6
2487 1695 79.8
2487 3308 41.4
2488 1818 84.2
2488 3185 113.4
2489 735 57.0
2489 4268 64.4
2490 1246 64.6
2490 3757 84.8
2492 2073 82.0
2492 2930 65.6
2493 2379 41.2
2493 2624 66.0
2494 1646 84.4
2494 3357 60.0
2495 1409 57.0
2495 3594 69.2
2500 75 96.0
2500 4928 68.2
2501 610 80.6
2501 4393 88.2
2502 1122 39.6
2502 3881 83.0
2505 1108 101.2
2505 3895 89.8
2506 607 37.2
2506 4396 84.8
2511 592 57.2
2511 4411 88.2
2517 1659 62.6
2517 3344 106.4
2518 472 56.6
2518 4531 65.4
2519 1878 65.8
2519 3125 60.2
2520 1230 97.0
2520 3773 68.4
2522 563 77.2
2522 4440 66.8
2523 66 79.4
2523 4937 92.2
2525 914 76.4
2525 4089 68.6
2526 1833 66.0
2526 3170 84.8
2527 1443 37.4
2527 3560 59.2
2528 1323 84.6
2528 3680 111.2
2531 1858 79.8
2531 3145 64.2
2533 1755 84.4
2533 3248 41.4
2535 444 59.4
2535 4559 111.4
2537 1615 59.8
2537 3388 68.6
2539 907 63.0
2539 4096 68.6
2540 2324 111.6
2540 2679 116.4
2541 2242 37.4
2541 2761 85.2
2542 2366 65.8
2542 2637 62.8
2543 1686 39.4
2543 3317 86.2
2545 616 97.6
2545 4387 116.8
2547 1296 82.0
2547 3707 82.8
2549 1255 62.0
2549 3748 81.2
2550 1376 96.6
2550 3627 84.4
2551 1656 100.2
2551 3347 62.8
2555 929 62.6
2555 4074 68.6
2556 2311 63.2
2556 2692 80.8
2557 555 96.4
2557 4448 62.8
2558 1072 78.4
2558 3931 84.0
2559 1010 63.0
2559 3993 62.2
2560 1954 258.6
2560 3049 85.8
2566 2488 88.6
2566 2515 88.8
2567 675 39.6
2567 4328 89.2
2570 1375 101.0
2570 3628 92.8
2573 1884 56.6
2573 3119 63.2
2574 1243 83.8
2574 3760 117.0
2578 983 56.8
2578 4020 88.8
2582 1969 60.2
2582 3034 86.4
2585 854 37.2
2585 4149 63.6
2586 1182 59.4
2586 3821 84.6
2587 1239 111.8
2587 3764 88.6
2589 1254 58.6
2589 3749 117.0
2593 2286 62.2
2593 2717 40.4
2594 1063 58.6
2594 3940 61.6
2595 1698 87.6
2595 3305 61.8
2596 758 78.2
2596 4245 65.8
2599 861 59.6
2599 4142 66.0
2601 1571 60.8
2601 3432 112.4
2602 1557 84.8
2602 3446 43.2
2603 121 78.8
2603 4882 93.2
2605 1978 81.4
2605 3025 59.2
2610 1866 60.2
2610 3137 61.2
2616 78 96.0
2616 4925 68.6
2617 1845 58.4
2617 3158 65.2
2618 306 61.0
2618 4697 111.8
2620 1039 77.0
2620 3964 64.4
2627 10 79.6
2627 4993 45.4
2632 1305 60.6
2632 3698 107.8
2633 869 80.4
2633 4134 92.4
2634 643 60.2
2634 4360 88.6
2636 2106 107.4
2636 2897 106.0
2637 289 62.8
2637 4714 68.6
2638 1540 59.6
2638 3463 65.6
2640 535 57.6
2640 4468 64.6
2641 742 60.6
2641 4261 88.0
2642 1190 59.2
2642 3813 43.2
2644 802 78.8
2644 4201 45.2
2646 359 62.6
2646 4644 85.8
2647 2323 81.8
2647 2680 80.2
2650 549 56.8
2650 4454 68.8
2655 156 57.6
2655 4847 67.2
2657 2332 80.8
2657 2671 41.6
2658 2130 60.6
2658 2873 61.6
2662 475 77.8
2662 4528 65.6
2664 1269 59.0
2664 3734 117.0
2665 1630 102.0
2665 3373 83.4
2666 814 58.8
2666 4189 109.4
2668 1660 82.8
2668 3343 63.4
2671 2218 88.2
2671 2785 88.8
2673 271 60.6
2673 4732 64.0
2676 2430 59.8
2676 2573 106.0
2677 995 59.2
2677 4008 88.8
2678 2416 41.2
2678 2587 63.8
2679 964 39.2
2679 4039 59.4
2680 255 96.4
2680 4748 65.2
2682 1494 106.2
2682 3509 80.2
2683 2061 100.2
2683 2942 63.0
2690 269 58.0
2690 4734 64.8
2691 2128 62.2
2691 2875 84.0
2693 909 37.2
2693 4094 114.4
2694 296 56.4
2694 4707 92.4
2695 1096 76.4
2695 3907 117.0
2696 140 56.6
2696 4863 63.8
2697 889 38.2
2697 4114 108.2
2698 521 56.2
2698 4482 93.0
2699 1586 81.6
2699 3417 88.8
2703 162 76.8
2703 4841 111.8
2706 431 37.2
2706 4572 82.8
2708 2314 39.2
2708 2689 82.4
2712 2234 59.4
2712 2769 66.0
2713 50 56.8
2713 4953 87.8
2715 202 96.0
2715 4801 68.6
2717 452 96.4
2717 4551 92.2
2718 2028 106.0
2718 2975 80.2
2719 2373 84.4
2719 2630 84.4
2720 2246 76.4
2720 2757 80.4
2722 564 37.4
2722 4439 64.6
2724 367 86.2
2724 4636 92.8
2725 1890 92.0
2725 3113 82.6
2726 1260 59.6
2726 3743 82.8
2727 1556 76.8
2727 3447 82.0
2732 1599 96.0
2732 3404 68.6
2733 402 76.4
2733 4601 116.2
2735 297 77.4
2735 4706 88.2
2737 1003 37.2
2737 4000 61.4
2740 1583 41.2
2740 3420 87.2
2743 867 56.4
2743 4136 92.4
2745 1045 80.2
2745 3958 88.4
2748 1404 106.6
2748 3599 62.6
2752 2238 62.0
2752 2765 68.8
2757 2246 59.8
2757 2757 62.4
2758 1077 101.6
2758 3926 91.2
2759 1371 59.8
2759 3632 84.8
2760 1792 88.6
2760 3211 41.2
2761 589 61.6
2761 4414 92.6
2764 1414 96.0
2764 3589 93.0
2765 942 64.2
2765 4061 65.4
2767 2189 84.2
2767 2814 62.4
2768 1376 62.2
2768 3627 43.2
2769 2299 78.6
2769 2704 84.2
2770 815 80.0
2770 4188 68.8
2771 2326 63.0
2771 2677 77.8
2772 502 101.0
2772 4501 66.0
2774 426 59.6
2774 4577 87.8
2775 1167 57.0
2775 3836 62.6
2776 1280 67.6
2776 3723 88.6
2779 1071 96.0
2779 3932 59.4
2781 345 37.0
2781 4658 87.4
2782 775 76.2
2782 4228 116.2
2783 1380 59.8
2783 3623 112.8
2785 1785 80.0
2785 3218 90.0
2786 598 37.4
2786 4405 111.6
2787 773 96.0
2787 4230 65.4
2789 1704 62.6
2789 3299 84.4
2794 1965 80.0
2794 3038 106.0
2795 2146 84.6
2795 2857 88.0
2799 1160 84.0
2799 3843 116.2
2801 2483 88.2
2801 2520 61.2
2805 2048 56.4
2805 2955 41.2
2806 1434 97.6
2806 3569 62.0
2807 2280 59.4
2807 2723 39.0
2812 117 56.6
2812 4886 68.6
2814 1041 101.0
2814 3962 112.2
2818 323 56.6
2818 4680 64.4
2819 2288 84.4
2819 2715 66.0
2820 2379 87.6
2820 2624 84.8
2821 51 77.6
2821 4952 45.0
2822 1650 61.6
2822 3353 104.0
2824 754 79.8
2824 4249 84.2
2825 193 96.4
2825 4810 68.4
2826 2418 60.8
2826 2585 62.0
2827 34 57.8
2827 4969 44.0
2829 590 79.6
2829 4413 64.8
2830 676 80.4
2830 4327 88.0
2832 1145 77.4
2832 3858 59.4
2833 1281 62.2
2833 3722 68.4
2838 1999 62.0
2838 3004 87.2
2839 1737 62.6
2839 3266 116.0
2840 1451 58.8
2840 3552 68.0
2841 1221 80.2
2841 3782 68.0
2843 2010 80.2
2843 2993 62.2
2845 1867 63.4
2845 3136 68.4
2846 2008 56.8
2846 2995 82.0
2848 1592 56.6
2848 3411 81.4
2852 552 59.8
2852 4451 68.4
2854 623 80.6
2854 4380 45.2
2857 815 86.0
2857 4188 84.0
2858 1781 60.6
2858 3222 45.0
2859 2030 111.6
2859 2973 106.0
2860 1675 83.0
2860 3328 80.4
2862 540 80.4
2862 4463 90.6
2863 1168 59.2
2863 3835 88.6
2864 2146 100.2
2864 2857 80.6
2865 1129 81.2
2865 3874 45.2
2866 450 82.0
2866 4553 67.0
2870 2138 82.8
2870 2865 79.6
2874 2386 65.4
2874 2617 116.6
2875 2460 97.0
2875 2543 107.6
2877 1101 59.6
2877 3902 112.6
2878 2001 96.6
2878 3002 104.0
2880 670 57.2
2880 4333 92.6
2884 200 101.6
2884 4803 93.4
2885 348 104.4
2885 4655 92.2
2886 1583 88.6
2886 3420 63.0
2888 1952 101.6
2888 3051 92.4
2889 398 57.2
2889 4605 64.8
2891 1798 62.0
2891 3205 68.8
2892 1053 58.6
2892 3950 43.2
2897 1194 82.0
2897 3809 68.6
2898 1914 278.8
2898 3089 111.2
2899 1025 106.6
2899 3978 89.0
2902 1680 99.0
2902 3323 65.8
2903 210 37.6
2903 4793 64.2
2904 889 56.6
2904 4114 68.4
2905 1088 60.2
2905 3915 61.4
2908 2176 80.8
2908 2827 56.6
2909 71 96.0
2909 4932 92.4
2915 908 60.2
2915 4095 65.2
2916 1257 83.8
2916 3746 65.6
2918 2300 65.8
2918 2703 80.8
2919 1162 59.4
2919 3841 88.8
2921 2397 109.0
2921 2606 102.6
2923 1928 56.6
2923 3075 60.0
2924 834 57.0
2924 4169 44.2
2925 270 81.6
2925 4733 45.4
2926 1934 82.8
2926 3069 85.0
2929 198 58.4
2929 4805 88.0
2931 2355 106.4
2931 2648 62.6
2932 2456 89.2
2932 2547 103.0
2933 39 96.0
2933 4964 92.4
2936 873 39.4
2936 4130 65.8
2940 2480 86.0
2940 2523 45.6
2942 1769 86.0
2942 3234 60.6
2943 2358 84.8
2943 2645 81.0
2945 183 76.4
2945 4820 92.8
2946 1370 80.8
2946 3633 41.2
2948 956 60.8
2948 4047 104.2
2952 1489 65.6
2952 3514 88.8
2953 2037 65.4
2953 2966 66.4
2955 149 82.4
2955 4854 117.0
2956 1064 101.8
2956 3939 92.8
2958 1358 77.8
2958 3645 65.4
2965 737 81.0
2965 4266 117.0
2969 204 57.0
2969 4799 88.2
2970 552 77.6
2970 4451 65.4
2973 235 78.8
2973 4768 45.4
2974 1269 104.6
2974 3734 65.6
2975 2488 76.4
2975 2515 85.0
2976 1152 85.2
2976 3851 87.2
2977 547 60.6
2977 4456 113.6
2979 2243 59.8
2979 2760 56.4
2982 637 76.4
2982 4366 69.2
2983 2220 61.6
2983 2783 83.2
2985 556 62.2
2985 4447 45.4
2986 1623 83.0
2986 3380 92.6
2988 183 56.6
2988 4820 45.2
2989 1987 64.6
2989 3016 61.0
2992 1553 57.6
2992 3450 84.2
2996 938 76.4
2996 4065 88.8
3000 266 96.6
3000 4737 116.8
3001 582 80.8
3001 4421 63.8
3002 2222 83.6
3002 2781 41.2
3003 351 58.0
3003 4652 68.8
3004 1465 96.0
3004 3538 62.8
3006 439 56.4
3006 4564 92.8
3007 992 85.2
3007 4011 64.4
3008 2396 81.8
3008 2607 68.8
3009 1235 59.6
3009 3768 87.2
3011 287 96.0
3011 4716 68.4
3013 1623 39.2
3013 3380 77.0
3015 2384 101.6
3015 2619 59.6
3016 997 62.8
3016 4006 43.2
3017 1886 83.0
3017 3117 43.4
3020 1074 81.8
3020 3929 69.2
3022 2453 86.2
3022 2550 62.6
3023 1863 81.0
3023 3140 111.4
3026 695 57.2
3026 4308 64.2
3027 124 56.4
3027 4879 92.4
3028 302 57.0
3028 4701 64.4
3030 2076 62.8
3030 2927 83.2
3032 978 99.8
3032 4025 66.2
3033 1282 82.4
3033 3721 109.2
3034 1419 76.6
3034 3584 59.8
3037 2247 92.4
3037 2756 86.4
3038 1999 57.0
3038 3004 64.4
3041 1987 62.6
3041 3016 64.8
3044 1148 59.6
3044 3855 62.8
3045 1655 60.0
3045 3348 282.2
3046 978 101.0
3046 4025 84.6
3050 921 80.2
3050 4082 88.6
3051 1048 81.4
3051 3955 66.2
3054 1790 58.6
3054 3213 58.6
3056 2479 61.2
3056 2524 109.4
3060 807 79.2
3060 4196 84.2
3062 246 37.2
3062 4757 84.0
3064 1065 59.6
3064 3938 116.0
3066 1283 56.6
3066 3720 39.4
3067 2296 83.0
3067 2707 62.6
3069 1215 76.0
3069 3788 41.4
3070 578 58.4
3070 4425 64.0
3071 382 56.8
3071 4621 68.4
3074 165 56.4
3074 4838 45.2
3075 503 79.6
3075 4500 92.4
3077 254 76.4
3077 4749 45.2
3078 617 61.8
3078 4386 68.4
3079 735 76.2
3079 4268 68.0
3080 1286 83.0
3080 3717 101.0
3082 1559 56.4
3082 3444 41.0
3084 1651 83.6
3084 3352 56.4
3086 1908 65.4
3086 3095 62.4
3089 2102 59.6
3089 2901 116.0
3090 528 61.6
3090 4475 45.2
3094 2171 60.2
3094 2832 62.0
3095 2247 59.4
3095 2756 65.2
3099 2074 80.2
3099 2929 88.4
3100 269 57.0
3100 4734 64.6
3102 1075 107.4
3102 3928 116.0
3103 1575 81.4
3103 3428 111.0
3104 1197 104.4
3104 3806 68.8
3106 551 56.6
3106 4452 65.2
3108 1690 60.0
3108 3313 84.4
3109 18 56.2
3109 4985 92.2
3110 1580 40.8
3110 3423 63.4
3116 1070 56.2
3116 3933 66.0
3117 1799 63.0
3117 3204 89.6
3118 969 80.0
3118 4034 68.6
3119 2022 80.2
3119 2981 63.0
3121 723 77.8
3121 4280 89.6
3122 285 56.0
3122 4718 88.2
3124 1125 58.8
3124 3878 61.8
3125 308 76.6
3125 4695 68.2
3126 830 59.6
3126 4173 60.6
3128 239 59.2
3128 4764 44.8
3130 266 103.4
3130 4737 68.4
3133 1162 88.0
3133 3841 85.0
3136 1664 84.2
3136 3339 80.2
3139 1323 86.2
3139 3680 63.0
3140 395 77.4
3140 4608 68.6
3142 2345 84.0
3142 2658 43.0
3143 578 60.8
3143 4425 65.2
3148 1769 61.4
3148 3234 68.8
3149 2321 59.4
3149 2682 39.2
3150 95 80.0
3150 4908 92.2
3151 1442 60.0
3151 3561 80.6
3153 195 83.8
3153 4808 45.4
3155 1371 62.2
3155 3632 89.4
3162 81 39.8
3162 4922 64.8
3165 131 96.2
3165 4872 67.6
3168 1912 39.2
3168 3091 63.4
3169 2124 64.6
3169 2879 60.8
3175 2111 80.2
3175 2892 66.0
3176 698 81.0
3176 4305 64.2
3177 758 59.2
3177 4245 92.2
3179 454 101.0
3179 4549 68.8
3182 1322 107.6
3182 3681 64.2
3184 2388 65.0
3184 2615 62.6
3185 2449 41.0
3185 2554 86.8
3186 635 83.6
3186 4368 111.0
3187 1869 68.6
3187 3134 59.4
3189 954 84.0
3189 4049 43.0
3190 596 62.4
3190 4407 66.6
3191 1731 80.2
3191 3272 68.0
3193 516 76.8
3193 4487 116.0
3194 1170 97.0
3194 3833 84.2
3197 63 57.2
3197 4940 68.0
3200 1222 59.2
3200 3781 101.0
3202 880 56.8
3202 4123 92.2
3204 1776 79.8
3204 3227 63.6
3207 2019 37.0
3207 2984 58.2
3208 1828 82.6
3208 3175 60.0
3209 1605 83.4
3209 3398 106.0
3210 1814 81.0
3210 3189 62.2
3211 1272 36.8
3211 3731 62.2
3212 2091 59.2
3212 2912 62.0
3213 1180 59.2
3213 3823 66.0
3214 2324 84.6
3214 2679 88.0
3216 564 76.4
3216 4439 106.2
3220 1572 59.4
3220 3431 88.8
3225 1093 80.2
3225 3910 87.4
3226 614 62.8
3226 4389 67.0
3228 22 60.8
3228 4981 64.2
3230 2006 59.6
3230 2997 89.0
3232 1441 80.8
3232 3562 109.0
3234 1045 60.0
3234 3958 86.4
3236 381 259.0
3236 4622 85.8
3239 558 76.8
3239 4445 69.0
3241 1520 279.8
3241 3483 85.0
3242 1076 101.0
3242 3927 89.6
3243 1619 80.2
3243 3384 80.6
3244 1139 96.2
3244 3864 65.6
3245 1288 88.2
3245 3715 65.6
3246 927 80.4
3246 4076 65.6
3247 624 76.8
3247 4379 66.0
3249 115 80.6
3249 4888 87.8
3251 1477 62.2
3251 3526 41.4
3252 1428 60.4
3252 3575 86.4
3254 1723 85.0
3254 3280 63.2
3257 784 60.6
3257 4219 113.0
3258 2024 61.8
3258 2979 89.8
3265 762 60.0
3265 4241 43.4
3266 1301 85.0
3266 3702 88.8
3273 1594 88.6
3273 3409 39.4
3275 1613 59.2
3275 3390 68.4
3278 1320 38.2
3278 3683 60.6
3280 457 78.0
3280 4546 88.2
3281 1425 63.6
3281 3578 106.4
3283 1870 65.8
3283 3133 89.0
3285 685 100.4
3285 4318 93.2
3286 1358 64.6
3286 3645 64.4
3287 610 79.6
3287 4393 112.0
3288 1003 96.6
3288 4000 116.4
3289 1500 85.0
3289 3503 84.8
3291 380 76.6
3291 4623 88.4
3293 703 62.6
3293 4300 110.4
3295 2374 62.4
3295 2629 88.6
3297 1042 56.6
3297 3961 65.4
3300 1609 59.8
3300 3394 80.8
3301 1688 104.6
3301 3315 62.8
3303 2298 92.8
3303 2705 84.6
3307 1553 59.6
3307 3450 66.2
3308 640 81.8
3308 4363 89.0
3310 1178 97.0
3310 3825 67.6
3312 2035 101.6
3312 2968 97.0
3315 1904 102.0
3315 3099 62.8
3317 1814 40.4
3317 3189 87.2
3318 912 97.6
3318 4091 88.4
3319 2014 99.4
3319 2989 111.8
3320 203 59.6
3320 4800 93.0
3322 1455 112.0
3322 3548 111.0
3324 1482 80.6
3324 3521 66.2
3326 1300 78.8
3326 3703 487.8
3330 2493 96.0
3330 2510 63.4
3332 1988 60.2
3332 3015 62.6
3333 248 56.8
3333 4755 68.8
3337 2099 102.0
3337 2904 89.8
3343 528 57.2
3343 4475 85.2
3345 1888 62.4
3345 3115 84.8
3346 1032 85.2
3346 3971 83.8
3351 819 77.6
3351 4184 68.6
3352 456 80.6
3352 4547 116.8
3354 2093 81.0
3354 2910 84.4
3356 117 59.4
3356 4886 65.0
3359 1934 60.2
3359 3069 61.6
3360 1431 58.0
3360 3572 85.0
3361 2187 81.6
3361 2816 43.2
3363 658 81.8
3363 4345 43.4
3364 1511 61.0
3364 3492 106.2
3365 722 76.4
3365 4281 88.6
3366 849 41.6
3366 4154 114.2
3367 941 59.2
3367 4062 91.4
3371 742 96.0
3371 4261 88.4
3375 272 37.4
3375 4731 62.2
3379 1897 56.8
3379 3106 104.4
3381 303 96.0
3381 4700 116.0
3384 1819 69.4
3384 3184 62.8
3386 2441 86.4
3386 2562 88.6
3387 2123 87.0
3387 2880 102.6
3388 222 96.0
3388 4781 85.6
3391 1906 83.4
3391 3097 69.2
3394 1721 99.6
3394 3282 92.4
3395 2235 43.2
3395 2768 62.6
3396 2073 83.0
3396 2930 65.8
3397 1995 58.4
3397 3008 88.4
3403 619 37.6
3403 4384 64.0
3404 2370 80.2
3404 2633 67.2
3407 336 79.8
3407 4667 92.8
3408 925 85.0
3408 4078 62.6
3410 454 57.0
3410 4549 111.6
3411 2056 62.8
3411 2947 39.2
3413 871 57.2
3413 4132 88.0
3414 1478 37.2
3414 3525 62.0
3415 1887 84.4
3415 3116 65.4
3417 454 59.8
3417 4549 88.6
3418 493 95.8
3418 4510 68.8
3419 725 37.2
3419 4278 85.0
3420 2418 84.2
3420 2585 106.8
3421 1901 282.0
3421 3102 60.4
3425 2078 85.4
3425 2925 84.8
3426 1834 102.4
3426 3169 64.0
3427 351 59.2
3427 4652 92.2
3428 775 76.2
3428 4228 92.8
3429 467 60.4
3429 4536 69.6
3431 6 59.8
3431 4997 68.6
3432 2213 62.4
3432 2790 84.2
3433 678 76.8
3433 4325 64.8
3436 1833 59.8
3436 3170 65.8
3439 1445 99.2
3439 3558 66.0
3441 2434 81.6
3441 2569 88.4
3442 1641 59.2
3442 3362 68.4
3447 2337 65.6
3447 2666 42.2
3452 2473 65.4
3452 2530 63.2
3453 1616 60.2
3453 3387 87.0
3457 2456 106.0
3457 2547 106.0
3463 305 96.0
3463 4698 68.6
3464 2272 62.0
3464 2731 59.4
3465 275 56.2
3465 4728 89.4
3467 1893 80.6
3467 3110 83.0
3468 213 56.8
3468 4790 64.4
3469 1747 59.8
3469 3256 86.4
3470 1316 58.6
3470 3687 43.2
3471 2042 63.2
3471 2961 89.2
3472 1340 116.0
3472 3663 62.6
3473 2191 42.8
3473 2812 84.6
3474 402 101.0
3474 4601 68.8
3477 2118 64.4
3477 2885 86.6
3478 1379 59.0
3478 3624 65.6
3479 1814 62.0
3479 3189 64.2
3481 882 96.0
3481 4121 111.2
3484 971 57.2
3484 4032 45.2
3489 1961 80.0
3489 3042 68.4
3492 2442 63.2
3492 2561 60.8
3493 425 76.2
3493 4578 116.0
3497 134 56.8
3497 4869 64.0
3503 1683 101.2
3503 3320 62.8
3504 1841 59.6
3504 3162 76.4
3509 1764 101.0
3509 3239 65.4
3513 1438 59.8
3513 3565 104.6
3515 2430 111.0
3515 2573 111.0
3517 309 77.2
3517 4694 115.0
3522 760 59.0
3522 4243 45.6
3523 345 60.0
3523 4658 68.4
3524 563 80.2
3524 4440 65.4
3525 759 101.0
3525 4244 68.2
3527 850 37.2
3527 4153 87.2
3530 2132 39.0
3530 2871 63.4
3531 824 59.4
3531 4179 111.6
3533 184 76.6
3533 4819 68.6
3536 2238 41.0
3536 2765 62.4
3540 778 79.6
3540 4225 92.8
3541 279 95.8
3541 4724 92.8
3542 455 76.0
3542 4548 43.0
3543 650 85.2
3543 4353 109.8
3545 41 76.8
3545 4962 113.2
3546 202 76.6
3546 4801 111.4
3549 1291 101.2
3549 3712 62.0
3550 1699 76.2
3550 3304 482.2
3552 46 58.8
3552 4957 63.8
3553 265 56.6
3553 4738 88.0
3554 1924 76.4
3554 3079 67.2
3555 354 76.2
3555 4649 44.8
3556 2375 85.6
3556 2628 90.8
3558 1941 83.0
3558 3062 104.6
3559 341 58.8
3559 4662 60.2
3560 1871 40.2
3560 3132 105.4
3561 427 101.4
3561 4576 88.2
3562 1673 92.4
3562 3330 65.0
3564 80 57.0
3564 4923 68.6
3566 2302 62.2
3566 2701 84.8
3569 1087 84.6
3569 3916 86.6
3570 1270 39.0
3570 3733 63.2
3573 528 78.8
3573 4475 92.6
3576 351 100.0
3576 4652 116.0
3577 338 57.2
3577 4665 64.4
3579 553 85.6
3579 4450 66.2
3580 1881 103.0
3580 3122 116.4
3584 786 96.6
3584 4217 87.8
3585 1285 81.4
3585 3718 60.2
3586 474 101.0
3586 4529 92.2
3589 2429 101.4
3589 2574 59.4
3594 2004 61.6
3594 2999 84.6
3596 2027 59.2
3596 2976 85.8
3598 2407 65.4
3598 2596 43.2
3599 1458 82.0
3599 3545 87.2
3600 917 62.0
3600 4086 65.6
3601 1466 83.8
3601 3537 111.4
3604 70 96.2
3604 4933 68.8
3607 2301 43.2
3607 2702 84.8
3614 1726 106.6
3614 3277 84.2
3617 2456 62.6
3617 2547 106.4
3618 2452 65.8
3618 2551 80.0
3619 1359 60.8
3619 3644 66.4
3620 707 80.8
3620 4296 112.6
3622 1670 63.2
3622 3333 61.2
3625 119 77.8
3625 4884 112.0
3627 2448 80.2
3627 2555 45.2
3630 2471 86.6
3630 2532 86.8
3635 1364 59.6
3635 3639 62.6
3637 1175 111.6
3637 3828 84.4
3639 1174 80.6
3639 3829 114.4
3640 1563 59.6
3640 3440 111.2
3642 10 77.0
3642 4993 68.2
3647 1812 86.0
3647 3191 112.0
3648 292 97.0
3648 4711 68.6
3649 77 96.2
3649 4926 116.4
3650 827 56.4
3650 4176 93.0
3651 410 95.8
3651 4593 93.4
3652 2029 65.6
3652 2974 64.8
3655 1517 107.0
3655 3486 88.2
3656 281 56.4
3656 4722 65.8
3657 2281 59.6
3657 2722 63.0
3665 1341 80.2
3665 3662 65.6
3671 1697 102.6
3671 3306 111.6
3672 392 60.0
3672 4611 112.0
3673 78 57.4
3673 4925 64.6
3675 879 104.2
3675 4124 112.8
3677 798 84.4
3677 4205 69.2
3679 724 460.2
3679 4279 62.8
3680 2435 64.8
3680 2568 59.6
3682 2135 60.6
3682 2868 41.2
3683 2206 59.0
3683 2797 43.4
3688 579 58.6
3688 4424 62.2
3689 749 80.8
3689 4254 84.8
3692 846 101.6
3692 4157 69.0
3693 2110 105.2
3693 2893 106.4
3694 1585 60.2
3694 3418 84.0
3695 1241 60.4
3695 3762 43.4
3697 1971 88.2
3697 3032 87.6
3698 859 39.6
3698 4144 89.4
3702 345 96.0
3702 4658 116.6
3703 2385 45.4
3703 2618 64.2
3707 1553 41.2
3707 3450 84.2
3711 1248 60.2
3711 3755 60.2
3713 1143 100.4
3713 3860 65.6
3715 411 56.8
3715 4592 68.8
3716 1859 89.0
3716 3144 61.8
3717 78 39.2
3717 4925 89.2
3718 2238 81.8
3718 2765 102.0
3719 218 96.2
3719 4785 68.4
3720 719 56.8
3720 4284 45.2
3721 1934 64.6
3721 3069 64.2
3722 792 57.8
3722 4211 93.2
3723 662 83.2
3723 4341 65.4
3725 789 39.2
3725 4214 87.4
3726 2304 61.2
3726 2699 56.6
3730 1550 81.0
3730 3453 84.6
3731 1154 60.4
3731 3849 85.8
3734 1277 61.2
3734 3726 87.0
3735 1810 84.0
3735 3193 285.6
3737 10 60.4
3737 4993 260.0
3739 2362 105.2
3739 2641 59.2
3742 1876 83.8
3742 3127 41.2
3743 1574 58.6
3743 3429 85.2
3745 202 81.0
3745 4801 88.4
3747 1973 101.8
3747 3030 88.6
3749 1342 106.4
3749 3661 65.6
3750 1293 57.4
3750 3710 58.4
3754 68 56.8
3754 4935 88.0
3755 639 56.4
3755 4364 68.4
3757 2064 62.4
3757 2939 65.0
3758 1206 57.8
3758 3797 69.2
3759 2161 85.8
3759 2842 59.6
3760 2418 92.4
3760 2585 37.0
3762 1358 102.4
3762 3645 111.2
3763 963 62.4
3763 4040 45.2
3764 573 64.6
3764 4430 66.0
3765 179 37.2
3765 4824 64.6
3767 112 60.4
3767 4891 64.6
3769 891 66.2
3769 4112 67.0
3771 2034 61.0
3771 2969 66.8
3772 904 82.6
3772 4099 84.8
3774 1086 96.4
3774 3917 111.8
3779 1955 80.8
3779 3048 111.2
3781 1468 97.0
3781 3535 462.2
3783 1735 80.2
3783 3268 65.4
3788 1136 39.0
3788 3867 86.2
3789 1707 63.0
3789 3296 81.2
3791 2039 76.2
3791 2964 84.6
3792 855 84.2
3792 4148 91.6
3793 578 57.2
3793 4425 87.0
3795 774 57.0
3795 4229 64.2
3796 775 59.4
3796 4228 68.8
3797 186 59.8
3797 4817 68.6
3799 402 58.8
3799 4601 66.4
3801 1771 66.2
3801 3232 64.6
3805 65 76.4
3805 4938 116.0
3807 1827 111.0
3807 3176 111.4
3808 1295 111.2
3808 3708 92.8
3810 1744 76.4
3810 3259 64.4
3813 1608 80.2
3813 3395 62.6
3815 2430 98.2
3815 2573 62.4
3819 1820 98.6
3819 3183 88.2
3820 324 96.0
3820 4679 92.8
3821 550 79.6
3821 4453 84.4
3822 805 56.4
3822 4198 67.2
3829 1410 37.2
3829 3593 85.2
3830 2268 59.0
3830 2735 39.4
3832 1739 59.8
3832 3264 88.6
3835 1353 56.8
3835 3650 59.6
3836 389 37.2
3836 4614 88.0
3837 1040 76.8
3837 3963 64.6
3838 117 99.4
3838 4886 69.0
3840 1315 82.6
3840 3688 111.0
3842 1882 62.4
3842 3121 84.0
3843 1896 41.2
3843 3107 84.2
3845 328 56.6
3845 4675 65.6
3846 1693 62.2
3846 3310 83.8
3847 2003 88.2
3847 3000 84.0
3848 1742 62.8
3848 3261 67.2
3855 2402 85.2
3855 2601 59.4
3857 1310 62.6
3857 3693 65.6
3858 171 98.4
3858 4832 116.0
3859 526 76.8
3859 4477 43.0
3862 1976 62.2
3862 3027 103.4
3863 2357 101.0
3863 2646 65.6
3864 752 102.4
3864 4251 65.4
3865 2490 79.4
3865 2513 101.2
3866 645 95.8
3866 4358 65.4
3871 1545 84.2
3871 3458 45.0
3872 620 60.2
3872 4383 107.4
3873 708 295.2
3873 4295 62.6
3874 2247 68.4
3874 2756 88.4
3876 266 56.2
3876 4737 69.0
3879 412 55.8
3879 4591 68.2
3880 1259 57.0
3880 3744 43.0
3881 83 79.2
3881 4920 116.0
3888 404 59.2
3888 4599 69.0
3889 1354 79.6
3889 3649 65.0
3891 1959 39.4
3891 3044 82.6
3894 2153 104.8
3894 2850 64.6
3895 1264 59.8
3895 3739 61.6
3898 171 101.2
3898 4832 68.2
3899 531 56.8
3899 4472 68.4
3901 1385 80.6
3901 3618 68.0
3902 2409 62.4
3902 2594 106.0
3903 77 77.2
3903 4926 111.8
3904 388 96.0
3904 4615 67.0
3907 360 81.8
3907 4643 67.8
3908 2421 65.4
3908 2582 116.2
3909 441 56.4
3909 4562 45.2
3910 608 79.8
3910 4395 92.0
3911 2338 88.2
3911 2665 62.6
3913 1287 59.6
3913 3716 65.0
3915 626 80.2
3915 4377 88.6
3916 1769 59.2
3916 3234 99.6
3923 1838 62.4
3923 3165 62.8
3924 1894 60.2
3924 3109 64.2
3927 2420 105.6
3927 2583 58.8
3928 978 56.4
3928 4025 45.4
3929 150 80.2
3929 4853 92.0
3930 2264 255.6
3930 2739 106.2
3932 60 96.8
3932 4943 92.0
3941 28 96.4
3941 4975 111.8
3942 399 56.8
3942 4604 92.4
3943 1621 100.8
3943 3382 59.0
3944 753 80.8
3944 4250 92.2
3948 1211 80.2
3948 3792 84.2
3949 2444 65.2
3949 2559 41.0
3950 1176 59.8
3950 3827 66.6
3952 153 56.6
3952 4850 68.6
3954 1162 41.2
3954 3841 84.0
3958 190 81.0
3958 4813 116.8
3959 1587 104.0
3959 3416 43.4
3960 563 59.4
3960 4440 65.2
3962 250 60.4
3962 4753 45.4
3963 2131 86.6
3963 2872 62.8
3965 687 106.6
3965 4316 114.4
3966 253 57.0
3966 4750 86.2
3968 1636 96.0
3968 3367 116.4
3969 842 80.6
3969 4161 89.8
3972 1278 82.2
3972 3725 83.6
3976 1987 60.6
3976 3016 63.6
3978 639 82.6
3978 4364 88.8
3980 1711 88.4
3980 3292 66.2
3981 1003 63.2
3981 4000 43.6
3984 730 79.2
3984 4273 68.6
3986 2478 115.6
3986 2525 106.6
3988 2482 62.2
3988 2521 39.2
3989 1004 82.6
3989 3999 106.4
3990 1161 106.0
3990 3842 68.4
3991 2268 80.6
3991 2735 65.8
3994 742 56.8
3994 4261 88.6
3999 2427 65.8
3999 2576 88.6
4000 1415 63.2
4000 3588 58.8
4001 1903 82.2
4001 3100 65.6
4002 107 97.0
4002 4896 68.6
4005 646 58.0
4005 4357 107.0
4007 1623 77.4
4007 3380 85.6
4008 352 56.6
4008 4651 68.4
4009 1109 56.8
4009 3894 43.4
4013 437 59.8
4013 4566 65.0
4014 2301 83.4
4014 2702 84.8
4016 600 60.2
4016 4403 62.0
4018 1907 59.6
4018 3096 42.2
4019 1850 101.0
4019 3153 41.4
4023 2363 102.2
4023 2640 59.8
4025 594 80.0
4025 4409 45.4
4026 350 59.6
4026 4653 110.0
4027 1045 77.0
4027 3958 66.4
4028 1715 63.6
4028 3288 85.0
4031 1533 100.8
4031 3470 116.8
4037 1517 76.8
4037 3486 89.4
4039 2197 41.4
4039 2806 106.2
4041 2348 43.4
4041 2655 91.2
4042 1590 83.4
4042 3413 62.2
4044 1833 65.8
4044 3170 43.4
4046 1462 88.2
4046 3541 88.6
4048 2201 68.6
4048 2802 59.6
4049 940 77.4
4049 4063 112.0
4051 1251 79.4
4051 3752 92.8
4053 85 56.8
4053 4918 90.0
4054 1114 87.0
4054 3889 66.4
4056 1933 59.6
4056 3070 82.8
4058 340 56.8
4058 4663 45.2
4059 13 99.6
4059 4990 68.4
4060 1851 59.8
4060 3152 45.6
4061 2254 82.4
4061 2749 81.0
4062 12 76.2
4062 4991 116.8
4068 564 96.0
4068 4439 68.6
4069 2267 39.4
4069 2736 62.8
4070 2181 87.6
4070 2822 88.8
4071 1184 97.4
4071 3819 65.6
4073 183 37.4
4073 4820 64.6
4076 1330 64.6
4076 3673 90.0
4077 1563 60.4
4077 3440 85.8
4078 800 80.4
4078 4203 68.4
4086 347 57.4
4086 4656 88.2
4088 356 58.0
4088 4647 59.8
4089 809 78.8
4089 4194 66.2
4091 2466 62.6
4091 2537 109.0
4092 1371 106.8
4092 3632 106.8
4093 2261 61.8
4093 2742 111.0
4096 2081 80.6
4096 2922 88.2
4097 634 56.4
4097 4369 85.6
4100 1973 59.6
4100 3030 59.8
4102 2173 62.4
4102 2830 66.0
4103 213 96.0
4103 4790 69.2
4105 795 80.6
4105 4208 88.8
4106 743 101.4
4106 4260 63.4
4107 1165 78.2
4107 3838 89.2
4108 530 59.2
4108 4473 66.2
4109 583 59.4
4109 4420 68.8
4113 2475 68.4
4113 2528 59.6
4114 2104 41.2
4114 2899 87.8
4115 1052 279.0
4115 3951 60.0
4117 352 56.4
4117 4651 116.6
4118 2073 101.8
4118 2930 101.0
4121 1018 79.6
4121 3985 92.4
4123 2018 62.4
4123 2985 61.8
4126 1256 59.6
4126 3747 80.0
4127 933 59.4
4127 4070 43.4
4129 1982 80.6
4129 3021 65.2
4130 1999 66.6
4130 3004 64.4
4131 769 38.2
4131 4234 85.2
4132 2052 111.2
4132 2951 65.2
4135 1528 87.8
4135 3475 112.0
4138 1534 63.0
4138 3469 68.4
4143 1086 103.8
4143 3917 68.6
4147 2325 60.4
4147 2678 65.4
4152 1067 60.0
4152 3936 65.6
4154 292 80.4
4154 4711 88.6
4157 1132 83.2
4157 3871 86.6
4159 2375 59.2
4159 2628 108.6
4161 599 59.2
4161 4404 44.4
4163 1955 80.2
4163 3048 106.6
4169 1115 105.4
4169 3888 88.6
4173 96 56.2
4173 4907 62.8
4174 1083 56.2
4174 3920 88.2
4176 2457 89.0
4176 2546 62.2
4178 689 79.8
4178 4314 69.0
4180 785 106.6
4180 4218 115.6
4182 989 58.2
4182 4014 43.2
4184 552 61.6
4184 4451 89.0
4185 365 76.2
4185 4638 116.0
4188 1998 56.4
4188 3005 88.2
4189 1183 101.0
4189 3820 68.2
4191 2113 84.8
4191 2890 111.4
4192 1794 84.6
4192 3209 90.0
4195 225 79.6
4195 4778 65.4
4198 2432 86.2
4198 2571 67.4
4199 1457 77.0
4199 3546 43.0
4200 760 79.8
4200 4243 84.0
4201 902 56.2
4201 4101 43.2
4202 620 82.0
4202 4383 68.6
4207 2466 63.0
4207 2537 97.4
4209 86 96.0
4209 4917 68.2
4211 2457 65.4
4211 2546 61.4
4213 1219 57.2
4213 3784 63.8
4215 1549 76.4
4215 3454 84.4
4216 269 56.8
4216 4734 111.6
4218 610 56.6
4218 4393 88.2
4219 110 75.8
4219 4893 92.2
4222 1273 80.4
4222 3730 43.2
4225 1327 79.8
4225 3676 63.0
4227 9 97.8
4227 4994 68.0
4229 1506 65.6
4229 3497 62.0
4231 700 37.0
4231 4303 87.6
4232 1100 80.0
4232 3903 65.2
4233 758 59.0
4233 4245 92.4
4234 1642 84.4
4234 3361 39.2
4235 1030 79.6
4235 3973 111.0
4236 1812 79.2
4236 3191 101.4
4241 1212 60.6
4241 3791 88.2
4242 753 36.8
4242 4250 64.4
4243 1923 82.8
4243 3080 62.6
4248 1917 60.8
4248 3086 109.4
4251 211 96.0
4251 4792 68.0
4252 2324 66.6
4252 2679 69.0
4253 779 60.0
4253 4224 65.6
4260 850 59.0
4260 4153 92.4
4265 1526 56.2
4265 3477 62.0
4266 2093 41.0
4266 2910 66.0
4268 1372 82.2
4268 3631 85.2
4269 137 56.2
4269 4866 45.0
4272 1098 79.4
4272 3905 68.8
4273 2385 82.4
4273 2618 111.0
4275 2101 81.0
4275 2902 80.2
4278 1051 276.2
4278 3952 87.2
4280 46 37.6
4280 4957 87.8
4281 1043 56.4
4281 3960 85.6
4282 1288 96.0
4282 3715 62.8
4284 2486 62.4
4284 2517 85.4
4290 94 76.8
4290 4909 45.0
4294 2071 63.6
4294 2932 68.8
4297 2086 82.2
4297 2917 63.2
4301 805 97.8
4301 4198 62.6
4302 688 59.0
4302 4315 88.0
4303 2294 59.6
4303 2709 63.0
4304 146 57.8
4304 4857 92.2
4307 650 56.8
4307 4353 113.6
4308 166 56.4
4308 4837 116.0
4309 1456 76.2
4309 3547 106.0
4310 2303 96.0
4310 2700 111.0
4312 1909 81.0
4312 3094 60.2
4315 1829 77.6
4315 3174 68.0
4317 1765 101.0
4317 3238 66.0
4322 1236 61.2
4322 3767 87.6
4324 360 56.6
4324 4643 66.6
4326 2361 62.2
4326 2642 59.6
4331 1889 79.2
4331 3114 84.2
4336 2330 106.0
4336 2673 84.4
4337 397 60.0
4337 4606 64.6
4338 625 39.2
4338 4378 89.0
4339 1323 55.8
4339 3680 88.4
4340 1712 84.0
4340 3291 62.0
4342 1228 66.4
4342 3775 90.8
4343 656 56.4
4343 4347 88.0
4344 1951 41.4
4344 3052 80.6
4345 1179 106.0
4345 3824 65.8
4347 2146 65.6
4347 2857 90.6
4349 464 101.0
4349 4539 67.8
4350 1662 81.6
4350 3341 65.2
4351 110 76.6
4351 4893 68.6
4354 1478 59.8
4354 3525 82.4
4355 1247 39.6
4355 3756 82.6
4357 1525 59.4
4357 3478 65.8
4359 494 57.0
4359 4509 111.4
4360 309 96.8
4360 4694 88.4
4361 1290 59.6
4361 3713 88.4
4363 876 56.6
4363 4127 45.2
4364 1212 61.8
4364 3791 62.6
4367 842 62.6
4367 4161 69.8
4368 1269 60.2
4368 3734 69.0
4370 1696 84.6
4370 3307 88.4
4371 624 76.8
4371 4379 66.0
4373 2327 103.4
4373 2676 62.6
4375 2448 77.0
4375 2555 107.4
4376 529 96.2
4376 4474 88.4
4378 886 77.2
4378 4117 68.2
4379 815 60.4
4379 4188 111.4
4380 1583 39.2
4380 3420 82.8
4381 1361 80.8
4381 3642 88.4
4383 2390 65.8
4383 2613 63.0
4387 1899 58.4
4387 3104 62.4
4391 1368 61.8
4391 3635 67.4
4393 1669 101.4
4393 3334 66.6
4395 1454 56.2
4395 3549 41.4
4397 1667 58.0
4397 3336 111.4
4399 2473 106.4
4399 2530 80.4
4400 373 37.6
4400 4630 88.2
4401 132 96.6
4401 4871 68.6
4404 506 37.4
4404 4497 112.4
4405 889 80.6
4405 4114 91.8
4408 1054 57.0
4408 3949 61.6
4411 1871 60.8
4411 3132 82.6
4413 422 58.0
4413 4581 68.4
4418 1433 59.8
4418 3570 87.6
4420 357 77.2
4420 4646 88.2
4421 755 76.6
4421 4248 69.0
4423 1725 66.0
4423 3278 116.8
4424 189 96.4
4424 4814 69.0
4425 1480 62.8
4425 3523 111.8
4427 852 56.8
4427 4151 68.6
4429 780 57.6
4429 4223 45.4
4430 119 60.4
4430 4884 63.2
4434 863 62.8
4434 4140 89.4
4438 735 76.4
4438 4268 69.0
4440 320 56.8
4440 4683 64.0
4441 1574 45.4
4441 3429 89.2
4443 586 37.4
4443 4417 62.4
4444 2399 62.4
4444 2604 85.0
4446 411 96.2
4446 4592 68.6
4451 483 96.0
4451 4520 117.0
4452 949 97.0
4452 4054 92.8
4453 1017 104.2
4453 3986 112.6
4456 2150 39.4
4456 2853 86.2
4458 1055 57.8
4458 3948 88.8
4461 1622 59.6
4461 3381 85.6
4462 116 76.8
4462 4887 111.2
4464 976 59.2
4464 4027 89.0
4465 2488 63.4
4465 2515 102.2
4466 1356 58.4
4466 3647 108.4
4469 1117 96.8
4469 3886 45.2
4473 801 99.6
4473 4202 116.0
4475 1761 62.4
4475 3242 39.2
4476 2370 58.8
4476 2633 89.2
4477 412 59.6
4477 4591 64.8
4478 862 59.8
4478 4141 45.2
4479 1888 62.2
4479 3115 111.8
4481 2191 77.0
4481 2812 76.8
4482 195 57.2
4482 4808 88.2
4484 2411 59.6
4484 2592 62.4
4485 2090 85.4
4485 2913 113.8
4486 1735 60.0
4486 3268 86.2
4488 2 56.4
4488 5001 116.0
4489 2009 41.4
4489 2994 84.6
4492 1462 56.2
4492 3541 68.6
4493 1328 85.0
4493 3675 93.0
4496 2337 112.0
4496 2666 88.0
4498 473 56.6
4498 4530 41.2
4499 319 60.6
4499 4684 88.2
4502 445 101.2
4502 4558 92.8
4505 1385 58.0
4505 3618 87.6
4508 1127 77.0
4508 3876 92.8
4510 2216 86.0
4510 2787 80.2
4511 300 37.4
4511 4703 88.0
4512 1525 60.4
4512 3478 106.0
4513 936 63.0
4513 4067 113.2
4515 608 76.4
4515 4395 116.4
4516 1612 60.2
4516 3391 65.4
4521 1295 85.8
4521 3708 92.6
4522 443 37.6
4522 4560 63.8
4526 1513 61.0
4526 3490 67.4
4527 651 64.2
4527 4352 88.2
4528 38 76.0
4528 4965 93.0
4529 2246 82.4
4529 2757 66.4
4536 343 39.2
4536 4660 87.0
4538 2013 80.2
4538 2990 63.0
4539 1901 81.6
4539 3102 92.6
4545 600 88.4
4545 4403 68.4
4546 1609 59.6
4546 3394 88.4
4549 169 96.0
4549 4834 116.4
4551 1249 101.0
4551 3754 84.8
4552 174 77.2
4552 4829 92.4
4553 982 76.6
4553 4021 82.6
4554 1229 80.4
4554 3774 68.4
4556 2075 60.2
4556 2928 62.0
4557 1359 56.4
4557 3644 68.6
4559 115 37.2
4559 4888 88.2
4560 1518 96.0
4560 3485 92.2
4564 660 76.2
4564 4343 92.6
4565 192 77.0
4565 4811 112.2
4566 1585 76.2
4566 3418 89.0
4568 1532 59.6
4568 3471 88.6
4569 1501 59.2
4569 3502 80.2
4570 9 75.8
4570 4994 45.2
4574 2310 62.8
4574 2693 105.2
4578 1771 96.0
4578 3232 88.2
4579 2305 101.0
4579 2698 66.2
4580 684 98.6
4580 4319 88.4
4582 2220 102.2
4582 2783 76.8
4583 2211 65.4
4583 2792 88.2
4589 717 79.6
4589 4286 88.8
4590 798 56.6
4590 4205 62.4
4593 1353 59.6
4593 3650 69.0
4594 1872 85.6
4594 3131 68.6
4595 2000 96.0
4595 3003 105.0
4596 2248 80.2
4596 2755 101.2
4597 161 57.4
4597 4842 92.6
4598 1485 98.0
4598 3518 110.2
4601 478 59.4
4601 4525 68.6
4602 1701 60.0
4602 3302 82.6
4603 730 101.0
4603 4273 111.6
4604 516 56.2
4604 4487 68.4
4605 427 80.4
4605 4576 69.0
4606 668 79.8
4606 4335 64.6
4608 420 82.6
4608 4583 116.0
4610 335 37.0
4610 4668 83.2
4612 473 37.0
4612 4530 60.0
4613 739 96.0
4613 4264 92.2
4614 1499 76.0
4614 3504 108.0
4616 1142 80.2
4616 3861 83.8
4617 2498 76.4
4617 2505 106.0
4618 2300 84.4
4618 2703 88.6
4619 1894 80.2
4619 3109 88.0
4620 1881 96.0
4620 3122 110.8
4623 831 80.4
4623 4172 68.8
4626 1204 62.2
4626 3799 84.6
4627 298 80.6
4627 4705 65.8
4628 1780 61.4
4628 3223 82.6
4631 2496 88.2
4631 2507 106.0
4632 1310 76.0
4632 3693 88.0
4633 1016 80.4
4633 3987 287.8
4634 601 101.4
4634 4402 116.0
4637 1370 83.6
4637 3633 64.2
4639 1502 59.4
4639 3501 61.8
4641 1175 39.0
4641 3828 87.6
4643 2360 41.2
4643 2643 80.6
4644 298 57.4
4644 4705 87.8
4645 809 96.2
4645 4194 284.6
4646 1526 62.2
4646 3477 90.2
4649 138 76.0
4649 4865 92.4
4651 1861 66.0
4651 3142 62.8
4654 267 76.6
4654 4736 69.0
4657 132 59.6
4657 4871 92.2
4658 1312 56.0
4658 3691 65.2
4660 2441 41.0
4660 2562 86.4
4663 1666 84.0
4663 3337 85.4
4664 1056 59.8
4664 3947 66.4
4665 2372 88.8
4665 2631 84.0
4668 1392 56.0
4668 3611 92.4
4672 80 56.8
4672 4923 45.0
4673 468 80.2
4673 4535 116.0
4678 963 76.6
4678 4040 65.8
4679 1328 83.6
4679 3675 62.2
4680 887 78.0
4680 4116 92.2
4682 1088 80.6
4682 3915 108.4
4683 145 76.4
4683 4858 92.0
4685 1838 60.4
4685 3165 68.6
4687 446 96.6
4687 4557 69.0
4688 1376 61.8
4688 3627 67.2
4689 2369 39.4
4689 2634 79.6
4690 1554 82.4
4690 3449 63.0
4692 149 57.6
4692 4854 111.8
4693 2379 59.8
4693 2624 60.2
4694 116 57.2
4694 4887 88.6
4695 2369 84.4
4695 2634 105.4
4696 856 77.0
4696 4147 116.2
4697 977 97.0
4697 4026 89.6
4700 1144 80.6
4700 3859 68.4
4701 1739 63.4
4701 3264 64.6
4703 1545 99.0
4703 3458 107.4
4704 1229 60.0
4704 3774 62.8
4706 1481 80.8
4706 3522 79.8
4707 772 96.6
4707 4231 65.4
4709 2254 63.0
4709 2749 65.8
4712 487 59.0
4712 4516 69.0
4713 2384 106.2
4713 2619 58.8
4715 1103 57.4
4715 3900 87.8
4716 154 76.4
4716 4849 69.4
4717 1870 110.2
4717 3133 111.2
4718 1920 101.6
4718 3083 84.6
4719 826 96.2
4719 4177 112.0
4720 1405 57.2
4720 3598 104.2
4722 570 96.0
4722 4433 116.6
4723 175 56.6
4723 4828 45.6
4724 469 79.8
4724 4534 66.6
4725 450 56.8
4725 4553 93.0
4728 7 76.0
4728 4996 68.8
4730 354 80.4
4730 4649 91.6
4733 2145 101.8
4733 2858 85.0
4734 804 57.0
4734 4199 108.4
4735 879 101.0
4735 4124 92.8
4736 82 96.0
4736 4921 68.6
4738 2228 60.4
4738 2775 61.0
4739 679 37.4
4739 4324 62.6
4740 1051 101.8
4740 3952 65.4
4742 325 77.0
4742 4678 93.2
4745 1604 62.6
4745 3399 62.8
4746 2023 82.0
4746 2980 106.8
4749 1433 60.2
4749 3570 58.8
4750 1983 39.2
4750 3020 61.6
4756 863 86.4
4756 4140 68.6
4757 1392 59.8
4757 3611 86.8
4758 2094 60.4
4758 2909 66.6
4759 107 76.4
4759 4896 116.8
4762 1724 62.6
4762 3279 39.2
4763 595 98.6
4763 4408 67.4
4768 2445 85.0
4768 2558 65.6
4769 1785 77.6
4769 3218 66.6
4771 2157 83.0
4771 2846 84.4
4772 1627 65.4
4772 3376 41.2
4773 2305 64.6
4773 2698 59.6
4776 1605 80.4
4776 3398 84.8
4777 1844 111.8
4777 3159 104.8
4778 544 101.6
4778 4459 67.2
4780 712 80.0
4780 4291 69.2
4782 853 82.2
4782 4150 116.4
4784 1459 62.4
4784 3544 64.2
4786 2325 56.8
4786 2678 101.4
4788 335 57.2
4788 4668 88.6
4789 1427 63.2
4789 3576 90.2
4793 1200 111.0
4793 3803 116.0
4794 2186 109.0
4794 2817 106.2
4795 1805 84.6
4795 3198 43.2
4796 752 59.4
4796 4251 66.0
4798 157 37.4
4798 4846 64.0
4799 1082 56.8
4799 3921 63.6
4800 1712 76.6
4800 3291 116.8
4803 1000 59.6
4803 4003 66.2
4804 1468 58.8
4804 3535 45.2
4805 1944 66.6
4805 3059 63.0
4806 1140 65.6
4806 3863 112.6
4808 632 77.0
4808 4371 117.0
4809 1713 65.6
4809 3290 116.6
4810 2365 66.0
4810 2638 79.2
4811 1207 80.6
4811 3796 111.8
4814 1459 80.6
4814 3544 62.8
4815 272 100.4
4815 4731 116.8
4816 299 56.6
4816 4704 116.0
4817 1887 102.0
4817 3116 60.6
4818 2288 59.8
4818 2715 62.6
4819 2295 65.6
4819 2708 60.2
4824 1378 57.0
4824 3625 89.0
4826 181 56.6
4826 4822 68.4
4827 2402 45.4
4827 2601 66.0
4831 1687 85.2
4831 3316 65.6
4834 2404 107.0
4834 2599 82.6
4835 1816 59.8
4835 3187 86.6
4837 404 56.8
4837 4599 87.8
4841 1080 56.6
4841 3923 111.0
4842 1485 84.2
4842 3518 88.8
4843 1865 59.6
4843 3138 56.2
4844 364 84.4
4844 4639 116.8
4847 1047 77.4
4847 3956 64.4
4849 68 76.2
4849 4935 45.6
4850 1599 89.6
4850 3404 69.4
4853 705 86.4
4853 4298 109.4
4855 2157 56.4
4855 2846 62.4
4858 89 56.2
4858 4914 44.2
4859 2382 64.0
4859 2621 90.6
4860 2042 66.0
4860 2961 87.8
4864 2012 96.0
4864 2991 65.2
4866 2230 88.2
4866 2773 62.8
4867 28 57.8
4867 4975 91.2
4869 381 57.0
4869 4622 84.8
4871 1028 77.4
4871 3975 88.8
4872 615 98.4
4872 4388 68.8
4874 1198 77.2
4874 3805 68.6
4878 2394 41.2
4878 2609 86.6
4879 1100 59.6
4879 3903 92.4
4881 0 54.4
4882 1687 76.2
4882 3316 106.0
4883 2394 59.4
4883 2609 84.4
4884 1532 101.8
4884 3471 84.6
4888 2270 84.2
4888 2733 88.2
4889 2024 57.8
4889 2979 41.2
4890 1378 105.6
4890 3625 87.8
4892 1483 112.0
4892 3520 65.6
4896 2090 40.2
4896 2913 61.4
4897 1458 100.6
4897 3545 68.8
4898 1985 62.6
4898 3018 44.4
4900 1990 82.0
4900 3013 88.2
4904 2164 106.0
4904 2839 111.0
4905 2130 106.0
4905 2873 60.2
4908 416 57.6
4908 4587 112.2
4909 1492 41.2
4909 3511 66.8
4912 676 98.6
4912 4327 89.2
4913 2360 59.6
4913 2643 111.0
4914 822 77.0
4914 4181 68.8
4915 2014 84.2
4915 2989 84.4
4917 860 76.2
4917 4143 68.0
4918 2170 60.6
4918 2833 62.6
4919 150 37.4
4919 4853 62.0
4920 196 56.8
4920 4807 64.4
4922 61 79.8
4922 4942 92.2
4924 1707 81.4
4924 3296 88.2
4925 275 56.2
4925 4728 68.4
4929 765 80.4
4929 4238 68.2
4934 163 37.2
4934 4840 111.6
4938 2142 62.8
4938 2861 62.6
4939 2420 62.2
4939 2583 62.6
4940 2050 99.4
4940 2953 88.0
4944 1564 41.2
4944 3439 64.6
4946 308 59.4
4946 4695 64.2
4947 1364 56.6
4947 3639 66.2
4949 1860 60.8
4949 3143 41.2
4954 811 60.6
4954 4192 85.8
4955 930 96.4
4955 4073 116.0
4957 1356 59.8
4957 3647 107.4
4960 993 79.0
4960 4010 107.6
4962 2344 62.4
4962 2659 59.2
4964 1211 58.2
4964 3792 65.6
4965 2164 106.0
4965 2839 63.2
4966 1622 62.0
4966 3381 92.2
4967 2138 65.8
4967 2865 110.4
4969 562 57.0
4969 4441 64.4
4974 936 80.4
4974 4067 65.6
4979 1865 78.6
4979 3138 63.0
4981 738 78.2
4981 4265 91.0
4985 1451 39.0
4985 3552 60.8
4986 1781 80.2
4986 3222 79.2
4988 2001 79.8
4988 3002 80.4
4989 2287 111.0
4989 2716 68.2
4992 1500 61.4
4992 3503 116.0
4994 233 97.4
4994 4770 68.6
4996 2008 37.4
4996 2995 81.6
4998 1866 65.4
4998 3137 84.8
4999 1983 63.8
4999 3020 85.4
5002 0 36.4
