X cord  |  Y cord  |  time[ms]
0 10 66.6
0 87 78.4
1 43 78.4
1 54 68.4
3 6 62.4
3 91 75.0
4 47 73.0
4 50 73.2
10 21 63.8
10 76 84.0
11 17 71.4
11 80 74.0
12 3 68.0
12 94 78.0
17 10 64.0
17 87 84.0
20 34 68.4
20 63 78.8
21 24 68.2
21 73 75.8
22 5 68.2
22 92 78.0
23 24 64.0
23 73 84.0
24 2 63.0
24 95 84.0
25 35 63.8
25 62 84.0
27 7 262.8
27 90 84.0
28 34 73.2
28 63 73.0
29 43 68.0
29 54 73.0
30 0 61.0
32 7 63.2
32 90 82.4
37 22 67.0
37 75 78.0
38 7 68.2
38 90 79.0
39 6 63.2
39 91 84.0
44 20 68.2
44 77 73.0
46 25 72.4
46 72 68.0
47 18 68.4
47 79 79.0
49 34 73.2
49 63 73.2
50 19 73.2
50 78 73.4
52 29 68.2
52 68 78.0
53 24 40.6
53 73 28.8
54 12 55.0
54 85 78.0
55 6 64.0
55 91 83.0
56 8 63.4
56 89 83.8
59 32 79.0
59 65 69.2
65 32 73.0
65 65 73.2
67 43 73.4
67 54 73.6
68 0 61.6
70 32 68.0
70 65 73.2
73 14 68.2
73 83 73.2
74 20 68.0
74 77 78.6
76 20 73.2
76 77 60.0
80 10 62.4
80 87 73.2
83 23 68.8
83 74 78.6
84 37 63.6
84 60 83.4
85 26 63.6
85 71 81.6
86 28 68.6
86 69 78.4
87 27 74.2
87 70 74.4
88 41 68.2
88 56 78.2
91 39 74.0
91 58 74.0
92 16 63.2
92 81 84.0
95 31 68.8
95 66 78.6
96 0 61.8
