X cord  |  Y cord  |  time[ms]
0 596 96
0 4407 0
3 6 110
3 4997 116
4 2023 105
4 2980 0
5 1978 104
5 3025 106
7 1737 0
7 3266 109
8 340 95
8 4663 0
9 2194 113
9 2809 0
11 1320 109
11 3683 110
12 303 0
12 4700 93
13 1307 0
13 3696 109
15 1168 100
15 3835 0
17 1221 115
17 3782 111
18 1650 0
18 3353 104
22 1596 111
22 3407 0
23 165 115
23 4838 116
24 2295 0
24 2708 104
25 2128 0
25 2875 99
27 2150 101
27 2853 106
29 2411 106
29 2592 0
31 1308 115
31 3695 116
33 601 95
33 4402 0
34 1084 114
34 3919 0
35 631 115
35 4372 107
37 189 96
37 4814 116
38 2230 106
38 2773 0
39 441 109
39 4562 0
41 2098 109
41 2905 0
42 1259 93
42 3744 0
46 357 109
46 4646 0
47 1022 114
47 3981 0
48 25 114
48 4978 0
50 2039 114
50 2964 106
52 1659 105
52 3344 0
53 2074 114
53 2929 0
56 553 110
56 4450 117
58 2292 101
58 2711 111
59 201 0
59 4802 94
63 1915 111
63 3088 0
64 2357 108
64 2646 0
69 2391 104
69 2612 106
70 546 96
70 4457 111
71 1405 0
71 3598 104
73 1093 102
73 3910 111
77 2127 0
77 2876 104
78 2123 106
78 2880 106
81 2083 106
81 2920 111
83 986 0
83 4017 98
84 328 0
84 4675 99
85 1709 101
85 3294 102
86 2017 102
86 2986 111
89 1411 0
89 3592 98
90 982 0
90 4021 104
95 1521 106
95 3482 106
96 1000 0
96 4003 99
98 1954 101
98 3049 106
99 2230 0
99 2773 99
100 2003 96
100 3000 106
103 1880 0
103 3123 95
104 1000 101
104 4003 0
106 425 109
106 4578 116
107 886 0
107 4117 99
108 338 101
108 4665 111
109 2188 107
109 2815 112
112 1594 101
112 3409 106
115 14 96
115 4989 116
116 101 0
116 4902 94
118 312 0
118 4691 93
120 2094 0
120 2909 110
123 0 92
124 530 0
124 4473 94
125 2094 96
125 2909 106
126 995 96
126 4008 0
127 1004 109
127 3999 0
128 653 108
128 4350 0
129 236 109
129 4767 0
131 1981 114
131 3022 0
134 1075 105
134 3928 116
135 2320 0
135 2683 93
136 65 0
136 4938 93
137 2164 0
137 2839 108
139 2334 0
139 2669 104
140 2298 101
140 2705 0
144 273 103
144 4730 0
148 831 115
148 4172 112
149 1641 96
149 3362 0
150 451 114
150 4552 116
152 3 0
152 5000 94
154 917 101
154 4086 0
157 2461 109
157 2542 0
158 1876 104
158 3127 0
160 2295 104
160 2708 106
162 663 0
162 4340 94
163 59 96
163 4944 116
166 792 96
166 4211 0
167 1482 114
167 3521 0
168 263 104
168 4740 0
169 2412 109
169 2591 0
173 693 104
173 4310 112
176 724 96
176 4279 106
178 438 0
178 4565 93
181 1853 0
181 3150 98
183 72 0
183 4931 94
184 1865 112
184 3138 112
185 643 97
185 4360 117
187 609 95
187 4394 0
188 1869 114
188 3134 0
189 2000 103
189 3003 101
190 2317 110
190 2686 0
191 2413 99
191 2590 0
192 2137 104
192 2866 0
195 1514 100
195 3489 111
196 2346 0
196 2657 94
197 1977 0
197 3026 94
198 385 0
198 4618 94
202 167 0
202 4836 94
205 1413 0
205 3590 105
207 2281 111
207 2722 0
209 1648 110
209 3355 116
211 818 106
211 4185 0
212 1405 115
212 3598 111
215 1454 101
215 3549 0
217 2264 114
217 2739 107
219 2000 107
219 3003 111
227 637 101
227 4366 117
229 1841 101
229 3162 0
230 464 115
230 4539 112
231 2250 106
231 2753 117
232 831 106
232 4172 117
233 85 95
233 4918 0
234 1656 114
234 3347 116
236 1905 111
236 3098 101
237 1642 0
237 3361 104
238 1505 106
238 3498 107
239 1070 96
239 3933 112
240 756 95
240 4247 0
241 1843 114
241 3160 0
242 282 104
242 4721 0
243 1489 115
243 3514 116
244 1206 100
244 3797 0
245 2394 114
245 2609 101
249 2349 111
249 2654 106
252 533 0
252 4470 93
253 2023 0
253 2980 99
256 1856 96
256 3147 116
257 1983 0
257 3020 109
258 1510 0
258 3493 104
262 768 101
262 4235 117
265 1373 101
265 3630 112
266 1357 106
266 3646 111
267 1975 106
267 3028 0
268 336 108
268 4667 0
269 489 114
269 4514 116
270 2169 0
270 2834 100
275 2103 106
275 2900 117
276 929 95
276 4074 0
277 1534 109
277 3469 106
279 840 96
279 4163 111
285 1429 0
285 3574 109
287 2089 106
287 2914 96
288 897 105
288 4106 0
289 1102 114
289 3901 0
290 1890 114
290 3113 111
291 321 96
291 4682 116
292 1378 96
292 3625 112
293 1687 101
293 3316 106
294 112 95
294 4891 0
296 946 115
296 4057 106
302 2132 96
302 2871 111
304 607 0
304 4396 99
305 35 95
305 4968 0
308 1361 114
308 3642 111
311 802 0
311 4201 108
312 2166 0
312 2837 94
314 1361 101
314 3642 111
316 683 95
316 4320 0
317 2032 114
317 2971 0
322 1704 104
322 3299 0
324 1115 104
324 3888 111
326 785 106
326 4218 116
327 74 95
327 4929 0
329 1674 114
329 3329 111
334 2243 111
334 2760 0
336 601 114
336 4402 0
337 246 114
337 4757 116
338 2184 0
338 2819 103
342 956 0
342 4047 98
347 240 0
347 4763 99
348 418 95
348 4585 0
355 1172 108
355 3831 0
356 1506 109
356 3497 112
357 2421 106
357 2582 101
358 1154 106
358 3849 112
359 1372 96
359 3631 0
360 982 103
360 4021 0
361 153 99
361 4850 117
362 1613 101
362 3390 0
363 1728 104
363 3275 0
365 2452 99
365 2551 0
367 950 94
367 4053 0
372 790 110
372 4213 111
375 1722 0
375 3281 99
376 1372 96
376 3631 111
378 1879 96
378 3124 111
379 2459 102
379 2544 116
380 2157 0
380 2846 103
383 63 0
383 4940 93
384 778 0
384 4225 99
385 1755 102
385 3248 107
387 1401 101
387 3602 0
389 2387 109
389 2616 0
390 1263 99
390 3740 0
391 1165 110
391 3838 106
393 1454 101
393 3549 111
394 2425 111
394 2578 101
395 2057 101
395 2946 111
396 1822 0
396 3181 104
397 290 96
397 4713 111
399 1965 106
399 3038 0
400 786 104
400 4217 110
402 661 0
402 4342 98
403 1222 0
403 3781 99
404 1156 95
404 3847 0
407 561 114
407 4442 0
408 1459 114
408 3544 111
410 2078 0
410 2925 109
412 551 0
412 4452 94
414 2134 0
414 2869 94
416 1855 101
416 3148 101
418 1506 0
418 3497 104
423 568 0
423 4435 99
424 464 96
424 4539 116
427 209 96
427 4794 116
430 892 95
430 4111 0
431 1293 109
431 3710 0
432 1409 104
432 3594 111
436 1041 100
436 3962 0
437 784 113
437 4219 0
438 1389 114
438 3614 106
439 1993 0
439 3010 104
442 1025 100
442 3978 0
444 2048 109
444 2955 110
448 2396 0
448 2607 103
450 2360 0
450 2643 98
453 1487 0
453 3516 94
454 968 111
454 4035 116
455 2434 0
455 2569 109
456 1189 96
456 3814 105
457 2010 0
457 2993 109
458 1941 0
458 3062 98
460 2416 101
460 2587 111
466 941 0
466 4062 104
467 1682 111
467 3321 111
468 757 101
468 4246 112
470 687 96
470 4316 116
474 1034 0
474 3969 94
475 1883 0
475 3120 98
476 191 0
476 4812 94
481 1836 111
481 3167 101
482 1300 96
482 3703 106
485 1746 101
485 3257 116
486 271 0
486 4732 93
490 2411 0
490 2592 108
491 645 0
491 4358 98
495 1073 0
495 3930 103
496 726 0
496 4277 104
497 785 96
497 4218 111
498 619 95
498 4384 0
499 2354 114
499 2649 0
500 960 99
500 4043 116
502 1335 101
502 3668 101
504 1095 111
504 3908 111
505 1165 0
505 3838 98
506 770 0
506 4233 99
507 2480 105
507 2523 0
510 1115 109
510 3888 117
513 1653 111
513 3350 0
516 286 103
516 4717 0
517 1301 114
517 3702 115
518 886 0
518 4117 94
519 936 100
519 4067 0
520 2150 108
520 2853 0
521 1305 109
521 3698 0
524 51 114
524 4952 115
525 2356 0
525 2647 108
527 1101 0
527 3902 103
531 2106 101
531 2897 107
532 1642 101
532 3361 106
533 869 101
533 4134 101
536 120 95
536 4883 0
537 357 114
537 4646 111
539 488 0
539 4515 99
542 189 96
542 4814 115
544 964 0
544 4039 93
545 1729 0
545 3274 104
549 1399 101
549 3604 111
552 841 96
552 4162 111
554 1532 111
554 3471 112
556 953 106
556 4050 101
560 1021 0
560 3982 94
563 1284 0
563 3719 99
564 2143 0
564 2860 109
566 1485 0
566 3518 94
567 1885 111
567 3118 0
568 687 104
568 4316 116
570 2323 106
570 2680 0
574 893 103
574 4110 0
576 2260 104
576 2743 2093
579 1622 0
579 3381 114
581 1392 0
581 3611 94
582 188 100
582 4815 0
583 1356 114
583 3647 111
587 507 95
587 4496 0
588 1534 113
588 3469 0
589 11 108
589 4992 0
593 674 114
593 4329 0
596 662 109
596 4341 116
600 41 95
600 4962 0
603 31 114
603 4972 116
604 1592 96
604 3411 111
605 2242 106
605 2761 112
607 1406 95
607 3597 0
608 335 113
608 4668 0
610 1644 114
610 3359 106
613 244 95
613 4759 0
614 868 109
614 4135 0
617 732 114
617 4271 0
621 1968 108
621 3035 111
622 2369 0
622 2634 109
625 2090 111
625 2913 101
626 1012 96
626 3991 0
635 2033 109
635 2970 106
636 248 96
636 4755 116
637 2148 96
637 2855 111
640 152 96
640 4851 116
642 1808 0
642 3195 98
643 2386 0
643 2617 98
645 432 0
645 4571 94
646 645 105
646 4358 0
647 703 113
647 4300 0
648 1842 108
648 3161 111
649 942 101
649 4061 110
650 1720 0
650 3283 93
651 2028 0
651 2975 109
654 2305 101
654 2698 106
655 452 95
655 4551 0
658 1467 114
658 3536 106
659 1121 96
659 3882 115
660 872 0
660 4131 94
661 1060 106
661 3943 111
664 2279 110
664 2724 0
669 2347 103
669 2656 0
672 1400 98
672 3603 116
675 1929 105
675 3074 0
676 1830 109
676 3173 0
678 843 103
678 4160 0
679 22 114
679 4981 0
683 48 114
683 4955 0
684 662 114
684 4341 116
685 113 0
685 4890 94
686 2428 100
686 2575 0
687 1275 109
687 3728 115
690 153 0
690 4850 94
691 313 101
691 4690 0
693 1233 114
693 3770 101
694 1203 101
694 3800 116
695 1939 116
695 3064 110
697 1759 0
697 3244 104
698 1422 95
698 3581 0
703 2245 103
703 2758 0
704 584 98
704 4419 0
708 582 108
708 4421 0
709 314 114
709 4689 0
710 1286 114
710 3717 100
714 702 0
714 4301 99
716 1732 102
716 3271 106
717 85 96
717 4918 116
718 1509 105
718 3494 0
722 2462 113
722 2541 105
723 590 0
723 4413 93
729 1969 0
729 3034 109
730 235 95
730 4768 0
735 298 114
735 4705 116
737 1845 96
737 3158 106
738 2421 0
738 2582 98
739 288 0
739 4715 93
742 2212 0
742 2791 114
744 18 96
744 4985 115
746 681 0
746 4322 94
748 1229 96
748 3774 111
750 242 95
750 4761 0
753 924 114
753 4079 0
755 522 114
755 4481 0
756 821 114
756 4182 115
757 67 0
757 4936 94
758 122 95
758 4881 0
760 2062 114
760 2941 111
764 230 96
764 4773 116
767 670 95
767 4333 0
771 530 114
771 4473 0
772 957 108
772 4046 0
777 2355 103
777 2648 0
779 2299 114
779 2704 0
780 2117 114
780 2886 110
781 633 0
781 4370 93
782 1057 95
782 3946 0
785 1122 109
785 3881 116
786 2419 0
786 2584 108
788 377 0
788 4626 104
791 136 95
791 4867 0
792 1819 109
792 3184 116
794 2005 0
794 2998 104
796 2374 111
796 2629 106
801 382 0
801 4621 93
802 130 0
802 4873 94
803 2373 96
803 2630 105
806 222 0
806 4781 93
808 524 0
808 4479 98
809 222 0
809 4781 98
810 812 0
810 4191 98
812 54 0
812 4949 93
816 863 0
816 4140 98
817 1818 0
817 3185 99
818 497 101
818 4506 111
819 1472 100
819 3531 0
820 95 104
820 4908 0
822 1293 113
822 3710 0
824 598 109
824 4405 116
827 1819 101
827 3184 105
832 277 0
832 4726 98
833 1015 96
833 3988 0
834 1328 109
834 3675 115
835 1448 0
835 3555 109
837 901 100
837 4102 116
839 1433 0
839 3570 103
843 1731 0
843 3272 99
844 2234 110
844 2769 0
845 32 110
845 4971 116
848 106 0
848 4897 93
849 1160 0
849 3843 99
850 116 96
850 4887 116
851 1276 105
851 3727 0
852 486 98
852 4517 0
854 1027 113
854 3976 0
856 2264 113
856 2739 0
857 1076 94
857 3927 111
858 41 95
858 4962 0
861 37 114
861 4966 0
864 1685 113
864 3318 0
866 1712 114
866 3291 0
868 1635 104
868 3368 111
869 1053 96
869 3950 111
871 1632 100
871 3371 0
874 514 114
874 4489 116
878 84 101
878 4919 116
879 1537 101
879 3466 116
880 548 101
880 4455 116
881 1325 95
881 3678 0
882 479 105
882 4524 116
883 2222 105
883 2781 0
884 458 103
884 4545 0
885 592 114
885 4411 0
886 285 109
886 4718 115
887 1004 0
887 3999 99
890 677 100
890 4326 0
891 2002 114
891 3001 116
893 349 100
893 4654 0
895 1100 114
895 3903 115
896 473 0
896 4530 93
901 1558 0
901 3445 94
902 1531 106
902 3472 105
904 1076 0
904 3927 99
906 1807 101
906 3196 0
909 1798 108
909 3205 106
911 991 101
911 4012 105
912 2374 0
912 2629 109
913 908 101
913 4095 116
914 1154 100
914 3849 0
915 764 104
915 4239 0
918 2262 109
918 2741 100
919 1640 0
919 3363 114
920 508 95
920 4495 0
922 139 114
922 4864 116
924 2058 106
924 2945 106
927 1749 100
927 3254 0
928 657 109
928 4346 105
931 808 0
931 4195 93
934 2451 0
934 2552 109
935 1539 96
935 3464 0
936 257 113
936 4746 0
937 340 114
937 4663 116
939 1638 100
939 3365 0
940 1643 98
940 3360 0
942 112 103
942 4891 0
943 1436 113
943 3567 0
944 1366 113
944 3637 0
947 1791 98
947 3212 0
948 132 109
948 4871 116
949 1718 96
949 3285 115
952 2121 0
952 2882 99
953 1318 101
953 3685 105
958 1387 0
958 3616 94
961 1570 101
961 3433 106
965 1217 100
965 3786 0
967 909 94
967 4094 116
968 1797 106
968 3206 101
969 1731 110
969 3272 0
970 1930 113
970 3073 0
971 1246 108
971 3757 0
975 895 108
975 4108 0
977 1014 99
977 3989 0
983 1439 114
983 3564 106
984 1196 96
984 3807 116
985 2436 0
985 2567 104
987 1941 106
987 3062 110
988 1051 0
988 3952 98
989 306 0
989 4697 94
991 1504 96
991 3499 106
995 285 0
995 4718 94
997 1116 95
997 3887 0
998 1345 113
998 3658 0
999 907 109
999 4096 116
1001 1206 101
1001 3797 116
1002 214 96
1002 4789 111
1006 1911 0
1006 3092 93
1009 2097 0
1009 2906 104
1011 471 95
1011 4532 0
1012 323 113
1012 4680 116
1013 627 100
1013 4376 0
1016 1898 93
1016 3105 0
1017 744 109
1017 4259 106
1019 786 0
1019 4217 94
1020 2452 107
1020 2551 111
1021 33 96
1021 4970 116
1023 463 95
1023 4540 0
1027 185 115
1027 4818 0
1031 2199 114
1031 2804 111
1032 1691 101
1032 3312 116
1033 95 95
1033 4908 0
1034 248 112
1034 4755 0
1035 2239 113
1035 2764 0
1039 829 103
1039 4174 111
1041 1471 111
1041 3532 111
1044 1024 96
1044 3979 115
1048 714 0
1048 4289 93
1049 788 0
1049 4215 99
1050 1779 100
1050 3224 0
1054 2084 104
1054 2919 110
1055 441 0
1055 4562 98
1056 2003 0
1056 3000 99
1058 1164 106
1058 3839 115
1061 1607 0
1061 3396 111
1062 65 0
1062 4938 94
1063 703 96
1063 4300 106
1064 1281 115
1064 3722 0
1066 2500 103
1066 2503 0
1067 1698 108
1067 3305 106
1070 2405 0
1070 2598 99
1072 1796 101
1072 3207 111
1073 2325 105
1073 2678 0
1074 328 109
1074 4675 116
1075 1245 96
1075 3758 116
1076 2357 0
1076 2646 107
1077 2483 0
1077 2520 94
1079 778 100
1079 4225 0
1081 1259 113
1081 3744 0
1082 2290 108
1082 2713 105
1084 1654 0
1084 3349 102
1086 537 0
1086 4466 94
1087 2275 106
1087 2728 111
1088 523 95
1088 4480 0
1090 291 114
1090 4712 116
1091 8 96
1091 4995 115
1092 1452 0
1092 3551 93
1094 1211 100
1094 3792 0
1095 1526 109
1095 3477 106
1096 22 97
1096 4981 116
1097 1561 0
1097 3442 104
1100 1255 101
1100 3748 116
1102 619 96
1102 4384 115
1103 1876 0
1103 3127 98
1104 135 95
1104 4868 0
1106 1281 113
1106 3722 111
1107 2434 101
1107 2569 101
1109 433 101
1109 4570 116
1111 407 95
1111 4596 0
1112 1227 113
1112 3776 115
1114 391 0
1114 4612 94
1115 792 96
1115 4211 111
1117 837 105
1117 4166 0
1118 2222 108
1118 2781 0
1120 2015 107
1120 2988 0
1122 1617 109
1122 3386 110
1125 2483 0
1125 2520 98
1126 172 97
1126 4831 115
1131 382 0
1131 4621 98
1133 1020 0
1133 3983 99
1134 2154 111
1134 2849 100
1135 1686 0
1135 3317 92
1136 1363 0
1136 3640 104
1137 1525 105
1137 3478 0
1138 2336 109
1138 2667 106
1139 2281 100
1139 2722 0
1140 2420 93
1140 2583 106
1142 1530 100
1142 3473 0
1143 913 108
1143 4090 0
1148 724 113
1148 4279 0
1149 1120 109
1149 3883 105
1150 18 1
1150 4985 93
1151 1984 0
1151 3019 103
1153 1849 101
1153 3154 110
1158 150 0
1158 4853 93
1159 2162 0
1159 2841 103
1161 1835 0
1161 3168 93
1162 2039 0
1162 2964 92
1163 370 0
1163 4633 93
1164 2096 0
1164 2907 98
1166 919 0
1166 4084 109
1168 2078 101
1168 2925 111
1169 972 95
1169 4031 0
1170 941 104
1170 4062 115
1171 2132 0
1171 2871 103
1172 2119 100
1172 2884 0
1173 323 108
1173 4680 0
1174 2263 113
1174 2740 100
1175 908 0
1175 4095 104
1178 170 101
1178 4833 116
1182 1097 0
1182 3906 98
1183 1795 0
1183 3208 104
1190 920 105
1190 4083 0
1195 1300 114
1195 3703 111
1196 2051 101
1196 2952 106
1197 2077 100
1197 2926 0
1198 28 114
1198 4975 0
1199 2423 114
1199 2580 106
1200 1582 0
1200 3421 98
1203 1798 96
1203 3205 106
1204 839 96
1204 4164 116
1206 2044 110
1206 2959 0
1207 1049 108
1207 3954 0
1209 9 104
1209 4994 116
1210 729 0
1210 4274 94
1211 1005 101
1211 3998 106
1213 1286 0
1213 3717 104
1215 2383 100
1215 2620 0
1216 158 99
1216 4845 0
1220 1301 114
1220 3702 0
1221 1216 98
1221 3787 111
1227 1738 111
1227 3265 106
1228 2095 110
1228 2908 0
1232 1527 109
1232 3476 116
1233 1878 101
1233 3125 116
1234 383 96
1234 4620 116
1236 2254 106
1236 2749 101
1237 1918 101
1237 3085 111
1239 109 96
1239 4894 115
1242 1053 0
1242 3950 94
1245 107 97
1245 4896 116
1246 1804 100
1246 3199 0
1249 917 113
1249 4086 116
1251 1878 0
1251 3125 93
1259 1157 106
1259 3846 111
1262 2151 0
1262 2852 104
1264 1384 101
1264 3619 106
1269 1854 96
1269 3149 111
1270 1841 95
1270 3162 0
1272 809 114
1272 4194 116
1274 593 96
1274 4410 0
1277 1512 108
1277 3491 0
1281 404 114
1281 4599 116
1283 1634 96
1283 3369 110
1286 509 0
1286 4494 103
1287 215 0
1287 4788 93
1289 2389 0
1289 2614 103
1291 1892 101
1291 3111 111
1293 1707 101
1293 3296 106
1294 582 102
1294 4421 116
1295 2355 0
1295 2648 99
1296 985 107
1296 4018 111
1300 235 97
1300 4768 115
1302 1107 0
1302 3896 93
1303 1524 0
1303 3479 109
1305 1343 0
1305 3660 98
1307 1344 105
1307 3659 0
1308 1936 105
1308 3067 111
1309 784 102
1309 4219 115
1310 24 0
1310 4979 93
1311 1937 0
1311 3066 98
1313 147 96
1313 4856 0
1318 338 96
1318 4665 0
1320 1733 109
1320 3270 0
1321 900 113
1321 4103 0
1322 2229 113
1322 2774 111
1324 2402 0
1324 2601 99
1325 1686 0
1325 3317 93
1328 336 96
1328 4667 0
1330 509 114
1330 4494 0
1335 2492 108
1335 2511 0
1339 2367 103
1339 2636 0
1341 1698 109
1341 3305 111
1343 909 96
1343 4094 105
1344 1892 0
1344 3111 98
1346 752 102
1346 4251 116
1349 482 96
1349 4521 111
1351 2007 100
1351 2996 0
1353 2177 100
1353 2826 106
1354 1255 0
1354 3748 98
1355 1160 0
1355 3843 103
1356 670 0
1356 4333 98
1360 1919 0
1360 3084 103
1366 1613 95
1366 3390 0
1368 553 98
1368 4450 0
1370 1916 108
1370 3087 95
1371 17 0
1371 4986 94
1372 510 0
1372 4493 93
1373 1620 0
1373 3383 104
1377 1579 95
1377 3424 0
1379 2190 103
1379 2813 116
1380 504 101
1380 4499 0
1383 816 108
1383 4187 95
1386 1756 0
1386 3247 103
1389 899 0
1389 4104 98
1391 220 102
1391 4783 117
1393 598 97
1393 4405 115
1394 1402 0
1394 3601 94
1395 1147 111
1395 3856 96
1396 306 106
1396 4697 0
1398 1838 99
1398 3165 101
1400 1222 95
1400 3781 0
1401 1212 108
1401 3791 106
1402 2312 105
1402 2691 0
1403 68 109
1403 4935 116
1404 425 97
1404 4578 116
1406 1649 101
1406 3354 110
1407 1166 0
1407 3837 108
1412 1641 0
1412 3362 94
1418 2116 1
1418 2887 93
1419 730 0
1419 4273 95
1420 2389 116
1420 2614 106
1421 1468 106
1421 3535 106
1423 63 96
1423 4940 117
1424 1364 95
1424 3639 0
1428 2256 99
1428 2747 100
1429 648 0
1429 4355 95
1430 1299 96
1430 3704 110
1432 1545 0
1432 3458 103
1433 2167 1092
1433 2836 0
1436 110 103
1436 4893 0
1437 2144 114
1437 2859 0
1440 2193 108
1440 2810 110
1441 885 0
1441 4118 94
1444 1628 96
1444 3375 110
1445 600 0
1445 4403 103
1447 2234 106
1447 2769 107
1451 590 102
1451 4413 110
1453 2195 0
1453 2808 94
1455 2299 106
1455 2704 110
1456 504 0
1456 4499 95
1459 2237 101
1459 2766 106
1463 1894 0
1463 3109 104
1465 907 96
1465 4096 0
1466 2193 113
1466 2810 0
1468 1462 108
1468 3541 97
1473 1739 95
1473 3264 0
1474 1464 98
1474 3539 117
1478 538 97
1478 4465 116
1481 2373 106
1481 2630 101
1485 551 0
1485 4452 93
1486 2386 105
1486 2617 0
1489 1424 108
1489 3579 116
1490 1002 101
1490 4001 0
1492 1984 114
1492 3019 112
1493 260 102
1493 4743 111
1495 1849 0
1495 3154 104
1496 1626 106
1496 3377 116
1501 424 101
1501 4579 112
1503 2465 116
1503 2538 0
1506 217 105
1506 4786 115
1510 1458 0
1510 3545 102
1511 711 0
1511 4292 94
1512 1482 106
1512 3521 112
1514 1303 97
1514 3700 110
1515 710 0
1515 4293 99
1516 962 0
1516 4041 95
1517 1310 96
1517 3693 111
1520 1950 105
1520 3053 0
1522 1412 104
1522 3591 106
1523 49 0
1523 4954 94
1527 1719 0
1527 3284 105
1529 839 97
1529 4164 117
1533 2350 102
1533 2653 106
1538 2123 111
1538 2880 101
1542 1246 1
1542 3757 94
1546 1756 97
1546 3247 106
1547 2396 0
1547 2607 99
1551 1592 101
1551 3411 0
1553 1011 105
1553 3992 105
1556 2480 0
1556 2523 104
1560 2298 105
1560 2705 0
1564 2392 94
1564 2611 0
1565 963 110
1565 4040 117
1568 170 96
1568 4833 0
1569 6 114
1569 4997 117
1575 1049 101
1575 3954 0
1578 1353 114
1578 3650 110
1581 608 0
1581 4395 93
1584 2293 1
1584 2710 98
1585 1274 0
1585 3729 100
1586 243 96
1586 4760 0
1587 1902 114
1587 3101 0
1589 942 108
1589 4061 0
1590 763 113
1590 4240 0
1591 2077 109
1591 2926 110
1593 243 0
1593 4760 94
1594 1226 105
1594 3777 0
1596 879 114
1596 4124 0
1598 2229 113
1598 2774 0
1599 1101 102
1599 3902 0
1600 1385 109
1600 3618 112
1601 1476 102
1601 3527 111
1604 246 0
1604 4757 99
1605 435 101
1605 4568 117
1606 384 96
1606 4619 117
1607 592 97
1607 4411 111
1608 865 101
1608 4138 0
1610 303 114
1610 4700 117
1612 2271 101
1612 2732 0
1614 284 105
1614 4719 117
1616 275 96
1616 4728 0
1618 1594 113
1618 3409 0
1619 2457 109
1619 2546 107
1620 2140 106
1620 2863 0
1624 379 113
1624 4624 0
1626 2036 114
1626 2967 107
1627 1771 97
1627 3232 111
1628 1869 0
1628 3134 103
1629 896 0
1629 4107 99
1630 220 96
1630 4783 0
1631 452 101
1631 4551 111
1632 2097 0
1632 2906 93
1633 837 0
1633 4166 99
1634 2028 102
1634 2975 106
1635 1569 0
1635 3434 100
1641 1524 102
1641 3479 112
1643 833 101
1643 4170 0
1648 1070 94
1648 3933 111
1649 1845 0
1649 3158 94
1650 412 0
1650 4591 104
1651 691 106
1651 4312 0
1653 2474 109
1653 2529 116
1655 1958 111
1655 3045 0
1658 51 109
1658 4952 0
1660 1299 115
1660 3704 111
1661 727 96
1661 4276 116
1662 1025 0
1662 3978 93
1663 1374 0
1663 3629 93
1664 1600 0
1664 3403 100
1665 566 97
1665 4437 112
1666 545 101
1666 4458 1
1668 1774 114
1668 3229 111
1669 1268 102
1669 3735 107
1670 842 101
1670 4161 0
1671 1588 108
1671 3415 0
1674 1008 104
1674 3995 107
1675 2042 102
1675 2961 106
1677 1295 0
1677 3708 109
1682 2378 112
1682 2625 102
1683 423 102
1683 4580 112
1687 484 101
1687 4519 0
1688 249 114
1688 4754 0
1690 2243 114
1690 2760 0
1692 1969 103
1692 3034 0
1696 985 103
1696 4018 0
1698 1818 115
1698 3185 112
1701 1476 97
1701 3527 111
1703 2010 0
1703 2993 104
1704 537 0
1704 4466 94
1705 1093 0
1705 3910 98
1706 1839 0
1706 3164 103
1708 2466 0
1708 2537 98
1711 1292 0
1711 3711 99
1713 956 0
1713 4047 93
1714 1320 0
1714 3683 98
1716 1122 0
1716 3881 93
1721 354 0
1721 4649 94
1725 1500 0
1725 3503 114
1728 1175 96
1728 3828 0
1731 519 108
1731 4484 0
1732 1104 114
1732 3899 0
1733 1440 105
1733 3563 107
1734 585 101
1734 4418 0
1736 1837 109
1736 3166 111
1737 1735 0
1737 3268 100
1738 1639 106
1738 3364 0
1739 798 109
1739 4205 0
1741 237 114
1741 4766 117
1744 1918 96
1744 3085 0
1746 1585 109
1746 3418 0
1748 1038 94
1748 3965 111
1749 1800 0
1749 3203 104
1751 1026 102
1751 3977 116
1753 1041 107
1753 3962 106
1754 2048 0
1754 2955 103
1757 939 0
1757 4064 95
1759 2252 111
1759 2751 0
1760 1767 109
1760 3236 111
1767 1075 0
1767 3928 95
1770 80 96
1770 4923 0
1771 1874 115
1771 3129 111
1772 2014 0
1772 2989 99
1773 1185 1
1773 3818 109
1774 1887 106
1774 3116 0
1775 360 94
1775 4643 117
1776 486 96
1776 4517 0
1777 796 114
1777 4207 112
1779 1325 106
1779 3678 0
1780 964 114
1780 4039 106
1785 99 96
1785 4904 0
1786 2323 113
1786 2680 0
1787 1539 115
1787 3464 112
1790 1007 96
1790 3996 0
1791 539 104
1791 4464 117
1794 637 101
1794 4366 0
1797 1685 113
1797 3318 0
1798 1911 108
1798 3092 102
1799 783 106
1799 4220 112
1802 2162 107
1802 2841 106
1805 206 0
1805 4797 100
1806 1881 101
1806 3122 112
1807 1188 96
1807 3815 0
1808 1489 103
1808 3514 0
1810 1965 104
1810 3038 107
1811 1579 96
1811 3424 107
1813 596 96
1813 4407 117
1815 1579 101
1815 3424 0
1816 272 114
1816 4731 117
1820 753 96
1820 4250 116
1822 1574 0
1822 3429 104
1823 2319 106
1823 2684 0
1824 243 109
1824 4760 116
1827 2285 101
1827 2718 112
1828 2343 107
1828 2660 112
1829 2096 102
1829 2907 107
1830 1359 97
1830 3644 116
1831 2059 96
1831 2944 0
1832 1164 109
1832 3839 0
1833 958 104
1833 4045 106
1835 1787 0
1835 3216 99
1836 2106 0
1836 2897 99
1837 869 1092
1837 4134 0
1838 498 109
1838 4505 112
1839 45 96
1839 4958 0
1840 427 113
1840 4576 117
1841 1317 97
1841 3686 111
1844 271 0
1844 4732 94
1845 411 97
1845 4592 111
1846 791 0
1846 4212 94
1848 991 102
1848 4012 117
1850 1305 97
1850 3698 117
1851 2074 102
1851 2929 107
1852 1736 112
1852 3267 111
1854 597 112
1854 4406 117
1855 2275 107
1855 2728 107
1856 671 96
1856 4332 116
1857 2242 0
1857 2761 109
1858 924 101
1858 4079 116
1859 2024 0
1859 2979 115
1860 729 107
1860 4274 107
1861 574 96
1861 4429 117
1864 2279 101
1864 2724 0
1865 2416 93
1865 2587 0
1866 1367 94
1866 3636 0
1868 1261 110
1868 3742 107
1870 788 101
1870 4215 112
1872 829 96
1872 4174 112
1874 1640 106
1874 3363 0
1875 1133 109
1875 3870 0
1877 1085 114
1877 3918 96
1881 352 101
1881 4651 117
1883 805 101
1883 4198 117
1885 1244 96
1885 3759 101
1886 1610 102
1886 3393 106
1889 520 0
1889 4483 103
1891 1377 0
1891 3626 99
1892 1704 101
1892 3299 0
1898 129 104
1898 4874 117
1899 1848 107
1899 3155 112
1900 496 96
1900 4507 116
1901 381 96
1901 4622 112
1906 165 96
1906 4838 117
1909 2240 112
1909 2763 111
1912 1813 1092
1912 3190 0
1913 1299 110
1913 3704 111
1914 1237 0
1914 3766 99
1915 1578 102
1915 3425 102
1917 1238 96
1917 3765 0
1919 2178 109
1919 2825 0
1920 1503 110
1920 3500 106
1921 1647 0
1921 3356 108
1926 23 0
1926 4980 94
1928 2265 0
1928 2738 104
1932 620 96
1932 4383 0
1933 729 114
1933 4274 116
1934 728 0
1934 4275 98
1935 308 96
1935 4695 116
1937 400 0
1937 4603 94
1938 505 0
1938 4498 94
1942 1348 97
1942 3655 111
1943 628 0
1943 4375 94
1944 1362 0
1944 3641 93
1945 1123 0
1945 3880 95
1946 836 96
1946 4167 117
1951 119 101
1951 4884 116
1952 304 0
1952 4699 94
1956 48 96
1956 4955 0
1957 1245 114
1957 3758 117
1960 2441 101
1960 2562 0
1962 185 110
1962 4818 116
1963 1337 0
1963 3666 98
1964 1314 0
1964 3689 104
1968 346 0
1968 4657 93
1969 1036 0
1969 3967 100
1970 1652 97
1970 3351 106
1971 1245 0
1971 3758 99
1974 212 0
1974 4791 94
1975 2214 101
1975 2789 116
1979 182 0
1979 4821 94
1982 220 0
1982 4783 94
1983 1326 102
1983 3677 106
1984 251 0
1984 4752 99
1985 944 102
1985 4059 117
1986 394 95
1986 4609 0
1988 1890 115
1988 3113 111
1989 1898 0
1989 3105 94
1993 1509 0
1993 3494 100
1994 881 96
1994 4122 0
1998 1898 113
1998 3105 0
2004 2448 98
2004 2555 0
2006 1870 109
2006 3133 111
2009 1970 101
2009 3033 0
2010 2096 114
2010 2907 0
2011 985 104
2011 4018 112
2012 2163 107
2012 2840 107
2013 812 96
2013 4191 0
2014 185 103
2014 4818 116
2016 1537 0
2016 3466 103
2018 2060 0
2018 2943 98
2019 2209 0
2019 2794 103
2021 1605 0
2021 3398 104
2022 1918 102
2022 3085 117
2025 629 97
2025 4374 117
2029 2033 102
2029 2970 112
2030 2385 97
2030 2618 106
2033 1472 0
2033 3531 93
2035 1871 0
2035 3132 104
2036 1422 0
2036 3581 103
2037 621 0
2037 4382 94
2038 750 95
2038 4253 0
2042 2162 113
2042 2841 0
2044 2196 99
2044 2807 0
2046 1901 99
2046 3102 0
2048 802 114
2048 4201 112
2049 2446 112
2049 2557 112
2052 2191 107
2052 2812 106
2059 1524 0
2059 3479 108
2060 329 0
2060 4674 94
2061 2275 0
2061 2728 93
2063 2337 97
2063 2666 106
2064 1955 0
2064 3048 108
2070 2159 102
2070 2844 97
2071 1756 102
2071 3247 107
2075 1891 102
2075 3112 107
2076 1409 111
2076 3594 0
2078 1568 108
2078 3435 0
2079 1548 114
2079 3455 107
2083 2229 102
2083 2774 112
2084 788 96
2084 4215 111
2085 1755 0
2085 3248 94
2089 1086 0
2089 3917 98
2091 1057 0
2091 3946 98
2092 829 0
2092 4174 99
2094 2249 101
2094 2754 0
2095 2112 99
2095 2891 96
2097 2193 0
2097 2810 104
2106 15 0
2106 4988 94
2108 1537 97
2108 3466 112
2109 2269 106
2109 2734 117
2110 2470 102
2110 2533 102
2113 1164 102
2113 3839 112
2115 512 96
2115 4491 117
2119 2440 112
2119 2563 106
2120 232 101
2120 4771 0
2121 159 114
2121 4844 117
2123 1812 112
2123 3191 111
2125 1168 0
2125 3835 103
2126 2370 0
2126 2633 103
2127 2489 106
2127 2514 0
2129 309 108
2129 4694 0
2130 1057 113
2130 3946 0
2131 2258 113
2131 2745 0
2138 1479 104
2138 3524 111
2140 2001 0
2140 3002 103
2141 1111 0
2141 3892 93
2143 318 0
2143 4685 93
2144 576 0
2144 4427 94
2145 1221 107
2145 3782 116
2147 2438 102
2147 2565 111
2151 1472 0
2151 3531 103
2152 1567 101
2152 3436 106
2155 2473 0
2155 2530 104
2156 650 0
2156 4353 99
2157 1737 96
2157 3266 0
2158 1350 109
2158 3653 106
2159 1973 0
2159 3030 98
2160 1609 0
2160 3394 98
2161 2026 95
2161 2977 0
2162 1781 100
2162 3222 107
2163 1650 106
2163 3353 111
2164 2008 111
2164 2995 0
2167 504 104
2167 4499 112
2169 2138 101
2169 2865 106
2172 929 0
2172 4074 93
2174 46 0
2174 4957 94
2175 1855 101
2175 3148 106
2179 1986 0
2179 3017 104
2180 812 96
2180 4191 0
2181 1451 108
2181 3552 111
2182 1888 107
2182 3115 111
2184 643 96
2184 4360 117
2185 2268 106
2185 2735 0
2188 2021 105
2188 2982 106
2190 485 0
2190 4518 93
2192 401 0
2192 4602 94
2193 607 101
2193 4396 0
2194 2414 115
2194 2589 102
2195 2463 96
2195 2540 106
2196 234 0
2196 4769 93
2197 2221 106
2197 2782 0
2198 115 99
2198 4888 116
2199 1911 0
2199 3092 114
2200 995 97
2200 4008 117
2201 1031 96
2201 3972 112
2204 292 101
2204 4711 0
2209 516 109
2209 4487 0
2210 1640 115
2210 3363 102
2213 537 96
2213 4466 117
2215 2077 101
2215 2926 0
2216 1900 114
2216 3103 0
2218 1656 99
2218 3347 0
2219 850 104
2219 4153 0
2220 1491 113
2220 3512 0
2221 1049 104
2221 3954 0
2226 604 114
2226 4399 111
2238 1478 0
2238 3525 108
2239 832 0
2239 4171 99
2241 587 101
2241 4416 116
2243 928 106
2243 4075 106
2244 991 0
2244 4012 98
2245 76 100
2245 4927 0
2246 1034 114
2246 3969 0
2247 1225 95
2247 3778 107
2248 1149 111
2248 3854 0
2250 171 109
2250 4832 0
2253 837 109
2253 4166 0
2254 1112 109
2254 3891 111
2256 1752 0
2256 3251 99
2257 170 101
2257 4833 116
2260 655 0
2260 4348 94
2261 1551 106
2261 3452 116
2262 974 0
2262 4029 99
2264 676 96
2264 4327 116
2265 2491 0
2265 2512 99
2268 2477 111
2268 2526 112
2269 1422 102
2269 3581 116
2270 839 95
2270 4164 0
2272 781 108
2272 4222 117
2273 639 96
2273 4364 117
2274 892 100
2274 4111 0
2276 1460 115
2276 3543 111
2277 647 96
2277 4356 117
2278 2384 106
2278 2619 0
2279 102 104
2279 4901 111
2281 1539 0
2281 3464 98
2282 252 96
2282 4751 0
2283 1034 93
2283 3969 116
2284 760 0
2284 4243 99
2287 2128 117
2287 2875 102
2289 1563 106
2289 3440 0
2290 1220 113
2290 3783 0
2291 2375 115
2291 2628 101
2292 1509 0
2292 3494 94
2293 219 96
2293 4784 116
2294 2389 101
2294 2614 0
2296 2226 108
2296 2777 0
2297 393 100
2297 4610 117
2299 892 101
2299 4111 111
2302 2208 111
2302 2795 0
2304 1094 98
2304 3909 0
2305 2415 108
2305 2588 0
2309 937 98
2309 4066 0
2311 500 113
2311 4503 0
2314 1517 113
2314 3486 0
2317 652 99
2317 4351 1092
2319 1138 0
2319 3865 94
2320 1223 101
2320 3780 106
2322 52 96
2322 4951 116
2328 1846 107
2328 3157 117
2332 1294 106
2332 3709 111
2335 1963 0
2335 3040 104
2337 53 95
2337 4950 0
2338 223 113
2338 4780 0
2339 2033 114
2339 2970 0
2342 1685 98
2342 3318 110
2343 1325 0
2343 3678 98
2345 1954 0
2345 3049 98
2347 2152 0
2347 2851 93
2348 1992 101
2348 3011 106
2349 415 0
2349 4588 93
2353 197 0
2353 4806 94
2355 1849 106
2355 3154 0
2358 2333 113
2358 2670 107
2359 149 95
2359 4854 0
2360 1984 113
2360 3019 102
2361 2172 111
2361 2831 0
2362 2097 103
2362 2906 0
2364 48 115
2364 4955 116
2365 797 96
2365 4206 116
2368 1892 101
2368 3111 111
2369 2288 0
2369 2715 108
2371 195 96
2371 4808 101
2372 1355 111
2372 3648 0
2375 486 109
2375 4517 116
2380 1852 97
2380 3151 117
2383 2141 101
2383 2862 0
2385 2301 98
2385 2702 0
2386 2093 93
2386 2910 0
2387 509 99
2387 4494 0
2388 624 108
2388 4379 106
2392 924 0
2392 4079 104
2393 1978 106
2393 3025 0
2394 1110 103
2394 3893 0
2396 164 109
2396 4839 117
2398 1866 96
2398 3137 101
2399 2207 0
2399 2796 109
2404 959 96
2404 4044 117
2405 1938 107
2405 3065 97
2406 1159 106
2406 3844 106
2412 1855 0
2412 3148 93
2413 2251 0
2413 2752 103
2414 734 101
2414 4269 116
2415 450 0
2415 4553 94
2416 605 95
2416 4398 0
2418 1593 114
2418 3410 0
2419 1088 103
2419 3915 0
2423 1370 108
2423 3633 0
2424 1599 108
2424 3404 106
2425 1960 0
2425 3043 98
2426 979 1093
2426 4024 0
2429 2049 113
2429 2954 111
2430 133 0
2430 4870 94
2433 1708 101
2433 3295 106
2434 1659 0
2434 3344 97
2435 213 0
2435 4790 93
2436 264 0
2436 4739 94
2441 2220 101
2441 2783 0
2443 2130 99
2443 2873 0
2444 697 103
2444 4306 0
2446 2126 113
2446 2877 0
2447 2031 108
2447 2972 0
2451 1671 98
2451 3332 0
2452 1785 93
2452 3218 0
2454 77 103
2454 4926 0
2457 1391 114
2457 3612 0
2461 998 109
2461 4005 0
2465 168 113
2465 4835 0
2467 2371 114
2467 2632 0
2468 114 109
2468 4889 116
2469 541 0
2469 4462 98
2470 2300 101
2470 2703 106
2475 2279 106
2475 2724 106
2479 1288 101
2479 3715 0
2485 2100 103
2485 2903 111
2487 1695 100
2487 3308 0
2488 1818 103
2488 3185 0
2489 735 114
2489 4268 116
2490 1246 0
2490 3757 103
2492 2073 106
2492 2930 111
2493 2379 0
2493 2624 103
2494 1646 0
2494 3357 103
2495 1409 0
2495 3594 94
2500 75 96
2500 4928 116
2501 610 100
2501 4393 0
2502 1122 109
2502 3881 106
2505 1108 101
2505 3895 0
2506 607 109
2506 4396 111
2511 592 95
2511 4411 0
2517 1659 113
2517 3344 0
2518 472 103
2518 4531 0
2519 1878 108
2519 3125 0
2520 1230 98
2520 3773 0
2522 563 114
2522 4440 111
2523 66 95
2523 4937 0
2525 914 113
2525 4089 116
2526 1833 0
2526 3170 109
2527 1443 96
2527 3560 111
2528 1323 0
2528 3680 104
2531 1858 95
2531 3145 0
2533 1755 114
2533 3248 0
2535 444 93
2535 4559 111
2537 1615 102
2537 3388 117
2539 907 105
2539 4096 0
2540 2324 113
2540 2679 116
2541 2242 0
2541 2761 94
2542 2366 111
2542 2637 111
2543 1686 0
2543 3317 98
2545 616 0
2545 4387 94
2547 1296 101
2547 3707 106
2549 1255 106
2549 3748 101
2550 1376 96
2550 3627 106
2551 1656 101
2551 3347 106
2555 929 0
2555 4074 104
2556 2311 107
2556 2692 96
2557 555 101
2557 4448 106
2558 1072 0
2558 3931 93
2559 1010 106
2559 3993 106
2560 1954 96
2560 3049 0
2566 2488 109
2566 2515 110
2567 675 0
2567 4328 99
2570 1375 101
2570 3628 117
2573 1884 96
2573 3119 105
2574 1243 0
2574 3760 104
2578 983 96
2578 4020 112
2582 1969 101
2582 3034 111
2585 854 0
2585 4149 94
2586 1182 96
2586 3821 0
2587 1239 114
2587 3764 110
2589 1254 0
2589 3749 98
2593 2286 0
2593 2717 103
2594 1063 0
2594 3940 99
2595 1698 110
2595 3305 0
2596 758 103
2596 4245 112
2599 861 101
2599 4142 110
2601 1571 0
2601 3432 94
2602 1557 106
2602 3446 0
2603 121 109
2603 4882 0
2605 1978 114
2605 3025 0
2610 1866 99
2610 3137 106
2616 78 0
2616 4925 94
2617 1845 96
2617 3158 111
2618 306 100
2618 4697 0
2620 1039 108
2620 3964 0
2627 10 114
2627 4993 115
2632 1305 0
2632 3698 94
2633 869 100
2633 4134 0
2634 643 114
2634 4360 116
2636 2106 106
2636 2897 106
2637 289 0
2637 4714 104
2638 1540 101
2638 3463 0
2640 535 108
2640 4468 0
2641 742 114
2641 4261 0
2642 1190 113
2642 3813 0
2644 802 109
2644 4201 0
2646 359 114
2646 4644 111
2647 2323 0
2647 2680 98
2650 549 95
2650 4454 0
2655 156 114
2655 4847 110
2657 2332 0
2657 2671 98
2658 2130 0
2658 2873 98
2662 475 0
2662 4528 94
2664 1269 101
2664 3734 0
2665 1630 113
2665 3373 106
2666 814 96
2666 4189 111
2668 1660 0
2668 3343 99
2671 2218 111
2671 2785 116
2673 271 0
2673 4732 94
2676 2430 100
2676 2573 0
2677 995 102
2677 4008 0
2678 2416 108
2678 2587 0
2679 964 108
2679 4039 0
2680 255 99
2680 4748 110
2682 1494 0
2682 3509 103
2683 2061 0
2683 2942 98
2690 269 0
2690 4734 94
2691 2128 95
2691 2875 0
2693 909 104
2693 4094 116
2694 296 0
2694 4707 94
2695 1096 96
2695 3907 116
2696 140 96
2696 4863 116
2697 889 100
2697 4114 0
2698 521 109
2698 4482 117
2699 1586 106
2699 3417 0
2703 162 108
2703 4841 117
2706 431 96
2706 4572 111
2708 2314 0
2708 2689 98
2712 2234 101
2712 2769 112
2713 50 96
2713 4953 116
2715 202 96
2715 4801 116
2717 452 96
2717 4551 115
2718 2028 0
2718 2975 104
2719 2373 106
2719 2630 106
2720 2246 0
2720 2757 94
2722 564 96
2722 4439 116
2724 367 0
2724 4636 104
2725 1890 0
2725 3113 113
2726 1260 0
2726 3743 98
2727 1556 96
2727 3447 111
2732 1599 0
2732 3404 94
2733 402 95
2733 4601 0
2735 297 114
2735 4706 0
2737 1003 109
2737 4000 0
2740 1583 92
2740 3420 0
2743 867 109
2743 4136 116
2745 1045 0
2745 3958 99
2748 1404 106
2748 3599 106
2752 2238 106
2752 2765 116
2757 2246 101
2757 2757 107
2758 1077 101
2758 3926 116
2759 1371 0
2759 3632 97
2760 1792 0
2760 3211 109
2761 589 105
2761 4414 0
2764 1414 113
2764 3589 0
2765 942 113
2765 4061 0
2767 2189 109
2767 2814 106
2768 1376 95
2768 3627 0
2769 2299 108
2769 2704 105
2770 815 0
2770 4188 98
2771 2326 106
2771 2677 0
2772 502 94
2772 4501 111
2774 426 0
2774 4577 93
2775 1167 0
2775 3836 93
2776 1280 116
2776 3723 111
2779 1071 96
2779 3932 101
2781 345 96
2781 4658 116
2782 775 95
2782 4228 0
2783 1380 113
2783 3623 116
2785 1785 95
2785 3218 0
2786 598 113
2786 4405 0
2787 773 113
2787 4230 116
2789 1704 111
2789 3299 105
2794 1965 0
2794 3038 97
2795 2146 0
2795 2857 103
2799 1160 0
2799 3843 104
2801 2483 111
2801 2520 106
2805 2048 0
2805 2955 93
2806 1434 96
2806 3569 105
2807 2280 0
2807 2723 99
2812 117 95
2812 4886 0
2814 1041 114
2814 3962 0
2818 323 113
2818 4680 116
2819 2288 0
2819 2715 103
2820 2379 111
2820 2624 0
2821 51 104
2821 4952 0
2822 1650 114
2822 3353 101
2824 754 100
2824 4249 0
2825 193 103
2825 4810 115
2826 2418 0
2826 2585 103
2827 34 0
2827 4969 94
2829 590 96
2829 4413 0
2830 676 112
2830 4327 0
2832 1145 108
2832 3858 0
2833 1281 99
2833 3722 116
2838 1999 106
2838 3004 111
2839 1737 106
2839 3266 0
2840 1451 113
2840 3552 115
2841 1221 0
2841 3782 99
2843 2010 100
2843 2993 0
2845 1867 103
2845 3136 116
2846 2008 100
2846 2995 0
2848 1592 112
2848 3411 0
2852 552 103
2852 4451 116
2854 623 0
2854 4380 99
2857 815 106
2857 4188 106
2858 1781 0
2858 3222 99
2859 2030 111
2859 2973 106
2860 1675 106
2860 3328 101
2862 540 0
2862 4463 98
2863 1168 0
2863 3835 103
2864 2146 101
2864 2857 101
2865 1129 101
2865 3874 116
2866 450 100
2866 4553 0
2870 2138 108
2870 2865 0
2874 2386 98
2874 2617 116
2875 2460 96
2875 2543 105
2877 1101 0
2877 3902 98
2878 2001 0
2878 3002 93
2880 670 95
2880 4333 0
2884 200 114
2884 4803 0
2885 348 113
2885 4655 0
2886 1583 113
2886 3420 106
2888 1952 0
2888 3051 98
2889 398 0
2889 4605 93
2891 1798 0
2891 3205 98
2892 1053 101
2892 3950 111
2897 1194 96
2897 3809 0
2898 1914 114
2898 3089 111
2899 1025 106
2899 3978 0
2902 1680 109
2902 3323 110
2903 210 0
2903 4793 94
2904 889 95
2904 4114 0
2905 1088 114
2905 3915 105
2908 2176 0
2908 2827 98
2909 71 0
2909 4932 94
2915 908 101
2915 4095 106
2916 1257 0
2916 3746 104
2918 2300 111
2918 2703 0
2919 1162 97
2919 3841 0
2921 2397 109
2921 2606 101
2923 1928 95
2923 3075 0
2924 834 102
2924 4169 0
2925 270 108
2925 4733 116
2926 1934 106
2926 3069 106
2929 198 95
2929 4805 0
2931 2355 114
2931 2648 106
2932 2456 0
2932 2547 108
2933 39 0
2933 4964 93
2936 873 0
2936 4130 97
2940 2480 0
2940 2523 104
2942 1769 106
2942 3234 0
2943 2358 97
2943 2645 0
2945 183 99
2945 4820 116
2946 1370 0
2946 3633 98
2948 956 100
2948 4047 0
2952 1489 103
2952 3514 111
2953 2037 0
2953 2966 108
2955 149 95
2955 4854 0
2956 1064 112
2956 3939 0
2958 1358 113
2958 3645 111
2965 737 101
2965 4266 116
2969 204 0
2969 4799 93
2970 552 96
2970 4451 111
2973 235 95
2973 4768 0
2974 1269 114
2974 3734 111
2975 2488 96
2975 2515 106
2976 1152 105
2976 3851 0
2977 547 109
2977 4456 116
2979 2243 101
2979 2760 96
2982 637 96
2982 4366 116
2983 2220 101
2983 2783 105
2985 556 0
2985 4447 104
2986 1623 106
2986 3380 0
2988 183 113
2988 4820 116
2989 1987 106
2989 3016 105
2992 1553 0
2992 3450 94
2996 938 96
2996 4065 110
3000 266 0
3000 4737 93
3001 582 0
3001 4421 99
3002 2222 106
3002 2781 106
3003 351 96
3003 4652 116
3004 1465 96
3004 3538 111
3006 439 96
3006 4564 116
3007 992 105
3007 4011 0
3008 2396 108
3008 2607 0
3009 1235 113
3009 3768 111
3011 287 96
3011 4716 116
3013 1623 0
3013 3380 99
3015 2384 100
3015 2619 0
3016 997 99
3016 4006 0
3017 1886 109
3017 3117 111
3020 1074 101
3020 3929 116
3022 2453 106
3022 2550 106
3023 1863 101
3023 3140 0
3026 695 107
3026 4308 0
3027 124 108
3027 4879 0
3028 302 113
3028 4701 116
3030 2076 0
3030 2927 92
3032 978 0
3032 4025 98
3033 1282 0
3033 3721 97
3034 1419 0
3034 3584 93
3037 2247 0
3037 2756 113
3038 1999 96
3038 3004 95
3041 1987 0
3041 3016 99
3044 1148 101
3044 3855 105
3045 1655 0
3045 3348 97
3046 978 0
3046 4025 99
3050 921 101
3050 4082 110
3051 1048 0
3051 3955 98
3054 1790 0
3054 3213 93
3056 2479 0
3056 2524 104
3060 807 100
3060 4196 0
3062 246 103
3062 4757 116
3064 1065 0
3064 3938 98
3066 1283 0
3066 3720 93
3067 2296 106
3067 2707 111
3069 1215 95
3069 3788 0
3070 578 105
3070 4425 116
3071 382 95
3071 4621 0
3074 165 114
3074 4838 115
3075 503 0
3075 4500 93
3077 254 0
3077 4749 94
3078 617 101
3078 4386 116
3079 735 96
3079 4268 110
3080 1286 0
3080 3717 99
3082 1559 96
3082 3444 105
3084 1651 0
3084 3352 104
3086 1908 111
3086 3095 106
3089 2102 100
3089 2901 0
3090 528 113
3090 4475 0
3094 2171 113
3094 2832 111
3095 2247 101
3095 2756 0
3099 2074 108
3099 2929 111
3100 269 95
3100 4734 0
3102 1075 113
3102 3928 116
3103 1575 101
3103 3428 111
3104 1197 105
3104 3806 0
3106 551 113
3106 4452 0
3108 1690 109
3108 3313 106
3109 18 97
3109 4985 116
3110 1580 105
3110 3423 0
3116 1070 114
3116 3933 0
3117 1799 113
3117 3204 111
3118 969 102
3118 4034 116
3119 2022 101
3119 2981 105
3121 723 0
3121 4280 93
3122 285 97
3122 4718 116
3124 1125 100
3124 3878 0
3125 308 107
3125 4695 0
3126 830 113
3126 4173 105
3128 239 1
3128 4764 99
3130 266 100
3130 4737 0
3133 1162 112
3133 3841 0
3136 1664 108
3136 3339 0
3139 1323 99
3139 3680 105
3140 395 0
3140 4608 93
3142 2345 106
3142 2658 110
3143 578 0
3143 4425 97
3148 1769 0
3148 3234 103
3149 2321 0
3149 2682 98
3150 95 0
3150 4908 98
3151 1442 0
3151 3561 98
3153 195 0
3153 4808 98
3155 1371 0
3155 3632 103
3162 81 0
3162 4922 99
3165 131 96
3165 4872 0
3168 1912 113
3168 3091 110
3169 2124 0
3169 2879 108
3175 2111 101
3175 2892 110
3176 698 0
3176 4305 98
3177 758 0
3177 4245 98
3179 454 0
3179 4549 99
3182 1322 106
3182 3681 110
3184 2388 0
3184 2615 108
3185 2449 106
3185 2554 111
3186 635 107
3186 4368 111
3187 1869 115
3187 3134 0
3189 954 93
3189 4049 0
3190 596 108
3190 4407 0
3191 1731 113
3191 3272 115
3193 516 0
3193 4487 93
3194 1170 0
3194 3833 98
3197 63 0
3197 4940 94
3200 1222 101
3200 3781 100
3202 880 0
3202 4123 92
3204 1776 0
3204 3227 98
3207 2019 0
3207 2984 93
3208 1828 0
3208 3175 104
3209 1605 106
3209 3398 106
3210 1814 101
3210 3189 0
3211 1272 104
3211 3731 111
3212 2091 101
3212 2912 106
3213 1180 100
3213 3823 0
3214 2324 109
3214 2679 0
3216 564 107
3216 4439 0
3220 1572 103
3220 3431 0
3225 1093 107
3225 3910 0
3226 614 110
3226 4389 115
3228 22 0
3228 4981 94
3230 2006 100
3230 2997 0
3232 1441 109
3232 3562 111
3234 1045 101
3234 3958 111
3236 381 101
3236 4622 111
3239 558 97
3239 4445 115
3241 1520 0
3241 3483 94
3242 1076 96
3242 3927 110
3243 1619 0
3243 3384 97
3244 1139 0
3244 3864 93
3245 1288 0
3245 3715 109
3246 927 101
3246 4076 110
3247 624 0
3247 4379 93
3249 115 0
3249 4888 93
3251 1477 105
3251 3526 0
3252 1428 104
3252 3575 110
3254 1723 0
3254 3280 104
3257 784 101
3257 4219 0
3258 2024 113
3258 2979 115
3265 762 0
3265 4241 103
3266 1301 105
3266 3702 0
3273 1594 108
3273 3409 100
3275 1613 0
3275 3390 98
3278 1320 0
3278 3683 93
3280 457 0
3280 4546 93
3281 1425 1
3281 3578 103
3283 1870 0
3283 3133 108
3285 685 0
3285 4318 98
3286 1358 106
3286 3645 110
3287 610 0
3287 4393 93
3288 1003 95
3288 4000 0
3289 1500 113
3289 3503 0
3291 380 103
3291 4623 0
3293 703 109
3293 4300 0
3295 2374 109
3295 2629 111
3297 1042 95
3297 3961 1
3300 1609 108
3300 3394 0
3301 1688 97
3301 3315 0
3303 2298 104
3303 2705 0
3307 1553 104
3307 3450 111
3308 640 101
3308 4363 111
3310 1178 0
3310 3825 93
3312 2035 0
3312 2968 104
3315 1904 0
3315 3099 104
3317 1814 105
3317 3189 0
3318 912 109
3318 4091 105
3319 2014 0
3319 2989 93
3320 203 102
3320 4800 116
3322 1455 110
3322 3548 0
3324 1482 108
3324 3521 0
3326 1300 108
3326 3703 0
3330 2493 113
3330 2510 95
3332 1988 0
3332 3015 100
3333 248 97
3333 4755 115
3337 2099 0
3337 2904 99
3343 528 0
3343 4475 93
3345 1888 1
3345 3115 105
3346 1032 105
3346 3971 0
3351 819 103
3351 4184 0
3352 456 113
3352 4547 0
3354 2093 114
3354 2910 110
3356 117 0
3356 4886 98
3359 1934 96
3359 3069 106
3360 1431 111
3360 3572 105
3361 2187 0
3361 2816 98
3363 658 0
3363 4345 100
3364 1511 96
3364 3492 111
3365 722 0
3365 4281 95
3366 849 106
3366 4154 0
3367 941 115
3367 4062 117
3371 742 96
3371 4261 112
3375 272 97
3375 4731 111
3379 1897 0
3379 3106 94
3381 303 0
3381 4700 94
3384 1819 116
3384 3184 102
3386 2441 111
3386 2562 111
3387 2123 0
3387 2880 110
3388 222 95
3388 4781 0
3391 1906 108
3391 3097 0
3394 1721 113
3394 3282 0
3395 2235 115
3395 2768 101
3396 2073 0
3396 2930 109
3397 1995 0
3397 3008 99
3403 619 97
3403 4384 117
3404 2370 102
3404 2633 117
3407 336 96
3407 4667 0
3408 925 112
3408 4078 106
3410 454 0
3410 4549 93
3411 2056 0
3411 2947 104
3413 871 97
3413 4132 116
3414 1478 0
3414 3525 94
3415 1887 106
3415 3116 110
3417 454 0
3417 4549 99
3418 493 0
3418 4510 100
3419 725 97
3419 4278 110
3420 2418 0
3420 2585 105
3421 1901 107
3421 3102 101
3425 2078 96
3425 2925 0
3426 1834 102
3426 3169 0
3427 351 108
3427 4652 0
3428 775 114
3428 4228 117
3429 467 106
3429 4536 0
3431 6 113
3431 4997 0
3432 2213 114
3432 2790 0
3433 678 104
3433 4325 117
3436 1833 96
3436 3170 111
3439 1445 0
3439 3558 94
3441 2434 0
3441 2569 100
3442 1641 106
3442 3362 0
3447 2337 114
3447 2666 0
3452 2473 109
3452 2530 105
3453 1616 1
3453 3387 98
3457 2456 0
3457 2547 104
3463 305 97
3463 4698 117
3464 2272 106
3464 2731 102
3465 275 97
3465 4728 112
3467 1893 101
3467 3110 0
3468 213 104
3468 4790 116
3469 1747 0
3469 3256 93
3470 1316 0
3470 3687 98
3471 2042 0
3471 2961 104
3472 1340 117
3472 3663 105
3473 2191 0
3473 2812 93
3474 402 0
3474 4601 99
3477 2118 0
3477 2885 104
3478 1379 102
3478 3624 112
3479 1814 106
3479 3189 111
3481 882 0
3481 4121 95
3484 971 97
3484 4032 117
3489 1961 96
3489 3042 0
3492 2442 114
3492 2561 107
3493 425 97
3493 4578 116
3497 134 96
3497 4869 115
3503 1683 0
3503 3320 98
3504 1841 0
3504 3162 99
3509 1764 102
3509 3239 112
3513 1438 102
3513 3565 107
3515 2430 112
3515 2573 110
3517 309 0
3517 4694 93
3522 760 102
3522 4243 117
3523 345 97
3523 4658 115
3524 563 0
3524 4440 100
3525 759 102
3525 4244 117
3527 850 96
3527 4153 0
3530 2132 113
3530 2871 0
3531 824 108
3531 4179 1
3533 184 113
3533 4819 0
3536 2238 114
3536 2765 101
3540 778 0
3540 4225 100
3541 279 96
3541 4724 1
3542 455 113
3542 4548 0
3543 650 108
3543 4353 0
3545 41 114
3545 4962 116
3546 202 0
3546 4801 94
3549 1291 101
3549 3712 0
3550 1699 104
3550 3304 0
3552 46 104
3552 4957 117
3553 265 97
3553 4738 116
3554 1924 0
3554 3079 95
3555 354 96
3555 4649 117
3556 2375 106
3556 2628 0
3558 1941 104
3558 3062 107
3559 341 102
3559 4662 105
3560 1871 0
3560 3132 104
3561 427 101
3561 4576 111
3562 1673 0
3562 3330 113
3564 80 0
3564 4923 93
3566 2302 0
3566 2701 100
3569 1087 106
3569 3916 0
3570 1270 109
3570 3733 116
3573 528 0
3573 4475 95
3576 351 96
3576 4652 116
3577 338 0
3577 4665 94
3579 553 0
3579 4450 105
3580 1881 101
3580 3122 0
3584 786 114
3584 4217 112
3585 1285 102
3585 3718 101
3586 474 0
3586 4529 100
3589 2429 101
3589 2574 0
3594 2004 98
3594 2999 0
3596 2027 104
3596 2976 96
3598 2407 0
3598 2596 108
3599 1458 0
3599 3545 98
3600 917 0
3600 4086 100
3601 1466 102
3601 3537 112
3604 70 96
3604 4933 116
3607 2301 0
3607 2702 108
3614 1726 0
3614 3277 104
3617 2456 0
3617 2547 103
3618 2452 0
3618 2551 110
3619 1359 107
3619 3644 111
3620 707 0
3620 4296 94
3622 1670 0
3622 3333 103
3625 119 0
3625 4884 95
3627 2448 102
3627 2555 116
3630 2471 0
3630 2532 104
3635 1364 101
3635 3639 0
3637 1175 103
3637 3828 0
3639 1174 114
3639 3829 0
3640 1563 113
3640 3440 0
3642 10 109
3642 4993 115
3647 1812 0
3647 3191 104
3648 292 0
3648 4711 94
3649 77 0
3649 4926 94
3650 827 96
3650 4176 0
3651 410 113
3651 4593 0
3652 2029 114
3652 2974 111
3655 1517 0
3655 3486 105
3656 281 97
3656 4722 111
3657 2281 0
3657 2722 99
3665 1341 102
3665 3662 117
3671 1697 101
3671 3306 0
3672 392 109
3672 4611 112
3673 78 96
3673 4925 117
3675 879 101
3675 4124 112
3677 798 0
3677 4205 105
3679 724 97
3679 4279 111
3680 2435 0
3680 2568 109
3682 2135 106
3682 2868 112
3683 2206 96
3683 2797 0
3688 579 109
3688 4424 0
3689 749 108
3689 4254 0
3692 846 94
3692 4157 116
3693 2110 107
3693 2893 106
3694 1585 0
3694 3418 100
3695 1241 102
3695 3762 112
3697 1971 112
3697 3032 112
3698 859 101
3698 4144 0
3702 345 114
3702 4658 0
3703 2385 114
3703 2618 106
3707 1553 0
3707 3450 104
3711 1248 102
3711 3755 111
3713 1143 0
3713 3860 99
3715 411 97
3715 4592 116
3716 1859 112
3716 3144 101
3717 78 0
3717 4925 99
3718 2238 106
3718 2765 0
3719 218 98
3719 4785 0
3720 719 113
3720 4284 0
3721 1934 114
3721 3069 111
3722 792 0
3722 4211 94
3723 662 0
3723 4341 94
3725 789 101
3725 4214 0
3726 2304 114
3726 2699 96
3730 1550 0
3730 3453 99
3731 1154 101
3731 3849 0
3734 1277 109
3734 3726 112
3735 1810 107
3735 3193 116
3737 10 96
3737 4993 117
3739 2362 101
3739 2641 0
3742 1876 100
3742 3127 107
3743 1574 96
3743 3429 0
3745 202 111
3745 4801 0
3747 1973 115
3747 3030 111
3749 1342 0
3749 3661 104
3750 1293 106
3750 3710 0
3754 68 99
3754 4935 0
3755 639 115
3755 4364 117
3757 2064 107
3757 2939 106
3758 1206 0
3758 3797 97
3759 2161 106
3759 2842 0
3760 2418 99
3760 2585 96
3762 1358 107
3762 3645 111
3763 963 107
3763 4040 117
3764 573 106
3764 4430 117
3765 179 97
3765 4824 116
3767 112 0
3767 4891 94
3769 891 112
3769 4112 116
3771 2034 0
3771 2969 104
3772 904 101
3772 4099 106
3774 1086 0
3774 3917 93
3779 1955 0
3779 3048 99
3781 1468 96
3781 3535 0
3783 1735 109
3783 3268 0
3788 1136 109
3788 3867 112
3789 1707 106
3789 3296 0
3791 2039 99
3791 2964 106
3792 855 0
3792 4148 104
3793 578 96
3793 4425 0
3795 774 108
3795 4229 0
3796 775 108
3796 4228 0
3797 186 114
3797 4817 117
3799 402 101
3799 4601 117
3801 1771 112
3801 3232 112
3805 65 96
3805 4938 0
3807 1827 114
3807 3176 111
3808 1295 0
3808 3708 109
3810 1744 111
3810 3259 0
3813 1608 104
3813 3395 106
3815 2430 0
3815 2573 93
3819 1820 0
3819 3183 99
3820 324 96
3820 4679 0
3821 550 114
3821 4453 106
3822 805 0
3822 4198 93
3829 1410 0
3829 3593 95
3830 2268 107
3830 2735 102
3832 1739 106
3832 3264 0
3835 1353 113
3835 3650 0
3836 389 103
3836 4614 0
3837 1040 115
3837 3963 116
3838 117 96
3838 4886 117
3840 1315 102
3840 3688 112
3842 1882 107
3842 3121 106
3843 1896 0
3843 3107 106
3845 328 0
3845 4675 94
3846 1693 0
3846 3310 103
3847 2003 0
3847 3000 109
3848 1742 107
3848 3261 117
3855 2402 107
3855 2601 101
3857 1310 0
3857 3693 104
3858 171 96
3858 4832 0
3859 526 114
3859 4477 0
3862 1976 109
3862 3027 0
3863 2357 109
3863 2646 0
3864 752 108
3864 4251 0
3865 2490 110
3865 2513 102
3866 645 96
3866 4358 0
3871 1545 109
3871 3458 117
3872 620 96
3872 4383 0
3873 708 93
3873 4295 106
3874 2247 117
3874 2756 112
3876 266 96
3876 4737 0
3879 412 114
3879 4591 0
3880 1259 114
3880 3744 0
3881 83 110
3881 4920 117
3888 404 101
3888 4599 0
3889 1354 115
3889 3649 111
3891 1959 0
3891 3044 99
3894 2153 0
3894 2850 104
3895 1264 101
3895 3739 0
3898 171 104
3898 4832 116
3899 531 0
3899 4472 95
3901 1385 101
3901 3618 0
3902 2409 114
3902 2594 101
3903 77 0
3903 4926 93
3904 388 0
3904 4615 94
3907 360 101
3907 4643 116
3908 2421 0
3908 2582 108
3909 441 0
3909 4562 95
3910 608 96
3910 4395 0
3911 2338 113
3911 2665 0
3913 1287 103
3913 3716 111
3915 626 101
3915 4377 117
3916 1769 106
3916 3234 0
3923 1838 98
3923 3165 0
3924 1894 103
3924 3109 0
3927 2420 108
3927 2583 0
3928 978 98
3928 4025 117
3929 150 96
3929 4853 0
3930 2264 114
3930 2739 106
3932 60 0
3932 4943 94
3941 28 96
3941 4975 0
3942 399 114
3942 4604 117
3943 1621 101
3943 3382 0
3944 753 104
3944 4250 116
3948 1211 0
3948 3792 98
3949 2444 0
3949 2559 110
3950 1176 102
3950 3827 116
3952 153 0
3952 4850 94
3954 1162 107
3954 3841 107
3958 190 101
3958 4813 96
3959 1587 0
3959 3416 104
3960 563 96
3960 4440 0
3962 250 115
3962 4753 116
3963 2131 0
3963 2872 103
3965 687 0
3965 4316 104
3966 253 96
3966 4750 0
3968 1636 108
3968 3367 0
3969 842 114
3969 4161 111
3972 1278 0
3972 3725 98
3976 1987 0
3976 3016 99
3978 639 0
3978 4364 99
3980 1711 112
3980 3292 112
3981 1003 107
3981 4000 111
3984 730 0
3984 4273 94
3986 2478 0
3986 2525 113
3988 2482 107
3988 2521 102
3989 1004 106
3989 3999 107
3990 1161 102
3990 3842 116
3991 2268 0
3991 2735 98
3994 742 0
3994 4261 94
3999 2427 111
3999 2576 0
4000 1415 109
4000 3588 0
4001 1903 93
4001 3100 0
4002 107 109
4002 4896 0
4005 646 114
4005 4357 0
4007 1623 104
4007 3380 112
4008 352 96
4008 4651 117
4009 1109 97
4009 3894 112
4013 437 96
4013 4566 0
4014 2301 113
4014 2702 0
4016 600 105
4016 4403 111
4018 1907 0
4018 3096 99
4019 1850 102
4019 3153 106
4023 2363 0
4023 2640 99
4025 594 101
4025 4409 112
4026 350 96
4026 4653 111
4027 1045 0
4027 3958 93
4028 1715 0
4028 3288 105
4031 1533 102
4031 3470 116
4037 1517 96
4037 3486 0
4039 2197 108
4039 2806 0
4041 2348 103
4041 2655 0
4042 1590 114
4042 3413 0
4044 1833 104
4044 3170 0
4046 1462 110
4046 3541 111
4048 2201 0
4048 2802 114
4049 940 0
4049 4063 95
4051 1251 101
4051 3752 0
4053 85 114
4053 4918 116
4054 1114 0
4054 3889 108
4056 1933 0
4056 3070 99
4058 340 0
4058 4663 94
4059 13 96
4059 4990 117
4060 1851 101
4060 3152 0
4061 2254 99
4061 2749 101
4062 12 0
4062 4991 93
4068 564 0
4068 4439 94
4069 2267 96
4069 2736 0
4070 2181 103
4070 2822 0
4071 1184 108
4071 3819 0
4073 183 109
4073 4820 117
4076 1330 107
4076 3673 116
4077 1563 0
4077 3440 99
4078 800 0
4078 4203 98
4086 347 0
4086 4656 94
4088 356 96
4088 4647 0
4089 809 108
4089 4194 0
4091 2466 110
4091 2537 112
4092 1371 106
4092 3632 106
4093 2261 0
4093 2742 98
4096 2081 0
4096 2922 98
4097 634 0
4097 4369 94
4100 1973 102
4100 3030 102
4102 2173 107
4102 2830 112
4103 213 96
4103 4790 116
4105 795 0
4105 4208 99
4106 743 0
4106 4260 99
4107 1165 97
4107 3838 111
4108 530 0
4108 4473 98
4109 583 96
4109 4420 116
4113 2475 0
4113 2528 114
4114 2104 106
4114 2899 0
4115 1052 114
4115 3951 0
4117 352 100
4117 4651 117
4118 2073 101
4118 2930 0
4121 1018 99
4121 3985 117
4123 2018 102
4123 2985 106
4126 1256 0
4126 3747 99
4127 933 0
4127 4070 98
4129 1982 0
4129 3021 98
4130 1999 0
4130 3004 109
4131 769 96
4131 4234 0
4132 2052 110
4132 2951 112
4135 1528 111
4135 3475 112
4138 1534 0
4138 3469 104
4143 1086 0
4143 3917 99
4147 2325 106
4147 2678 0
4152 1067 109
4152 3936 116
4154 292 0
4154 4711 94
4157 1132 101
4157 3871 0
4159 2375 114
4159 2628 112
4161 599 101
4161 4404 0
4163 1955 113
4163 3048 0
4169 1115 105
4169 3888 116
4173 96 0
4173 4907 94
4174 1083 95
4174 3920 0
4176 2457 109
4176 2546 102
4178 689 101
4178 4314 117
4180 785 106
4180 4218 117
4182 989 100
4182 4014 0
4184 552 108
4184 4451 0
4185 365 114
4185 4638 0
4188 1998 114
4188 3005 0
4189 1183 109
4189 3820 117
4191 2113 107
4191 2890 111
4192 1794 0
4192 3209 103
4195 225 0
4195 4778 98
4198 2432 0
4198 2571 104
4199 1457 0
4199 3546 93
4200 760 0
4200 4243 94
4201 902 95
4201 4101 0
4202 620 109
4202 4383 117
4207 2466 106
4207 2537 96
4209 86 0
4209 4917 94
4211 2457 111
4211 2546 0
4213 1219 114
4213 3784 116
4215 1549 0
4215 3454 93
4216 269 0
4216 4734 94
4218 610 96
4218 4393 116
4219 110 0
4219 4893 93
4222 1273 0
4222 3730 99
4225 1327 96
4225 3676 107
4227 9 95
4227 4994 116
4229 1506 0
4229 3497 108
4231 700 95
4231 4303 0
4232 1100 114
4232 3903 111
4233 758 101
4233 4245 116
4234 1642 107
4234 3361 101
4235 1030 0
4235 3973 98
4236 1812 0
4236 3191 100
4241 1212 102
4241 3791 111
4242 753 0
4242 4250 93
4243 1923 101
4243 3080 107
4248 1917 106
4248 3086 111
4251 211 0
4251 4792 94
4252 2324 116
4252 2679 0
4253 779 114
4253 4224 0
4260 850 108
4260 4153 0
4265 1526 114
4265 3477 106
4266 2093 105
4266 2910 0
4268 1372 114
4268 3631 107
4269 137 96
4269 4866 117
4272 1098 96
4272 3905 0
4273 2385 113
4273 2618 112
4275 2101 101
4275 2902 101
4278 1051 0
4278 3952 94
4280 46 0
4280 4957 94
4281 1043 97
4281 3960 112
4282 1288 96
4282 3715 106
4284 2486 0
4284 2517 99
4290 94 96
4290 4909 0
4294 2071 114
4294 2932 116
4297 2086 0
4297 2917 98
4301 805 95
4301 4198 0
4302 688 104
4302 4315 111
4303 2294 0
4303 2709 98
4304 146 96
4304 4857 116
4307 650 95
4307 4353 0
4308 166 115
4308 4837 116
4309 1456 97
4309 3547 106
4310 2303 0
4310 2700 95
4312 1909 105
4312 3094 0
4315 1829 99
4315 3174 0
4317 1765 114
4317 3238 111
4322 1236 0
4322 3767 99
4324 360 96
4324 4643 0
4326 2361 110
4326 2642 101
4331 1889 101
4331 3114 0
4336 2330 104
4336 2673 107
4337 397 101
4337 4606 117
4338 625 101
4338 4378 116
4339 1323 0
4339 3680 94
4340 1712 106
4340 3291 106
4342 1228 0
4342 3775 109
4343 656 0
4343 4347 93
4344 1951 0
4344 3052 104
4345 1179 0
4345 3824 103
4347 2146 111
4347 2857 116
4349 464 101
4349 4539 117
4350 1662 106
4350 3341 0
4351 110 109
4351 4893 117
4354 1478 97
4354 3525 101
4355 1247 101
4355 3756 0
4357 1525 104
4357 3478 112
4359 494 95
4359 4509 0
4360 309 93
4360 4694 111
4361 1290 101
4361 3713 111
4363 876 0
4363 4127 94
4364 1212 0
4364 3791 100
4367 842 106
4367 4161 117
4368 1269 97
4368 3734 116
4370 1696 101
4370 3307 0
4371 624 109
4371 4379 111
4373 2327 0
4373 2676 98
4375 2448 0
4375 2555 94
4376 529 96
4376 4474 111
4378 886 0
4378 4117 93
4379 815 0
4379 4188 94
4380 1583 100
4380 3420 0
4381 1361 104
4381 3642 0
4383 2390 109
4383 2613 106
4387 1899 0
4387 3104 93
4391 1368 101
4391 3635 111
4393 1669 101
4393 3334 96
4395 1454 96
4395 3549 106
4397 1667 96
4397 3336 0
4399 2473 109
4399 2530 101
4400 373 96
4400 4630 116
4401 132 96
4401 4871 116
4404 506 0
4404 4497 94
4405 889 101
4405 4114 116
4408 1054 0
4408 3949 93
4411 1871 101
4411 3132 106
4413 422 96
4413 4581 116
4418 1433 0
4418 3570 99
4420 357 0
4420 4646 94
4421 755 0
4421 4248 94
4423 1725 111
4423 3278 117
4424 189 95
4424 4814 0
4425 1480 114
4425 3523 0
4427 852 103
4427 4151 116
4429 780 0
4429 4223 93
4430 119 0
4430 4884 94
4434 863 101
4434 4140 116
4438 735 0
4438 4268 94
4440 320 0
4440 4683 94
4441 1574 116
4441 3429 106
4443 586 96
4443 4417 117
4444 2399 106
4444 2604 106
4446 411 96
4446 4592 116
4451 483 96
4451 4520 117
4452 949 96
4452 4054 0
4453 1017 114
4453 3986 0
4456 2150 113
4456 2853 0
4458 1055 109
4458 3948 111
4461 1622 0
4461 3381 93
4462 116 96
4462 4887 111
4464 976 101
4464 4027 115
4465 2488 0
4465 2515 104
4466 1356 96
4466 3647 112
4469 1117 101
4469 3886 117
4473 801 96
4473 4202 116
4475 1761 106
4475 3242 0
4476 2370 99
4476 2633 111
4477 412 95
4477 4591 0
4478 862 113
4478 4141 0
4479 1888 113
4479 3115 111
4481 2191 96
4481 2812 0
4482 195 93
4482 4808 0
4484 2411 114
4484 2592 106
4485 2090 101
4485 2913 0
4486 1735 113
4486 3268 111
4488 2 0
4488 5001 93
4489 2009 0
4489 2994 103
4492 1462 95
4492 3541 0
4493 1328 114
4493 3675 116
4496 2337 0
4496 2666 110
4498 473 96
4498 4530 116
4499 319 96
4499 4684 116
4502 445 101
4502 4558 117
4505 1385 95
4505 3618 0
4508 1127 115
4508 3876 116
4510 2216 0
4510 2787 105
4511 300 96
4511 4703 116
4512 1525 0
4512 3478 104
4513 936 106
4513 4067 116
4515 608 0
4515 4395 94
4516 1612 0
4516 3391 98
4521 1295 0
4521 3708 103
4522 443 96
4522 4560 117
4526 1513 111
4526 3490 117
4527 651 106
4527 4352 111
4528 38 95
4528 4965 0
4529 2246 113
4529 2757 111
4536 343 0
4536 4660 99
4538 2013 101
4538 2990 0
4539 1901 105
4539 3102 117
4545 600 110
4545 4403 0
4546 1609 113
4546 3394 0
4549 169 108
4549 4834 117
4551 1249 101
4551 3754 107
4552 174 96
4552 4829 0
4553 982 114
4553 4021 116
4554 1229 0
4554 3774 98
4556 2075 101
4556 2928 0
4557 1359 109
4557 3644 117
4559 115 96
4559 4888 0
4560 1518 114
4560 3485 0
4564 660 114
4564 4343 0
4565 192 109
4565 4811 116
4566 1585 0
4566 3418 93
4568 1532 102
4568 3471 106
4569 1501 0
4569 3502 103
4570 9 95
4570 4994 0
4574 2310 114
4574 2693 106
4578 1771 96
4578 3232 111
4579 2305 0
4579 2698 99
4580 684 96
4580 4319 111
4582 2220 0
4582 2783 98
4583 2211 111
4583 2792 0
4589 717 94
4589 4286 116
4590 798 0
4590 4205 94
4593 1353 0
4593 3650 98
4594 1872 106
4594 3131 116
4595 2000 0
4595 3003 109
4596 2248 0
4596 2755 98
4597 161 0
4597 4842 94
4598 1485 96
4598 3518 111
4601 478 0
4601 4525 99
4602 1701 0
4602 3302 99
4603 730 0
4603 4273 98
4604 516 0
4604 4487 93
4605 427 102
4605 4576 116
4606 668 96
4606 4335 115
4608 420 0
4608 4583 98
4610 335 0
4610 4668 93
4612 473 0
4612 4530 93
4613 739 0
4613 4264 93
4614 1499 0
4614 3504 98
4616 1142 106
4616 3861 106
4617 2498 0
4617 2505 93
4618 2300 106
4618 2703 0
4619 1894 109
4619 3109 111
4620 1881 0
4620 3122 98
4623 831 0
4623 4172 99
4626 1204 101
4626 3799 116
4627 298 101
4627 4705 111
4628 1780 0
4628 3223 99
4631 2496 111
4631 2507 0
4632 1310 103
4632 3693 112
4633 1016 101
4633 3987 116
4634 601 100
4634 4402 0
4637 1370 113
4637 3633 112
4639 1502 96
4639 3501 111
4641 1175 101
4641 3828 117
4643 2360 105
4643 2643 0
4644 298 98
4644 4705 0
4645 809 113
4645 4194 0
4646 1526 108
4646 3477 0
4649 138 113
4649 4865 0
4651 1861 114
4651 3142 106
4654 267 0
4654 4736 94
4657 132 95
4657 4871 0
4658 1312 114
4658 3691 110
4660 2441 0
4660 2562 104
4663 1666 105
4663 3337 0
4664 1056 110
4664 3947 117
4665 2372 111
4665 2631 106
4668 1392 96
4668 3611 115
4672 80 0
4672 4923 94
4673 468 95
4673 4535 0
4678 963 114
4678 4040 111
4679 1328 106
4679 3675 106
4680 887 95
4680 4116 0
4682 1088 113
4682 3915 0
4683 145 108
4683 4858 116
4685 1838 101
4685 3165 117
4687 446 96
4687 4557 116
4688 1376 107
4688 3627 116
4689 2369 102
4689 2634 101
4690 1554 105
4690 3449 0
4692 149 99
4692 4854 0
4693 2379 114
4693 2624 102
4694 116 96
4694 4887 111
4695 2369 106
4695 2634 106
4696 856 95
4696 4147 0
4697 977 109
4697 4026 111
4700 1144 101
4700 3859 116
4701 1739 0
4701 3264 104
4703 1545 96
4703 3458 106
4704 1229 106
4704 3774 116
4706 1481 0
4706 3522 99
4707 772 101
4707 4231 111
4709 2254 106
4709 2749 111
4712 487 0
4712 4516 93
4713 2384 105
4713 2619 0
4715 1103 93
4715 3900 116
4716 154 96
4716 4849 116
4717 1870 0
4717 3133 109
4718 1920 101
4718 3083 106
4719 826 95
4719 4177 0
4720 1405 109
4720 3598 106
4722 570 96
4722 4433 116
4723 175 0
4723 4828 94
4724 469 95
4724 4534 0
4725 450 108
4725 4553 116
4728 7 95
4728 4996 0
4730 354 113
4730 4649 0
4733 2145 114
4733 2858 106
4734 804 95
4734 4199 0
4735 879 110
4735 4124 116
4736 82 0
4736 4921 93
4738 2228 101
4738 2775 106
4739 679 0
4739 4324 93
4740 1051 0
4740 3952 98
4742 325 95
4742 4678 0
4745 1604 114
4745 3399 111
4746 2023 0
4746 2980 98
4749 1433 0
4749 3570 99
4750 1983 100
4750 3020 0
4756 863 104
4756 4140 116
4757 1392 0
4757 3611 98
4758 2094 0
4758 2909 93
4759 107 0
4759 4896 93
4762 1724 106
4762 3279 0
4763 595 98
4763 4408 0
4768 2445 113
4768 2558 0
4769 1785 109
4769 3218 111
4771 2157 0
4771 2846 108
4772 1627 0
4772 3376 109
4773 2305 111
4773 2698 101
4776 1605 101
4776 3398 0
4777 1844 103
4777 3159 106
4778 544 101
4778 4459 116
4780 712 96
4780 4291 116
4782 853 101
4782 4150 116
4784 1459 106
4784 3544 0
4786 2325 108
4786 2678 101
4788 335 96
4788 4668 116
4789 1427 106
4789 3576 116
4793 1200 111
4793 3803 116
4794 2186 111
4794 2817 0
4795 1805 104
4795 3198 111
4796 752 95
4796 4251 0
4798 157 108
4798 4846 0
4799 1082 113
4799 3921 0
4800 1712 104
4800 3291 117
4803 1000 101
4803 4003 111
4804 1468 0
4804 3535 94
4805 1944 110
4805 3059 0
4806 1140 104
4806 3863 116
4808 632 96
4808 4371 0
4809 1713 113
4809 3290 0
4810 2365 113
4810 2638 0
4811 1207 98
4811 3796 111
4814 1459 0
4814 3544 97
4815 272 0
4815 4731 99
4816 299 101
4816 4704 116
4817 1887 101
4817 3116 100
4818 2288 0
4818 2715 99
4819 2295 110
4819 2708 0
4824 1378 99
4824 3625 111
4826 181 96
4826 4822 116
4827 2402 116
4827 2601 110
4831 1687 0
4831 3316 103
4834 2404 105
4834 2599 0
4835 1816 103
4835 3187 111
4837 404 95
4837 4599 0
4841 1080 113
4841 3923 111
4842 1485 105
4842 3518 0
4843 1865 107
4843 3138 0
4844 364 94
4844 4639 116
4847 1047 96
4847 3956 0
4849 68 114
4849 4935 117
4850 1599 112
4850 3404 117
4853 705 105
4853 4298 0
4855 2157 108
4855 2846 107
4858 89 96
4858 4914 110
4859 2382 0
4859 2621 107
4860 2042 0
4860 2961 108
4864 2012 96
4864 2991 111
4866 2230 111
4866 2773 105
4867 28 0
4867 4975 93
4869 381 0
4869 4622 94
4871 1028 96
4871 3975 111
4872 615 96
4872 4388 116
4874 1198 96
4874 3805 116
4878 2394 106
4878 2609 111
4879 1100 0
4879 3903 98
4881 0 0
4882 1687 90
4882 3316 0
4883 2394 102
4883 2609 0
4884 1532 103
4884 3471 0
4888 2270 103
4888 2733 95
4889 2024 0
4889 2979 99
4890 1378 106
4890 3625 111
4892 1483 116
4892 3520 111
4896 2090 111
4896 2913 111
4897 1458 0
4897 3545 98
4898 1985 0
4898 3018 104
4900 1990 101
4900 3013 110
4904 2164 0
4904 2839 104
4905 2130 105
4905 2873 0
4908 416 98
4908 4587 117
4909 1492 105
4909 3511 0
4912 676 114
4912 4327 111
4913 2360 101
4913 2643 0
4914 822 108
4914 4181 116
4915 2014 0
4915 2989 104
4917 860 0
4917 4143 93
4918 2170 0
4918 2833 104
4919 150 96
4919 4853 110
4920 196 0
4920 4807 94
4922 61 96
4922 4942 0
4924 1707 113
4924 3296 0
4925 275 109
4925 4728 116
4929 765 0
4929 4238 98
4934 163 96
4934 4840 96
4938 2142 105
4938 2861 0
4939 2420 103
4939 2583 0
4940 2050 103
4940 2953 0
4944 1564 108
4944 3439 111
4946 308 96
4946 4695 116
4947 1364 1093
4947 3639 0
4949 1860 109
4949 3143 106
4954 811 100
4954 4192 0
4955 930 108
4955 4073 0
4957 1356 114
4957 3647 110
4960 993 0
4960 4010 94
4962 2344 105
4962 2659 0
4964 1211 94
4964 3792 110
4965 2164 0
4965 2839 102
4966 1622 0
4966 3381 104
4967 2138 110
4967 2865 0
4969 562 108
4969 4441 116
4974 936 0
4974 4067 93
4979 1865 0
4979 3138 93
4981 738 0
4981 4265 94
4985 1451 101
4985 3552 105
4986 1781 0
4986 3222 98
4988 2001 101
4988 3002 101
4989 2287 111
4989 2716 116
4992 1500 105
4992 3503 0
4994 233 113
4994 4770 116
4996 2008 0
4996 2995 93
4998 1866 110
4998 3137 0
4999 1983 102
4999 3020 0
5002 0 109
