X cord  |  Y cord  |  time[ms]
0 596 3.4
0 4407 24.0
3 6 4.6
3 4997 33.0
4 2023 7.8
4 2980 13.8
5 1978 19.8
5 3025 10.2
7 1737 18.2
7 3266 7.8
8 340 9.4
8 4663 32.8
9 2194 9.8
9 2809 23.4
11 1320 213.6
11 3683 18.6
12 303 10.2
12 4700 17.0
13 1307 14.2
13 3696 16.4
15 1168 7.0
15 3835 15.8
17 1221 11.2
17 3782 29.4
18 1650 19.6
18 3353 21.4
22 1596 19.4
22 3407 13.6
23 165 9.4
23 4838 15.0
24 2295 18.8
24 2708 12.2
25 2128 8.0
25 2875 14.8
27 2150 10.0
27 2853 27.0
29 2411 20.8
29 2592 7.6
31 1308 7.8
31 3695 6.8
33 601 4.4
33 4402 15.6
34 1084 15.4
34 3919 5.6
35 631 6.8
35 4372 23.4
37 189 11.8
37 4814 33.2
38 2230 12.2
38 2773 28.8
39 441 5.0
39 4562 37.0
41 2098 17.4
41 2905 18.0
42 1259 12.4
42 3744 25.2
46 357 6.0
46 4646 33.2
47 1022 12.0
47 3981 21.0
48 25 6.6
48 4978 32.8
50 2039 4.0
50 2964 14.8
52 1659 5.8
52 3344 13.0
53 2074 26.6
53 2929 9.6
56 553 8.6
56 4450 24.0
58 2292 13.8
58 2711 21.2
59 201 3.8
59 4802 17.2
63 1915 21.6
63 3088 31.8
64 2357 18.2
64 2646 13.4
69 2391 27.0
69 2612 26.0
70 546 9.0
70 4457 33.2
71 1405 9.4
71 3598 14.8
73 1093 6.2
73 3910 31.0
77 2127 9.4
77 2876 18.0
78 2123 9.4
78 2880 17.8
81 2083 21.4
81 2920 42.0
83 986 9.4
83 4017 18.0
84 328 2.0
84 4675 16.6
85 1709 12.6
85 3294 37.0
86 2017 9.0
86 2986 17.2
89 1411 17.2
89 3592 18.2
90 982 6.6
90 4021 13.6
95 1521 12.8
95 3482 20.0
96 1000 9.0
96 4003 11.6
98 1954 10.0
98 3049 17.8
99 2230 15.4
99 2773 15.2
100 2003 7.8
100 3000 16.4
103 1880 14.2
103 3123 22.8
104 1000 12.0
104 4003 37.0
106 425 6.6
106 4578 26.8
107 886 3.4
107 4117 12.6
108 338 3.4
108 4665 29.2
109 2188 10.4
109 2815 14.0
112 1594 22.0
112 3409 36.8
115 14 4.0
115 4989 34.6
116 101 7.0
116 4902 42.0
118 312 6.0
118 4691 33.0
120 2094 12.0
120 2909 39.0
123 0 1.8
124 530 11.8
124 4473 24.2
125 2094 11.6
125 2909 29.6
126 995 9.2
126 4008 18.6
127 1004 12.0
127 3999 14.2
128 653 15.8
128 4350 38.0
129 236 405.6
129 4767 20.8
131 1981 13.4
131 3022 27.0
134 1075 11.0
134 3928 37.0
135 2320 17.8
135 2683 8.0
136 65 8.0
136 4938 42.0
137 2164 22.0
137 2839 14.8
139 2334 20.8
139 2669 13.0
140 2298 7.6
140 2705 19.4
144 273 3.8
144 4730 26.6
148 831 5.2
148 4172 29.4
149 1641 20.0
149 3362 14.2
150 451 10.4
150 4552 16.0
152 3 2.0
152 5000 17.0
154 917 16.8
154 4086 37.0
157 2461 22.0
157 2542 12.6
158 1876 8.6
158 3127 21.0
160 2295 6.2
160 2708 27.0
162 663 5.6
162 4340 35.6
163 59 5.0
163 4944 15.6
166 792 12.4
166 4211 21.6
167 1482 13.0
167 3521 25.4
168 263 15.4
168 4740 42.0
169 2412 20.0
169 2591 10.2
173 693 10.8
173 4310 24.0
176 724 21.0
176 4279 21.4
178 438 9.6
178 4565 25.8
181 1853 8.2
181 3150 27.0
183 72 7.4
183 4931 42.0
184 1865 9.2
184 3138 7.6
185 643 12.4
185 4360 33.0
187 609 8.4
187 4394 26.6
188 1869 3.2
188 3134 9.8
189 2000 16.8
189 3003 15.4
190 2317 17.0
190 2686 12.2
191 2413 16.0
191 2590 17.0
192 2137 17.2
192 2866 31.8
195 1514 23.0
195 3489 32.0
196 2346 15.4
196 2657 16.4
197 1977 9.0
197 3026 9.8
198 385 8.4
198 4618 33.2
202 167 6.0
202 4836 34.8
205 1413 9.0
205 3590 21.2
207 2281 19.8
207 2722 15.0
209 1648 5.2
209 3355 22.0
211 818 17.6
211 4185 18.6
212 1405 10.4
212 3598 32.0
215 1454 23.0
215 3549 14.8
217 2264 12.0
217 2739 18.2
219 2000 22.0
219 3003 17.2
227 637 9.0
227 4366 29.0
229 1841 11.8
229 3162 8.8
230 464 15.0
230 4539 32.8
231 2250 12.0
231 2753 18.6
232 831 9.2
232 4172 29.0
233 85 4.0
233 4918 25.8
234 1656 22.0
234 3347 17.8
236 1905 5.2
236 3098 21.2
237 1642 9.2
237 3361 16.2
238 1505 5.8
238 3498 15.8
239 1070 12.2
239 3933 15.2
240 756 4.2
240 4247 26.6
241 1843 25.4
241 3160 18.6
242 282 6.2
242 4721 17.2
243 1489 13.8
243 3514 32.0
244 1206 4.8
244 3797 21.2
245 2394 15.4
245 2609 29.4
249 2349 12.6
249 2654 19.6
252 533 7.6
252 4470 33.0
253 2023 22.0
253 2980 24.4
256 1856 14.6
256 3147 32.0
257 1983 18.6
257 3020 25.0
258 1510 23.4
258 3493 18.0
262 768 10.4
262 4235 40.4
265 1373 19.0
265 3630 20.6
266 1357 3.8
266 3646 16.6
267 1975 13.4
267 3028 17.0
268 336 15.0
268 4667 33.2
269 489 3.2
269 4514 30.6
270 2169 12.0
270 2834 9.6
275 2103 17.2
275 2900 15.8
276 929 3.8
276 4074 22.4
277 1534 12.2
277 3469 13.6
279 840 14.4
279 4163 42.0
285 1429 21.2
285 3574 31.8
287 2089 17.0
287 2914 14.8
288 897 6.6
288 4106 29.4
289 1102 9.2
289 3901 23.4
290 1890 22.2
290 3113 15.0
291 321 4.6
291 4682 15.8
292 1378 21.8
292 3625 20.0
293 1687 17.4
293 3316 19.6
294 112 5.4
294 4891 24.2
296 946 5.8
296 4057 16.2
302 2132 13.4
302 2871 9.6
304 607 4.2
304 4396 15.6
305 35 3.4
305 4968 33.2
308 1361 13.2
308 3642 18.8
311 802 12.8
311 4201 33.6
312 2166 16.2
312 2837 19.4
314 1361 11.6
314 3642 23.8
316 683 4.2
316 4320 29.2
317 2032 6.2
317 2971 21.6
322 1704 21.4
322 3299 31.0
324 1115 4.6
324 3888 20.8
326 785 4.6
326 4218 13.8
327 74 5.4
327 4929 41.8
329 1674 21.4
329 3329 25.4
334 2243 13.6
334 2760 21.0
336 601 2.4
336 4402 26.2
337 246 6.8
337 4757 42.0
338 2184 17.4
338 2819 8.8
342 956 9.8
342 4047 22.0
347 240 11.0
347 4763 10.4
348 418 12.4
348 4585 42.0
355 1172 15.4
355 3831 16.4
356 1506 19.0
356 3497 37.6
357 2421 13.0
357 2582 18.6
358 1154 17.0
358 3849 21.0
359 1372 4.4
359 3631 19.8
360 982 13.4
360 4021 25.4
361 153 7.0
361 4850 24.4
362 1613 17.6
362 3390 21.2
363 1728 12.6
363 3275 9.8
365 2452 22.6
365 2551 17.8
367 950 204.8
367 4053 41.6
372 790 16.6
372 4213 29.0
375 1722 4.4
375 3281 21.0
376 1372 3.2
376 3631 21.8
378 1879 17.6
378 3124 15.0
379 2459 13.0
379 2544 17.4
380 2157 9.6
380 2846 18.4
383 63 5.4
383 4940 42.2
384 778 5.8
384 4225 24.2
385 1755 11.2
385 3248 12.0
387 1401 12.2
387 3602 9.6
389 2387 27.6
389 2616 22.0
390 1263 9.8
390 3740 27.0
391 1165 6.2
391 3838 21.4
393 1454 9.0
393 3549 18.6
394 2425 15.4
394 2578 16.4
395 2057 6.6
395 2946 18.6
396 1822 17.6
396 3181 18.4
397 290 8.2
397 4713 24.8
399 1965 21.0
399 3038 25.4
400 786 12.6
400 4217 42.8
402 661 9.6
402 4342 14.6
403 1222 14.2
403 3781 10.0
404 1156 7.2
404 3847 10.2
407 561 9.4
407 4442 17.6
408 1459 6.2
408 3544 18.6
410 2078 22.0
410 2925 32.8
412 551 6.2
412 4452 31.8
414 2134 6.6
414 2869 28.2
416 1855 9.6
416 3148 14.6
418 1506 3.4
418 3497 14.8
423 568 9.4
423 4435 29.4
424 464 5.0
424 4539 16.0
427 209 4.0
427 4794 27.0
430 892 6.4
430 4111 29.6
431 1293 17.2
431 3710 42.2
432 1409 14.0
432 3594 37.2
436 1041 17.0
436 3962 27.0
437 784 17.0
437 4219 37.2
438 1389 5.4
438 3614 9.8
439 1993 7.2
439 3010 26.0
442 1025 13.0
442 3978 15.8
444 2048 5.6
444 2955 15.0
448 2396 21.8
448 2607 11.8
450 2360 20.6
450 2643 17.6
453 1487 28.4
453 3516 32.2
454 968 210.4
454 4035 25.6
455 2434 23.0
455 2569 17.0
456 1189 17.6
456 3814 16.8
457 2010 21.0
457 2993 7.4
458 1941 10.0
458 3062 12.0
460 2416 17.4
460 2587 21.2
466 941 9.4
466 4062 31.6
467 1682 5.8
467 3321 10.6
468 757 12.0
468 4246 24.0
470 687 3.2
470 4316 21.8
474 1034 3.8
474 3969 18.4
475 1883 9.8
475 3120 18.6
476 191 8.6
476 4812 31.4
481 1836 10.0
481 3167 15.4
482 1300 9.4
482 3703 18.4
485 1746 14.0
485 3257 18.8
486 271 9.6
486 4732 26.2
490 2411 23.0
490 2592 23.0
491 645 6.8
491 4358 28.4
495 1073 2.2
495 3930 12.0
496 726 17.4
496 4277 24.4
497 785 9.6
497 4218 212.6
498 619 16.0
498 4384 33.2
499 2354 17.4
499 2649 25.8
500 960 17.6
500 4043 36.0
502 1335 9.6
502 3668 26.6
504 1095 17.2
504 3908 33.0
505 1165 5.6
505 3838 24.6
506 770 10.4
506 4233 21.2
507 2480 27.2
507 2523 32.2
510 1115 14.8
510 3888 37.8
513 1653 6.6
513 3350 25.4
516 286 3.8
516 4717 23.0
517 1301 13.0
517 3702 40.4
518 886 13.6
518 4117 21.8
519 936 9.4
519 4067 33.4
520 2150 13.6
520 2853 13.8
521 1305 7.8
521 3698 31.4
524 51 3.4
524 4952 17.4
525 2356 14.8
525 2647 17.6
527 1101 13.4
527 3902 36.0
531 2106 9.0
531 2897 9.8
532 1642 10.6
532 3361 33.4
533 869 15.2
533 4134 14.0
536 120 10.8
536 4883 33.2
537 357 3.8
537 4646 23.2
539 488 5.4
539 4515 29.8
542 189 9.6
542 4814 42.0
544 964 6.6
544 4039 16.0
545 1729 14.2
545 3274 21.0
549 1399 29.8
549 3604 19.8
552 841 12.0
552 4162 19.6
554 1532 16.0
554 3471 37.8
556 953 7.0
556 4050 18.0
560 1021 2.4
560 3982 13.2
563 1284 11.8
563 3719 20.0
564 2143 24.4
564 2860 12.4
566 1485 9.8
566 3518 26.2
567 1885 9.6
567 3118 12.0
568 687 10.0
568 4316 15.8
570 2323 18.0
570 2680 21.0
574 893 9.4
574 4110 24.8
576 2260 26.4
576 2743 20.4
579 1622 6.0
579 3381 15.8
581 1392 408.8
581 3611 11.8
582 188 7.0
582 4815 14.2
583 1356 11.4
583 3647 18.2
587 507 207.4
587 4496 33.6
588 1534 9.8
588 3469 12.0
589 11 8.0
589 4992 16.0
593 674 12.0
593 4329 24.6
596 662 3.0
596 4341 15.2
600 41 5.4
600 4962 24.4
603 31 2.0
603 4972 25.8
604 1592 10.8
604 3411 25.6
605 2242 11.8
605 2761 12.4
607 1406 6.4
607 3597 12.2
608 335 8.8
608 4668 24.4
610 1644 6.6
610 3359 25.8
613 244 9.4
613 4759 33.4
614 868 9.4
614 4135 24.4
617 732 9.4
617 4271 18.8
621 1968 18.6
621 3035 12.4
622 2369 4.0
622 2634 12.2
625 2090 13.4
625 2913 27.2
626 1012 11.2
626 3991 19.0
635 2033 14.4
635 2970 17.8
636 248 6.6
636 4755 30.0
637 2148 12.6
637 2855 32.6
640 152 7.0
640 4851 24.4
642 1808 18.2
642 3195 18.4
643 2386 12.4
643 2617 18.2
645 432 2.0
645 4571 18.6
646 645 14.0
646 4358 40.6
647 703 3.8
647 4300 18.4
648 1842 16.4
648 3161 29.4
649 942 13.2
649 4061 34.0
650 1720 12.6
650 3283 15.6
651 2028 12.4
651 2975 15.6
654 2305 12.6
654 2698 16.4
655 452 12.0
655 4551 15.8
658 1467 21.6
658 3536 32.0
659 1121 11.8
659 3882 25.2
660 872 22.0
660 4131 18.2
661 1060 14.0
661 3943 27.8
664 2279 32.6
664 2724 31.6
669 2347 9.6
669 2656 15.2
672 1400 11.0
672 3603 18.8
675 1929 22.8
675 3074 10.0
676 1830 11.4
676 3173 12.4
678 843 9.6
678 4160 29.8
679 22 3.4
679 4981 26.4
683 48 7.0
683 4955 24.4
684 662 4.0
684 4341 36.6
685 113 7.0
685 4890 42.0
686 2428 13.0
686 2575 17.6
687 1275 10.6
687 3728 12.4
690 153 9.0
690 4850 33.8
691 313 6.8
691 4690 27.2
693 1233 6.0
693 3770 27.0
694 1203 9.8
694 3800 32.0
695 1939 9.8
695 3064 8.0
697 1759 11.4
697 3244 24.4
698 1422 9.2
698 3581 21.6
703 2245 12.8
703 2758 25.6
704 584 3.6
704 4419 26.4
708 582 6.4
708 4421 23.2
709 314 3.6
709 4689 30.0
710 1286 21.2
710 3717 21.4
714 702 5.2
714 4301 13.8
716 1732 19.8
716 3271 26.2
717 85 11.8
717 4918 24.4
718 1509 14.2
718 3494 12.4
722 2462 18.0
722 2541 17.4
723 590 9.8
723 4413 33.4
729 1969 21.0
729 3034 12.0
730 235 8.0
730 4768 12.0
735 298 13.0
735 4705 24.8
737 1845 12.0
737 3158 21.4
738 2421 17.4
738 2582 16.4
739 288 8.8
739 4715 42.2
742 2212 22.2
742 2791 10.0
744 18 8.8
744 4985 24.4
746 681 2.2
746 4322 26.2
748 1229 6.6
748 3774 23.8
750 242 4.0
750 4761 35.8
753 924 6.4
753 4079 18.8
755 522 12.4
755 4481 24.4
756 821 8.0
756 4182 16.2
757 67 7.0
757 4936 25.0
758 122 10.8
758 4881 17.4
760 2062 17.4
760 2941 16.0
764 230 10.0
764 4773 13.8
767 670 17.0
767 4333 25.6
771 530 19.6
771 4473 38.0
772 957 12.6
772 4046 32.2
777 2355 37.0
777 2648 18.0
779 2299 6.8
779 2704 19.6
780 2117 9.6
780 2886 17.4
781 633 7.0
781 4370 32.2
782 1057 12.0
782 3946 29.2
785 1122 9.6
785 3881 21.6
786 2419 13.0
786 2584 15.0
788 377 7.2
788 4626 32.2
791 136 5.0
791 4867 14.0
792 1819 23.0
792 3184 18.4
794 2005 8.0
794 2998 16.8
796 2374 10.2
796 2629 10.4
801 382 8.0
801 4621 11.8
802 130 8.0
802 4873 14.2
803 2373 20.0
803 2630 37.2
806 222 9.6
806 4781 27.6
808 524 10.6
808 4479 26.0
809 222 4.4
809 4781 21.6
810 812 13.0
810 4191 16.0
812 54 12.0
812 4949 21.4
816 863 3.4
816 4140 24.0
817 1818 13.2
817 3185 20.2
818 497 13.2
818 4506 33.6
819 1472 13.0
819 3531 26.8
820 95 3.6
820 4908 26.4
822 1293 23.0
822 3710 18.8
824 598 12.8
824 4405 17.4
827 1819 19.8
827 3184 28.0
832 277 4.0
832 4726 17.6
833 1015 12.0
833 3988 29.2
834 1328 21.2
834 3675 37.0
835 1448 10.0
835 3555 15.8
837 901 11.6
837 4102 29.2
839 1433 18.0
839 3570 42.0
843 1731 17.0
843 3272 37.6
844 2234 18.2
844 2769 21.8
845 32 3.6
845 4971 26.4
848 106 3.4
848 4897 34.0
849 1160 5.0
849 3843 13.0
850 116 10.2
850 4887 26.0
851 1276 10.0
851 3727 28.8
852 486 6.0
852 4517 21.4
854 1027 12.6
854 3976 12.0
856 2264 12.8
856 2739 8.4
857 1076 14.0
857 3927 15.6
858 41 3.6
858 4962 24.4
861 37 4.0
861 4966 36.0
864 1685 17.0
864 3318 21.4
866 1712 17.0
866 3291 22.0
868 1635 9.8
868 3368 22.2
869 1053 10.4
869 3950 21.2
871 1632 9.4
871 3371 37.0
874 514 13.0
874 4489 29.2
878 84 3.6
878 4919 26.2
879 1537 5.4
879 3466 25.8
880 548 12.0
880 4455 24.2
881 1325 13.2
881 3678 18.2
882 479 2.0
882 4524 22.8
883 2222 12.4
883 2781 21.2
884 458 6.2
884 4545 24.4
885 592 5.4
885 4411 33.4
886 285 2.0
886 4718 25.8
887 1004 12.0
887 3999 24.4
890 677 17.6
890 4326 32.2
891 2002 17.4
891 3001 22.0
893 349 12.0
893 4654 24.6
895 1100 6.4
895 3903 18.4
896 473 5.6
896 4530 25.0
901 1558 9.4
901 3445 21.8
902 1531 9.4
902 3472 15.6
904 1076 12.0
904 3927 12.0
906 1807 16.4
906 3196 36.0
909 1798 12.4
909 3205 26.0
911 991 13.6
911 4012 21.4
912 2374 15.2
912 2629 22.2
913 908 18.2
913 4095 33.0
914 1154 12.0
914 3849 33.4
915 764 17.0
915 4239 37.0
918 2262 27.8
918 2741 10.0
919 1640 10.6
919 3363 16.8
920 508 11.6
920 4495 18.8
922 139 11.6
922 4864 42.2
924 2058 18.4
924 2945 15.8
927 1749 9.4
927 3254 27.0
928 657 5.8
928 4346 34.0
931 808 17.0
931 4195 21.0
934 2451 12.6
934 2552 25.8
935 1539 7.6
935 3464 14.8
936 257 206.0
936 4746 42.4
937 340 2.0
937 4663 33.8
939 1638 5.4
939 3365 26.2
940 1643 9.4
940 3360 29.2
942 112 3.2
942 4891 33.2
943 1436 3.4
943 3567 14.0
944 1366 15.4
944 3637 33.6
947 1791 24.4
947 3212 24.8
948 132 10.0
948 4871 24.4
949 1718 9.8
949 3285 32.8
952 2121 10.0
952 2882 26.8
953 1318 12.0
953 3685 15.4
958 1387 6.8
958 3616 31.6
961 1570 9.4
961 3433 21.4
965 1217 11.4
965 3786 16.2
967 909 14.8
967 4094 29.2
968 1797 22.0
968 3206 25.4
969 1731 20.6
969 3272 18.0
970 1930 8.4
970 3073 12.2
971 1246 8.8
971 3757 21.2
975 895 15.0
975 4108 25.2
977 1014 10.0
977 3989 24.8
983 1439 21.6
983 3564 37.2
984 1196 12.8
984 3807 32.0
985 2436 18.8
985 2567 16.2
987 1941 20.4
987 3062 9.6
988 1051 7.0
988 3952 31.8
989 306 6.0
989 4697 24.4
991 1504 22.0
991 3499 37.2
995 285 5.4
995 4718 24.2
997 1116 5.0
997 3887 10.2
998 1345 12.0
998 3658 12.4
999 907 17.4
999 4096 24.4
1001 1206 10.0
1001 3797 36.8
1002 214 3.4
1002 4789 33.6
1006 1911 21.6
1006 3092 15.0
1009 2097 7.8
1009 2906 21.8
1011 471 8.0
1011 4532 25.0
1012 323 12.0
1012 4680 24.4
1013 627 4.2
1013 4376 24.0
1016 1898 11.0
1016 3105 42.0
1017 744 7.0
1017 4259 16.8
1019 786 11.2
1019 4217 23.6
1020 2452 12.4
1020 2551 12.0
1021 33 9.6
1021 4970 33.4
1023 463 3.8
1023 4540 35.6
1027 185 5.2
1027 4818 21.2
1031 2199 24.6
1031 2804 17.0
1032 1691 27.4
1032 3312 28.0
1033 95 3.2
1033 4908 34.0
1034 248 9.6
1034 4755 33.2
1035 2239 13.0
1035 2764 12.8
1039 829 10.6
1039 4174 24.2
1041 1471 17.0
1041 3532 24.2
1044 1024 8.8
1044 3979 20.8
1048 714 9.2
1048 4289 17.6
1049 788 6.0
1049 4215 24.8
1050 1779 32.0
1050 3224 17.4
1054 2084 26.8
1054 2919 24.2
1055 441 4.0
1055 4562 26.0
1056 2003 12.8
1056 3000 12.0
1058 1164 9.8
1058 3839 21.8
1061 1607 11.4
1061 3396 15.6
1062 65 11.6
1062 4938 33.0
1063 703 3.4
1063 4300 12.0
1064 1281 10.4
1064 3722 9.8
1066 2500 16.8
1066 2503 12.2
1067 1698 8.4
1067 3305 11.6
1070 2405 13.2
1070 2598 22.0
1072 1796 17.4
1072 3207 6.8
1073 2325 12.4
1073 2678 17.6
1074 328 12.0
1074 4675 42.0
1075 1245 206.8
1075 3758 10.0
1076 2357 15.0
1076 2646 25.8
1077 2483 32.0
1077 2520 15.6
1079 778 13.2
1079 4225 29.4
1081 1259 17.0
1081 3744 32.4
1082 2290 16.0
1082 2713 25.0
1084 1654 12.8
1084 3349 22.0
1086 537 12.0
1086 4466 21.2
1087 2275 17.0
1087 2728 26.0
1088 523 12.0
1088 4480 38.0
1090 291 5.2
1090 4712 33.2
1091 8 4.8
1091 4995 33.2
1092 1452 22.0
1092 3551 9.6
1094 1211 14.8
1094 3792 21.8
1095 1526 20.4
1095 3477 16.4
1096 22 3.2
1096 4981 20.8
1097 1561 12.2
1097 3442 25.0
1100 1255 9.6
1100 3748 18.2
1102 619 5.4
1102 4384 35.6
1103 1876 13.0
1103 3127 23.2
1104 135 7.0
1104 4868 24.4
1106 1281 9.4
1106 3722 19.0
1107 2434 11.2
1107 2569 9.2
1109 433 7.0
1109 4570 42.0
1111 407 12.0
1111 4596 29.0
1112 1227 5.6
1112 3776 21.4
1114 391 4.0
1114 4612 17.8
1115 792 11.4
1115 4211 29.8
1117 837 12.0
1117 4166 24.4
1118 2222 16.8
1118 2781 14.4
1120 2015 13.4
1120 2988 7.8
1122 1617 13.0
1122 3386 17.8
1125 2483 24.4
1125 2520 17.6
1126 172 7.0
1126 4831 34.0
1131 382 4.4
1131 4621 24.4
1133 1020 13.0
1133 3983 24.0
1134 2154 26.8
1134 2849 20.8
1135 1686 13.0
1135 3317 13.6
1136 1363 17.0
1136 3640 42.0
1137 1525 17.6
1137 3478 25.6
1138 2336 7.8
1138 2667 21.8
1139 2281 22.0
1139 2722 27.0
1140 2420 22.0
1140 2583 21.2
1142 1530 9.2
1142 3473 15.6
1143 913 12.6
1143 4090 27.8
1148 724 3.4
1148 4279 37.8
1149 1120 9.6
1149 3883 33.0
1150 18 3.0
1150 4985 24.8
1151 1984 13.0
1151 3019 18.0
1153 1849 10.2
1153 3154 17.8
1158 150 8.0
1158 4853 24.4
1159 2162 15.6
1159 2841 20.8
1161 1835 16.4
1161 3168 12.0
1162 2039 16.6
1162 2964 6.4
1163 370 14.8
1163 4633 33.2
1164 2096 12.2
1164 2907 22.2
1166 919 9.2
1166 4084 18.2
1168 2078 12.6
1168 2925 17.2
1169 972 12.0
1169 4031 21.0
1170 941 2.0
1170 4062 26.0
1171 2132 25.6
1171 2871 25.4
1172 2119 27.0
1172 2884 15.4
1173 323 2.0
1173 4680 26.2
1174 2263 9.4
1174 2740 27.0
1175 908 209.8
1175 4095 23.4
1178 170 3.2
1178 4833 13.8
1182 1097 17.0
1182 3906 33.8
1183 1795 15.2
1183 3208 17.4
1190 920 6.2
1190 4083 16.0
1195 1300 10.4
1195 3703 17.2
1196 2051 8.4
1196 2952 13.4
1197 2077 15.6
1197 2926 32.2
1198 28 8.8
1198 4975 24.0
1199 2423 9.4
1199 2580 9.8
1200 1582 11.6
1200 3421 15.2
1203 1798 9.2
1203 3205 37.4
1204 839 7.0
1204 4164 18.2
1206 2044 8.0
1206 2959 14.4
1207 1049 13.0
1207 3954 12.6
1209 9 9.2
1209 4994 42.4
1210 729 15.0
1210 4274 43.0
1211 1005 12.6
1211 3998 26.8
1213 1286 16.2
1213 3717 24.2
1215 2383 18.0
1215 2620 17.0
1216 158 8.2
1216 4845 34.8
1220 1301 15.0
1220 3702 32.0
1221 1216 6.6
1221 3787 13.6
1227 1738 25.2
1227 3265 24.4
1228 2095 9.6
1228 2908 17.0
1232 1527 25.6
1232 3476 19.2
1233 1878 12.4
1233 3125 25.2
1234 383 3.2
1234 4620 23.0
1236 2254 32.6
1236 2749 32.2
1237 1918 12.0
1237 3085 9.8
1239 109 8.8
1239 4894 24.4
1242 1053 7.4
1242 3950 32.6
1245 107 12.0
1245 4896 42.0
1246 1804 32.2
1246 3199 18.2
1249 917 7.0
1249 4086 31.4
1251 1878 9.4
1251 3125 25.4
1259 1157 3.4
1259 3846 29.8
1262 2151 24.4
1262 2852 21.4
1264 1384 8.8
1264 3619 18.4
1269 1854 13.2
1269 3149 32.0
1270 1841 17.0
1270 3162 12.0
1272 809 13.4
1272 4194 21.6
1274 593 9.4
1274 4410 31.8
1277 1512 11.6
1277 3491 25.2
1281 404 5.2
1281 4599 33.0
1283 1634 22.0
1283 3369 37.0
1286 509 12.0
1286 4494 21.0
1287 215 3.6
1287 4788 37.0
1289 2389 13.2
1289 2614 27.4
1291 1892 12.4
1291 3111 21.0
1293 1707 1.8
1293 3296 12.6
1294 582 10.0
1294 4421 24.4
1295 2355 25.2
1295 2648 12.4
1296 985 13.4
1296 4018 29.4
1300 235 7.0
1300 4768 22.8
1302 1107 12.4
1302 3896 32.0
1303 1524 15.2
1303 3479 25.4
1305 1343 15.6
1305 3660 12.8
1307 1344 11.0
1307 3659 14.0
1308 1936 11.4
1308 3067 8.8
1309 784 18.4
1309 4219 25.2
1310 24 5.2
1310 4979 24.0
1311 1937 13.4
1311 3066 11.8
1313 147 2.0
1313 4856 35.0
1318 338 5.0
1318 4665 24.2
1320 1733 10.4
1320 3270 32.0
1321 900 6.4
1321 4103 21.8
1322 2229 13.0
1322 2774 21.4
1324 2402 17.0
1324 2601 20.8
1325 1686 21.2
1325 3317 29.6
1328 336 5.0
1328 4667 24.8
1330 509 17.6
1330 4494 42.0
1335 2492 37.0
1335 2511 22.0
1339 2367 15.8
1339 2636 13.0
1341 1698 13.2
1341 3305 15.0
1343 909 7.4
1343 4094 38.0
1344 1892 22.0
1344 3111 18.2
1346 752 6.0
1346 4251 18.8
1349 482 6.2
1349 4521 33.0
1351 2007 12.4
1351 2996 15.2
1353 2177 5.6
1353 2826 8.4
1354 1255 411.2
1354 3748 18.2
1355 1160 7.0
1355 3843 42.0
1356 670 5.0
1356 4333 15.8
1360 1919 24.0
1360 3084 27.4
1366 1613 22.0
1366 3390 19.0
1368 553 10.0
1368 4450 40.0
1370 1916 8.8
1370 3087 25.0
1371 17 3.2
1371 4986 33.2
1372 510 17.0
1372 4493 4.0
1373 1620 9.6
1373 3383 15.2
1377 1579 12.2
1377 3424 20.8
1379 2190 12.8
1379 2813 22.4
1380 504 12.0
1380 4499 29.4
1383 816 12.0
1383 4187 24.0
1386 1756 21.2
1386 3247 28.0
1389 899 11.8
1389 4104 33.6
1391 220 11.6
1391 4783 33.4
1393 598 14.2
1393 4405 28.4
1394 1402 12.0
1394 3601 24.4
1395 1147 6.8
1395 3856 14.0
1396 306 10.8
1396 4697 22.0
1398 1838 9.6
1398 3165 19.4
1400 1222 2.0
1400 3781 13.0
1401 1212 19.0
1401 3791 25.4
1402 2312 15.2
1402 2691 13.4
1403 68 3.6
1403 4935 32.6
1404 425 4.2
1404 4578 15.6
1406 1649 14.2
1406 3354 24.2
1407 1166 9.4
1407 3837 21.0
1412 1641 12.4
1412 3362 19.4
1418 2116 5.6
1418 2887 11.4
1419 730 9.6
1419 4273 31.8
1420 2389 32.0
1420 2614 17.4
1421 1468 22.0
1421 3535 21.2
1423 63 3.2
1423 4940 24.0
1424 1364 9.6
1424 3639 17.8
1428 2256 12.0
1428 2747 27.4
1429 648 6.0
1429 4355 21.0
1430 1299 5.8
1430 3704 18.8
1432 1545 3.6
1432 3458 28.0
1433 2167 28.0
1433 2836 32.2
1436 110 7.0
1436 4893 42.0
1437 2144 9.8
1437 2859 18.6
1440 2193 19.8
1440 2810 19.2
1441 885 6.6
1441 4118 31.8
1444 1628 12.4
1444 3375 14.6
1445 600 5.4
1445 4403 22.8
1447 2234 17.0
1447 2769 18.0
1451 590 13.4
1451 4413 33.6
1453 2195 16.8
1453 2808 17.2
1455 2299 12.6
1455 2704 13.6
1456 504 7.2
1456 4499 24.6
1459 2237 32.0
1459 2766 14.8
1463 1894 6.0
1463 3109 21.6
1465 907 17.0
1465 4096 22.4
1466 2193 12.8
1466 2810 22.0
1468 1462 15.2
1468 3541 17.2
1473 1739 11.6
1473 3264 15.2
1474 1464 17.0
1474 3539 13.6
1478 538 7.6
1478 4465 29.2
1481 2373 32.0
1481 2630 32.0
1485 551 3.4
1485 4452 18.8
1486 2386 9.6
1486 2617 32.0
1489 1424 9.4
1489 3579 37.0
1490 1002 7.0
1490 4001 37.0
1492 1984 17.0
1492 3019 27.0
1493 260 3.8
1493 4743 17.2
1495 1849 17.6
1495 3154 37.0
1496 1626 17.8
1496 3377 15.2
1501 424 9.4
1501 4579 16.0
1503 2465 19.8
1503 2538 12.0
1506 217 7.0
1506 4786 33.0
1510 1458 12.2
1510 3545 17.4
1511 711 3.2
1511 4292 23.2
1512 1482 12.8
1512 3521 11.6
1514 1303 7.8
1514 3700 24.2
1515 710 4.4
1515 4293 23.2
1516 962 6.4
1516 4041 33.4
1517 1310 21.4
1517 3693 22.0
1520 1950 22.0
1520 3053 27.0
1522 1412 21.8
1522 3591 22.0
1523 49 10.8
1523 4954 33.0
1527 1719 17.0
1527 3284 32.0
1529 839 13.0
1529 4164 32.0
1533 2350 31.8
1533 2653 17.0
1538 2123 11.0
1538 2880 15.2
1542 1246 10.0
1542 3757 25.0
1546 1756 12.4
1546 3247 26.8
1547 2396 27.0
1547 2607 27.0
1551 1592 11.2
1551 3411 16.4
1553 1011 8.6
1553 3992 21.2
1556 2480 11.4
1556 2523 21.8
1560 2298 22.0
1560 2705 18.6
1564 2392 22.0
1564 2611 29.4
1565 963 6.2
1565 4040 33.0
1568 170 5.2
1568 4833 21.0
1569 6 2.0
1569 4997 16.6
1575 1049 7.6
1575 3954 38.0
1578 1353 17.0
1578 3650 24.2
1581 608 7.2
1581 4395 24.2
1584 2293 6.0
1584 2710 11.0
1585 1274 11.6
1585 3729 13.8
1586 243 11.0
1586 4760 33.0
1587 1902 9.6
1587 3101 32.8
1589 942 24.0
1589 4061 21.4
1590 763 19.8
1590 4240 37.0
1591 2077 12.2
1591 2926 17.4
1593 243 4.0
1593 4760 21.0
1594 1226 6.6
1594 3777 13.0
1596 879 12.6
1596 4124 24.0
1598 2229 24.0
1598 2774 14.4
1599 1101 9.2
1599 3902 19.8
1600 1385 9.4
1600 3618 29.6
1601 1476 12.2
1601 3527 24.0
1604 246 7.0
1604 4757 41.8
1605 435 3.8
1605 4568 17.2
1606 384 9.6
1606 4619 25.0
1607 592 17.6
1607 4411 33.2
1608 865 12.0
1608 4138 14.6
1610 303 4.6
1610 4700 33.0
1612 2271 24.2
1612 2732 26.2
1614 284 5.0
1614 4719 31.2
1616 275 3.2
1616 4728 32.8
1618 1594 21.2
1618 3409 12.2
1619 2457 13.0
1619 2546 12.0
1620 2140 9.6
1620 2863 8.6
1624 379 5.2
1624 4624 23.6
1626 2036 17.2
1626 2967 26.0
1627 1771 17.2
1627 3232 23.2
1628 1869 19.4
1628 3134 28.2
1629 896 27.0
1629 4107 27.0
1630 220 7.0
1630 4783 23.8
1631 452 4.0
1631 4551 27.0
1632 2097 11.6
1632 2906 14.2
1633 837 4.6
1633 4166 21.2
1634 2028 12.0
1634 2975 27.0
1635 1569 17.0
1635 3434 22.0
1641 1524 20.0
1641 3479 20.8
1643 833 9.4
1643 4170 28.8
1648 1070 6.4
1648 3933 30.8
1649 1845 17.0
1649 3158 26.0
1650 412 3.2
1650 4591 15.6
1651 691 11.8
1651 4312 26.8
1653 2474 18.0
1653 2529 21.8
1655 1958 12.8
1655 3045 8.0
1658 51 9.4
1658 4952 23.6
1660 1299 25.0
1660 3704 37.0
1661 727 5.2
1661 4276 16.2
1662 1025 6.6
1662 3978 35.6
1663 1374 6.2
1663 3629 26.0
1664 1600 12.0
1664 3403 17.6
1665 566 5.4
1665 4437 27.4
1666 545 14.6
1666 4458 24.4
1668 1774 3.4
1668 3229 38.0
1669 1268 5.8
1669 3735 33.0
1670 842 12.0
1670 4161 32.0
1671 1588 9.2
1671 3415 7.6
1674 1008 8.0
1674 3995 42.0
1675 2042 17.0
1675 2961 30.8
1677 1295 7.4
1677 3708 18.6
1682 2378 22.0
1682 2625 19.0
1683 423 12.0
1683 4580 27.0
1687 484 12.0
1687 4519 29.4
1688 249 9.0
1688 4754 25.8
1690 2243 10.6
1690 2760 9.4
1692 1969 14.6
1692 3034 27.0
1696 985 7.2
1696 4018 28.4
1698 1818 19.8
1698 3185 20.0
1701 1476 9.4
1701 3527 13.8
1703 2010 25.4
1703 2993 21.2
1704 537 3.2
1704 4466 26.2
1705 1093 17.0
1705 3910 32.0
1706 1839 6.6
1706 3164 16.2
1708 2466 18.8
1708 2537 15.4
1711 1292 9.2
1711 3711 33.0
1713 956 17.0
1713 4047 21.0
1714 1320 6.4
1714 3683 42.0
1716 1122 9.4
1716 3881 18.2
1721 354 6.0
1721 4649 29.2
1725 1500 12.4
1725 3503 13.8
1728 1175 12.0
1728 3828 21.2
1731 519 16.6
1731 4484 24.0
1732 1104 4.0
1732 3899 22.0
1733 1440 13.0
1733 3563 11.8
1734 585 9.0
1734 4418 20.8
1736 1837 9.0
1736 3166 32.0
1737 1735 5.8
1737 3268 17.0
1738 1639 8.8
1738 3364 25.0
1739 798 6.0
1739 4205 23.8
1741 237 5.0
1741 4766 23.8
1744 1918 12.2
1744 3085 27.0
1746 1585 6.0
1746 3418 16.4
1748 1038 18.4
1748 3965 21.0
1749 1800 9.4
1749 3203 18.0
1751 1026 7.8
1751 3977 13.6
1753 1041 12.4
1753 3962 21.4
1754 2048 16.6
1754 2955 27.0
1757 939 12.0
1757 4064 33.0
1759 2252 5.4
1759 2751 14.8
1760 1767 5.8
1760 3236 24.8
1767 1075 14.6
1767 3928 20.8
1770 80 2.4
1770 4923 15.0
1771 1874 19.6
1771 3129 28.6
1772 2014 12.4
1772 2989 16.0
1773 1185 7.6
1773 3818 11.2
1774 1887 11.4
1774 3116 11.4
1775 360 11.6
1775 4643 13.6
1776 486 9.2
1776 4517 33.0
1777 796 16.8
1777 4207 23.8
1779 1325 13.2
1779 3678 13.4
1780 964 10.8
1780 4039 36.8
1785 99 3.8
1785 4904 33.2
1786 2323 25.0
1786 2680 9.8
1787 1539 9.4
1787 3464 24.0
1790 1007 6.4
1790 3996 24.4
1791 539 10.0
1791 4464 21.2
1794 637 6.8
1794 4366 35.8
1797 1685 9.0
1797 3318 17.2
1798 1911 15.4
1798 3092 13.2
1799 783 5.2
1799 4220 18.2
1802 2162 18.4
1802 2841 14.6
1805 206 2.0
1805 4797 18.4
1806 1881 6.0
1806 3122 21.0
1807 1188 5.8
1807 3815 13.8
1808 1489 11.0
1808 3514 18.2
1810 1965 17.2
1810 3038 21.2
1811 1579 6.4
1811 3424 12.4
1813 596 14.6
1813 4407 23.6
1815 1579 11.4
1815 3424 27.6
1816 272 6.6
1816 4731 26.6
1820 753 5.4
1820 4250 37.0
1822 1574 11.8
1822 3429 41.8
1823 2319 12.2
1823 2684 18.0
1824 243 6.8
1824 4760 26.6
1827 2285 9.0
1827 2718 7.2
1828 2343 10.6
1828 2660 42.0
1829 2096 27.0
1829 2907 37.0
1830 1359 17.0
1830 3644 20.8
1831 2059 20.0
1831 2944 20.6
1832 1164 5.6
1832 3839 28.4
1833 958 12.0
1833 4045 31.8
1835 1787 17.0
1835 3216 37.0
1836 2106 27.0
1836 2897 12.2
1837 869 8.2
1837 4134 21.0
1838 498 16.8
1838 4505 23.6
1839 45 3.2
1839 4958 15.6
1840 427 11.6
1840 4576 15.6
1841 1317 11.2
1841 3686 29.2
1844 271 6.6
1844 4732 26.6
1845 411 3.6
1845 4592 32.8
1846 791 6.4
1846 4212 33.2
1848 991 12.0
1848 4012 24.4
1850 1305 11.6
1850 3698 11.6
1851 2074 417.0
1851 2929 11.4
1852 1736 19.4
1852 3267 24.0
1854 597 9.2
1854 4406 15.4
1855 2275 18.6
1855 2728 10.6
1856 671 6.8
1856 4332 16.0
1857 2242 16.4
1857 2761 11.6
1858 924 5.6
1858 4079 17.8
1859 2024 15.0
1859 2979 27.0
1860 729 21.6
1860 4274 20.8
1861 574 9.2
1861 4429 34.0
1864 2279 19.2
1864 2724 12.0
1865 2416 14.2
1865 2587 17.0
1866 1367 12.6
1866 3636 25.6
1868 1261 12.0
1868 3742 29.4
1870 788 9.4
1870 4215 13.6
1872 829 11.2
1872 4174 21.2
1874 1640 9.2
1874 3363 26.8
1875 1133 12.0
1875 3870 17.6
1877 1085 3.4
1877 3918 15.4
1881 352 9.0
1881 4651 29.2
1883 805 14.0
1883 4198 21.6
1885 1244 14.2
1885 3759 17.8
1886 1610 9.2
1886 3393 37.0
1889 520 3.4
1889 4483 14.2
1891 1377 18.4
1891 3626 27.2
1892 1704 18.4
1892 3299 27.6
1898 129 6.0
1898 4874 25.8
1899 1848 19.0
1899 3155 16.0
1900 496 12.2
1900 4507 17.6
1901 381 5.8
1901 4622 23.8
1906 165 4.0
1906 4838 33.0
1909 2240 42.0
1909 2763 17.6
1912 1813 4.0
1912 3190 26.6
1913 1299 15.2
1913 3704 16.2
1914 1237 206.8
1914 3766 14.4
1915 1578 5.4
1915 3425 21.8
1917 1238 12.0
1917 3765 27.2
1919 2178 5.2
1919 2825 16.8
1920 1503 17.0
1920 3500 17.8
1921 1647 6.4
1921 3356 22.0
1926 23 3.4
1926 4980 15.2
1928 2265 18.0
1928 2738 15.2
1932 620 7.0
1932 4383 37.0
1933 729 6.2
1933 4274 15.8
1934 728 15.2
1934 4275 32.2
1935 308 3.4
1935 4695 31.8
1937 400 7.0
1937 4603 24.8
1938 505 12.2
1938 4498 21.2
1942 1348 14.8
1942 3655 13.8
1943 628 14.6
1943 4375 20.8
1944 1362 8.0
1944 3641 17.6
1945 1123 5.2
1945 3880 32.2
1946 836 6.8
1946 4167 17.0
1951 119 3.4
1951 4884 15.6
1952 304 11.8
1952 4699 36.4
1956 48 7.2
1956 4955 42.4
1957 1245 11.4
1957 3758 30.2
1960 2441 15.4
1960 2562 20.4
1962 185 9.6
1962 4818 31.0
1963 1337 12.8
1963 3666 13.6
1964 1314 21.0
1964 3689 29.0
1968 346 403.2
1968 4657 22.6
1969 1036 9.4
1969 3967 230.0
1970 1652 21.2
1970 3351 22.2
1971 1245 12.0
1971 3758 21.8
1974 212 7.0
1974 4791 25.0
1975 2214 14.0
1975 2789 13.2
1979 182 9.2
1979 4821 33.4
1982 220 4.0
1982 4783 17.4
1983 1326 10.0
1983 3677 14.0
1984 251 9.6
1984 4752 26.0
1985 944 13.2
1985 4059 21.0
1986 394 10.2
1986 4609 37.2
1988 1890 17.2
1988 3113 12.4
1989 1898 6.4
1989 3105 27.6
1993 1509 12.2
1993 3494 15.4
1994 881 8.0
1994 4122 37.2
1998 1898 7.2
1998 3105 32.2
2004 2448 15.2
2004 2555 21.8
2006 1870 12.0
2006 3133 20.8
2009 1970 8.8
2009 3033 21.6
2010 2096 12.8
2010 2907 17.4
2011 985 13.4
2011 4018 18.4
2012 2163 12.8
2012 2840 9.2
2013 812 5.4
2013 4191 20.6
2014 185 3.8
2014 4818 23.2
2016 1537 10.0
2016 3466 36.8
2018 2060 7.6
2018 2943 28.4
2019 2209 13.0
2019 2794 21.4
2021 1605 17.4
2021 3398 15.0
2022 1918 9.4
2022 3085 21.0
2025 629 7.0
2025 4374 32.2
2029 2033 15.6
2029 2970 21.8
2030 2385 7.4
2030 2618 22.0
2033 1472 12.6
2033 3531 15.8
2035 1871 9.0
2035 3132 13.6
2036 1422 14.0
2036 3581 15.6
2037 621 10.4
2037 4382 37.4
2038 750 22.0
2038 4253 33.2
2042 2162 13.2
2042 2841 21.0
2044 2196 5.8
2044 2807 12.4
2046 1901 22.8
2046 3102 21.2
2048 802 12.6
2048 4201 17.8
2049 2446 12.4
2049 2557 22.6
2052 2191 10.8
2052 2812 12.0
2059 1524 13.8
2059 3479 18.0
2060 329 6.2
2060 4674 21.0
2061 2275 18.0
2061 2728 11.4
2063 2337 15.8
2063 2666 9.6
2064 1955 14.4
2064 3048 25.2
2070 2159 20.6
2070 2844 27.4
2071 1756 20.2
2071 3247 22.6
2075 1891 17.6
2075 3112 9.4
2076 1409 4.2
2076 3594 18.4
2078 1568 18.6
2078 3435 22.6
2079 1548 12.6
2079 3455 25.6
2083 2229 12.0
2083 2774 14.0
2084 788 8.8
2084 4215 33.8
2085 1755 17.8
2085 3248 18.2
2089 1086 9.2
2089 3917 21.4
2091 1057 3.6
2091 3946 17.8
2092 829 2.2
2092 4174 19.8
2094 2249 12.6
2094 2754 27.8
2095 2112 3.6
2095 2891 12.6
2097 2193 9.4
2097 2810 29.8
2106 15 7.0
2106 4988 24.8
2108 1537 27.2
2108 3466 34.0
2109 2269 18.0
2109 2734 26.2
2110 2470 16.2
2110 2533 20.4
2113 1164 8.8
2113 3839 22.2
2115 512 6.4
2115 4491 27.0
2119 2440 7.0
2119 2563 18.2
2120 232 5.8
2120 4771 24.2
2121 159 3.8
2121 4844 34.0
2123 1812 14.2
2123 3191 15.2
2125 1168 4.2
2125 3835 12.0
2126 2370 10.0
2126 2633 15.8
2127 2489 20.6
2127 2514 17.4
2129 309 3.6
2129 4694 23.6
2130 1057 8.8
2130 3946 21.6
2131 2258 12.4
2131 2745 12.0
2138 1479 8.8
2138 3524 25.0
2140 2001 12.8
2140 3002 12.4
2141 1111 10.0
2141 3892 29.8
2143 318 11.2
2143 4685 21.2
2144 576 4.4
2144 4427 24.2
2145 1221 18.0
2145 3782 26.0
2147 2438 28.4
2147 2565 19.6
2151 1472 10.0
2151 3531 29.2
2152 1567 7.2
2152 3436 7.6
2155 2473 6.0
2155 2530 13.0
2156 650 4.2
2156 4353 26.2
2157 1737 7.2
2157 3266 37.8
2158 1350 33.0
2158 3653 34.2
2159 1973 22.2
2159 3030 28.2
2160 1609 5.4
2160 3394 20.2
2161 2026 16.4
2161 2977 10.0
2162 1781 13.2
2162 3222 32.8
2163 1650 18.2
2163 3353 27.8
2164 2008 7.0
2164 2995 10.6
2167 504 7.6
2167 4499 19.6
2169 2138 13.6
2169 2865 26.0
2172 929 8.6
2172 4074 20.0
2174 46 3.8
2174 4957 15.4
2175 1855 16.2
2175 3148 12.0
2179 1986 15.6
2179 3017 29.0
2180 812 13.4
2180 4191 18.4
2181 1451 2.0
2181 3552 20.4
2182 1888 9.4
2182 3115 12.2
2184 643 8.8
2184 4360 15.8
2185 2268 19.6
2185 2735 24.4
2188 2021 22.6
2188 2982 14.6
2190 485 8.2
2190 4518 15.6
2192 401 10.6
2192 4602 16.6
2193 607 5.2
2193 4396 29.6
2194 2414 23.0
2194 2589 21.6
2195 2463 29.0
2195 2540 37.0
2196 234 3.4
2196 4769 29.8
2197 2221 22.4
2197 2782 215.0
2198 115 9.0
2198 4888 27.2
2199 1911 7.0
2199 3092 14.4
2200 995 10.0
2200 4008 29.6
2201 1031 10.2
2201 3972 28.0
2204 292 9.2
2204 4711 29.4
2209 516 7.0
2209 4487 33.4
2210 1640 12.2
2210 3363 16.4
2213 537 4.2
2213 4466 14.2
2215 2077 33.0
2215 2926 15.4
2216 1900 15.4
2216 3103 12.2
2218 1656 6.6
2218 3347 42.0
2219 850 12.8
2219 4153 29.0
2220 1491 13.2
2220 3512 23.4
2221 1049 13.2
2221 3954 19.4
2226 604 3.8
2226 4399 25.0
2238 1478 12.4
2238 3525 17.8
2239 832 6.8
2239 4171 24.8
2241 587 12.2
2241 4416 29.6
2243 928 6.2
2243 4075 25.2
2244 991 6.6
2244 4012 26.4
2245 76 5.4
2245 4927 24.6
2246 1034 12.2
2246 3969 13.0
2247 1225 18.2
2247 3778 26.2
2248 1149 12.6
2248 3854 11.8
2250 171 7.6
2250 4832 33.6
2253 837 12.2
2253 4166 31.6
2254 1112 4.0
2254 3891 21.0
2256 1752 7.6
2256 3251 16.4
2257 170 10.2
2257 4833 19.4
2260 655 9.4
2260 4348 37.2
2261 1551 15.2
2261 3452 18.6
2262 974 6.0
2262 4029 15.6
2264 676 3.4
2264 4327 43.0
2265 2491 10.2
2265 2512 15.6
2268 2477 25.4
2268 2526 14.2
2269 1422 10.6
2269 3581 14.0
2270 839 16.8
2270 4164 33.2
2272 781 7.0
2272 4222 43.0
2273 639 13.2
2273 4364 18.0
2274 892 6.6
2274 4111 19.6
2276 1460 28.0
2276 3543 21.8
2277 647 16.6
2277 4356 21.8
2278 2384 20.4
2278 2619 10.0
2279 102 5.4
2279 4901 24.4
2281 1539 7.0
2281 3464 37.0
2282 252 9.6
2282 4751 43.0
2283 1034 12.0
2283 3969 24.2
2284 760 9.4
2284 4243 43.0
2287 2128 7.2
2287 2875 7.8
2289 1563 6.8
2289 3440 16.2
2290 1220 11.2
2290 3783 21.6
2291 2375 8.2
2291 2628 13.0
2292 1509 7.2
2292 3494 13.0
2293 219 6.2
2293 4784 13.8
2294 2389 13.8
2294 2614 21.8
2296 2226 14.2
2296 2777 20.4
2297 393 204.6
2297 4610 33.8
2299 892 19.0
2299 4111 27.2
2302 2208 210.4
2302 2795 20.6
2304 1094 9.4
2304 3909 10.0
2305 2415 20.8
2305 2588 18.2
2309 937 5.4
2309 4066 30.2
2311 500 10.8
2311 4503 33.0
2314 1517 7.0
2314 3486 12.0
2317 652 6.2
2317 4351 22.4
2319 1138 4.2
2319 3865 21.4
2320 1223 7.4
2320 3780 29.0
2322 52 7.2
2322 4951 24.4
2328 1846 17.0
2328 3157 23.0
2332 1294 6.4
2332 3709 18.4
2335 1963 27.0
2335 3040 37.4
2337 53 6.2
2337 4950 29.0
2338 223 17.0
2338 4780 18.8
2339 2033 13.4
2339 2970 19.8
2342 1685 3.8
2342 3318 9.8
2343 1325 13.2
2343 3678 23.6
2345 1954 17.0
2345 3049 33.0
2347 2152 6.2
2347 2851 21.4
2348 1992 32.4
2348 3011 25.2
2349 415 3.8
2349 4588 37.0
2353 197 5.4
2353 4806 34.0
2355 1849 16.4
2355 3154 20.2
2358 2333 17.0
2358 2670 27.0
2359 149 204.4
2359 4854 25.0
2360 1984 8.4
2360 3019 18.6
2361 2172 15.2
2361 2831 10.4
2362 2097 10.6
2362 2906 21.2
2364 48 5.4
2364 4955 24.2
2365 797 9.4
2365 4206 21.8
2368 1892 17.0
2368 3111 29.4
2369 2288 18.4
2369 2715 12.2
2371 195 1.8
2371 4808 17.0
2372 1355 7.4
2372 3648 33.6
2375 486 7.0
2375 4517 25.0
2380 1852 15.4
2380 3151 13.8
2383 2141 13.6
2383 2862 20.6
2385 2301 17.2
2385 2702 29.6
2386 2093 22.0
2386 2910 13.4
2387 509 8.2
2387 4494 18.6
2388 624 10.4
2388 4379 16.8
2392 924 5.2
2392 4079 27.8
2393 1978 17.4
2393 3025 26.2
2394 1110 14.6
2394 3893 19.6
2396 164 7.0
2396 4839 33.4
2398 1866 15.2
2398 3137 22.4
2399 2207 22.2
2399 2796 12.4
2404 959 5.4
2404 4044 15.4
2405 1938 5.6
2405 3065 16.0
2406 1159 10.2
2406 3844 16.8
2412 1855 11.2
2412 3148 32.4
2413 2251 12.0
2413 2752 15.4
2414 734 9.4
2414 4269 18.4
2415 450 4.0
2415 4553 25.4
2416 605 5.2
2416 4398 24.8
2418 1593 11.8
2418 3410 30.0
2419 1088 14.4
2419 3915 20.0
2423 1370 12.4
2423 3633 21.8
2424 1599 18.0
2424 3404 30.0
2425 1960 12.4
2425 3043 17.0
2426 979 3.0
2426 4024 21.2
2429 2049 23.6
2429 2954 21.0
2430 133 2.4
2430 4870 15.0
2433 1708 9.6
2433 3295 14.2
2434 1659 17.0
2434 3344 18.4
2435 213 2.4
2435 4790 17.2
2436 264 5.6
2436 4739 25.0
2441 2220 19.4
2441 2783 7.6
2443 2130 14.0
2443 2873 21.6
2444 697 9.8
2444 4306 32.0
2446 2126 13.4
2446 2877 13.0
2447 2031 10.6
2447 2972 17.4
2451 1671 15.4
2451 3332 18.6
2452 1785 11.4
2452 3218 23.4
2454 77 5.4
2454 4926 24.4
2457 1391 17.8
2457 3612 18.2
2461 998 12.0
2461 4005 20.8
2465 168 2.0
2465 4835 35.0
2467 2371 18.8
2467 2632 22.0
2468 114 9.4
2468 4889 41.8
2469 541 7.4
2469 4462 24.0
2470 2300 28.0
2470 2703 12.2
2475 2279 18.0
2475 2724 19.2
2479 1288 20.2
2479 3715 27.4
2485 2100 18.0
2485 2903 12.4
2487 1695 6.2
2487 3308 216.6
2488 1818 11.0
2488 3185 12.2
2489 735 5.6
2489 4268 34.2
2490 1246 20.8
2490 3757 24.8
2492 2073 10.4
2492 2930 27.0
2493 2379 16.4
2493 2624 13.4
2494 1646 10.2
2494 3357 30.0
2495 1409 12.4
2495 3594 13.8
2500 75 10.0
2500 4928 233.8
2501 610 3.4
2501 4393 13.8
2502 1122 22.8
2502 3881 29.0
2505 1108 22.0
2505 3895 25.4
2506 607 9.4
2506 4396 13.6
2511 592 10.0
2511 4411 21.4
2517 1659 12.4
2517 3344 12.6
2518 472 6.0
2518 4531 27.4
2519 1878 10.2
2519 3125 16.2
2520 1230 11.8
2520 3773 18.2
2522 563 3.4
2522 4440 7.6
2523 66 6.0
2523 4937 33.0
2525 914 13.2
2525 4089 21.6
2526 1833 17.0
2526 3170 17.2
2527 1443 27.0
2527 3560 36.2
2528 1323 12.2
2528 3680 29.6
2531 1858 32.4
2531 3145 16.2
2533 1755 9.8
2533 3248 15.0
2535 444 6.8
2535 4559 14.8
2537 1615 13.0
2537 3388 15.4
2539 907 9.0
2539 4096 31.8
2540 2324 27.0
2540 2679 15.8
2541 2242 17.6
2541 2761 18.2
2542 2366 27.0
2542 2637 21.4
2543 1686 5.4
2543 3317 29.2
2545 616 6.4
2545 4387 34.0
2547 1296 7.8
2547 3707 36.8
2549 1255 7.0
2549 3748 24.4
2550 1376 6.8
2550 3627 26.2
2551 1656 9.8
2551 3347 21.0
2555 929 5.6
2555 4074 25.4
2556 2311 9.8
2556 2692 20.8
2557 555 7.0
2557 4448 24.2
2558 1072 6.4
2558 3931 13.6
2559 1010 12.6
2559 3993 32.6
2560 1954 14.6
2560 3049 22.0
2566 2488 27.2
2566 2515 19.4
2567 675 12.0
2567 4328 25.0
2570 1375 12.6
2570 3628 20.8
2573 1884 7.8
2573 3119 22.8
2574 1243 5.8
2574 3760 18.8
2578 983 9.4
2578 4020 17.2
2582 1969 12.4
2582 3034 10.0
2585 854 12.0
2585 4149 32.0
2586 1182 7.4
2586 3821 21.4
2587 1239 9.4
2587 3764 33.6
2589 1254 8.4
2589 3749 25.6
2593 2286 12.4
2593 2717 40.2
2594 1063 9.0
2594 3940 16.0
2595 1698 17.6
2595 3305 18.4
2596 758 9.2
2596 4245 32.2
2599 861 17.0
2599 4142 18.6
2601 1571 14.4
2601 3432 9.2
2602 1557 19.8
2602 3446 17.0
2603 121 6.2
2603 4882 24.0
2605 1978 12.6
2605 3025 18.2
2610 1866 8.2
2610 3137 15.2
2616 78 7.0
2616 4925 42.0
2617 1845 13.8
2617 3158 17.4
2618 306 4.6
2618 4697 15.4
2620 1039 15.8
2620 3964 26.2
2627 10 3.2
2627 4993 24.2
2632 1305 14.4
2632 3698 18.0
2633 869 12.2
2633 4134 24.8
2634 643 9.8
2634 4360 24.0
2636 2106 7.4
2636 2897 14.2
2637 289 9.8
2637 4714 34.8
2638 1540 14.6
2638 3463 37.0
2640 535 4.0
2640 4468 31.0
2641 742 4.0
2641 4261 33.2
2642 1190 17.2
2642 3813 33.8
2644 802 17.0
2644 4201 29.2
2646 359 7.0
2646 4644 42.0
2647 2323 15.8
2647 2680 18.0
2650 549 8.6
2650 4454 37.0
2655 156 3.8
2655 4847 34.8
2657 2332 21.4
2657 2671 21.4
2658 2130 13.0
2658 2873 15.2
2662 475 3.6
2662 4528 32.0
2664 1269 15.4
2664 3734 25.8
2665 1630 9.6
2665 3373 19.8
2666 814 8.4
2666 4189 20.0
2668 1660 19.8
2668 3343 15.6
2671 2218 14.8
2671 2785 31.0
2673 271 5.4
2673 4732 24.4
2676 2430 42.0
2676 2573 17.2
2677 995 15.6
2677 4008 21.2
2678 2416 20.4
2678 2587 27.8
2679 964 6.4
2679 4039 13.8
2680 255 10.6
2680 4748 21.4
2682 1494 15.4
2682 3509 20.6
2683 2061 11.0
2683 2942 16.4
2690 269 4.4
2690 4734 23.4
2691 2128 13.0
2691 2875 15.6
2693 909 8.0
2693 4094 26.8
2694 296 12.0
2694 4707 24.6
2695 1096 11.8
2695 3907 18.6
2696 140 8.4
2696 4863 35.2
2697 889 12.0
2697 4114 30.0
2698 521 3.2
2698 4482 29.0
2699 1586 17.0
2699 3417 15.4
2703 162 3.2
2703 4841 32.8
2706 431 6.6
2706 4572 26.6
2708 2314 21.0
2708 2689 15.2
2712 2234 9.6
2712 2769 13.6
2713 50 3.6
2713 4953 17.0
2715 202 6.8
2715 4801 43.0
2717 452 6.6
2717 4551 24.2
2718 2028 6.6
2718 2975 19.0
2719 2373 6.6
2719 2630 29.0
2720 2246 18.2
2720 2757 11.6
2722 564 8.4
2722 4439 21.2
2724 367 5.4
2724 4636 24.8
2725 1890 18.2
2725 3113 20.2
2726 1260 9.0
2726 3743 15.6
2727 1556 4.6
2727 3447 21.2
2732 1599 18.4
2732 3404 26.2
2733 402 9.6
2733 4601 22.2
2735 297 11.2
2735 4706 24.4
2737 1003 13.4
2737 4000 17.2
2740 1583 12.2
2740 3420 11.6
2743 867 13.6
2743 4136 29.4
2745 1045 4.0
2745 3958 16.2
2748 1404 11.4
2748 3599 13.6
2752 2238 15.0
2752 2765 17.8
2757 2246 6.0
2757 2757 12.6
2758 1077 12.4
2758 3926 19.4
2759 1371 16.6
2759 3632 25.0
2760 1792 23.2
2760 3211 27.0
2761 589 6.0
2761 4414 34.2
2764 1414 16.8
2764 3589 12.4
2765 942 7.8
2765 4061 33.2
2767 2189 12.8
2767 2814 25.4
2768 1376 14.2
2768 3627 18.2
2769 2299 16.6
2769 2704 27.0
2770 815 6.0
2770 4188 14.0
2771 2326 13.4
2771 2677 32.6
2772 502 12.0
2772 4501 23.6
2774 426 4.0
2774 4577 35.6
2775 1167 12.4
2775 3836 21.4
2776 1280 3.8
2776 3723 31.8
2779 1071 6.4
2779 3932 18.4
2781 345 1.8
2781 4658 25.6
2782 775 9.4
2782 4228 27.8
2783 1380 9.2
2783 3623 32.0
2785 1785 5.8
2785 3218 28.0
2786 598 9.2
2786 4405 23.6
2787 773 1.8
2787 4230 14.0
2789 1704 6.0
2789 3299 14.8
2794 1965 25.2
2794 3038 37.2
2795 2146 20.4
2795 2857 16.8
2799 1160 19.6
2799 3843 18.4
2801 2483 18.4
2801 2520 9.4
2805 2048 12.6
2805 2955 21.2
2806 1434 7.0
2806 3569 35.8
2807 2280 25.2
2807 2723 21.2
2812 117 2.0
2812 4886 27.0
2814 1041 6.4
2814 3962 18.4
2818 323 3.2
2818 4680 33.4
2819 2288 18.4
2819 2715 15.8
2820 2379 26.8
2820 2624 21.4
2821 51 8.6
2821 4952 17.6
2822 1650 16.0
2822 3353 16.8
2824 754 17.2
2824 4249 18.2
2825 193 5.4
2825 4810 17.6
2826 2418 9.4
2826 2585 15.4
2827 34 3.2
2827 4969 15.6
2829 590 17.8
2829 4413 35.0
2830 676 17.0
2830 4327 11.2
2832 1145 11.8
2832 3858 14.6
2833 1281 6.4
2833 3722 25.6
2838 1999 17.0
2838 3004 42.0
2839 1737 12.0
2839 3266 21.4
2840 1451 9.4
2840 3552 25.6
2841 1221 13.8
2841 3782 19.4
2843 2010 14.6
2843 2993 17.6
2845 1867 9.0
2845 3136 15.0
2846 2008 9.4
2846 2995 12.8
2848 1592 9.6
2848 3411 14.2
2852 552 6.6
2852 4451 24.8
2854 623 7.0
2854 4380 27.2
2857 815 3.6
2857 4188 35.6
2858 1781 16.0
2858 3222 25.4
2859 2030 12.6
2859 2973 11.8
2860 1675 12.6
2860 3328 15.2
2862 540 9.4
2862 4463 13.8
2863 1168 9.0
2863 3835 11.6
2864 2146 21.6
2864 2857 26.0
2865 1129 16.0
2865 3874 13.8
2866 450 19.4
2866 4553 15.6
2870 2138 14.8
2870 2865 23.8
2874 2386 9.2
2874 2617 8.0
2875 2460 17.0
2875 2543 13.0
2877 1101 17.0
2877 3902 32.0
2878 2001 17.4
2878 3002 20.0
2880 670 7.0
2880 4333 21.8
2884 200 11.2
2884 4803 23.6
2885 348 3.2
2885 4655 32.0
2886 1583 15.2
2886 3420 21.2
2888 1952 11.4
2888 3051 18.2
2889 398 3.4
2889 4605 18.6
2891 1798 27.4
2891 3205 19.8
2892 1053 11.8
2892 3950 17.4
2897 1194 16.0
2897 3809 15.8
2898 1914 12.0
2898 3089 25.4
2899 1025 6.8
2899 3978 29.2
2902 1680 8.6
2902 3323 12.6
2903 210 16.8
2903 4793 29.2
2904 889 7.0
2904 4114 42.0
2905 1088 3.8
2905 3915 25.6
2908 2176 25.6
2908 2827 37.0
2909 71 3.6
2909 4932 18.4
2915 908 2.0
2915 4095 11.8
2916 1257 17.0
2916 3746 29.0
2918 2300 21.0
2918 2703 15.4
2919 1162 9.0
2919 3841 23.8
2921 2397 29.0
2921 2606 8.8
2923 1928 10.2
2923 3075 19.8
2924 834 7.0
2924 4169 20.6
2925 270 9.0
2925 4733 23.8
2926 1934 6.0
2926 3069 10.2
2929 198 5.2
2929 4805 33.0
2931 2355 12.0
2931 2648 13.6
2932 2456 217.6
2932 2547 18.4
2933 39 12.0
2933 4964 42.0
2936 873 7.0
2936 4130 22.0
2940 2480 22.6
2940 2523 29.0
2942 1769 12.8
2942 3234 18.0
2943 2358 21.2
2943 2645 27.0
2945 183 3.6
2945 4820 32.8
2946 1370 12.0
2946 3633 18.0
2948 956 6.4
2948 4047 18.0
2952 1489 2.0
2952 3514 17.8
2953 2037 15.6
2953 2966 16.6
2955 149 12.6
2955 4854 24.2
2956 1064 17.0
2956 3939 29.0
2958 1358 17.2
2958 3645 18.0
2965 737 13.2
2965 4266 26.0
2969 204 6.2
2969 4799 30.2
2970 552 6.6
2970 4451 31.8
2973 235 3.0
2973 4768 33.2
2974 1269 18.0
2974 3734 29.0
2975 2488 11.4
2975 2515 9.6
2976 1152 5.4
2976 3851 35.0
2977 547 17.0
2977 4456 21.8
2979 2243 25.4
2979 2760 15.0
2982 637 3.6
2982 4366 13.0
2983 2220 8.0
2983 2783 21.2
2985 556 6.2
2985 4447 37.0
2986 1623 9.6
2986 3380 28.8
2988 183 7.0
2988 4820 24.0
2989 1987 17.0
2989 3016 27.0
2992 1553 9.6
2992 3450 20.6
2996 938 6.4
2996 4065 33.0
3000 266 3.2
3000 4737 13.6
3001 582 15.2
3001 4421 18.4
3002 2222 32.4
3002 2781 14.8
3003 351 9.4
3003 4652 28.8
3004 1465 14.8
3004 3538 13.4
3006 439 8.8
3006 4564 25.0
3007 992 17.0
3007 4011 21.6
3008 2396 15.2
3008 2607 6.8
3009 1235 5.8
3009 3768 32.0
3011 287 6.6
3011 4716 18.2
3013 1623 12.0
3013 3380 23.4
3015 2384 20.8
3015 2619 17.2
3016 997 13.2
3016 4006 36.0
3017 1886 12.0
3017 3117 21.8
3020 1074 14.8
3020 3929 14.0
3022 2453 19.4
3022 2550 13.0
3023 1863 9.0
3023 3140 15.8
3026 695 13.0
3026 4308 13.6
3027 124 8.8
3027 4879 15.6
3028 302 11.6
3028 4701 29.0
3030 2076 27.0
3030 2927 11.0
3032 978 3.2
3032 4025 24.6
3033 1282 17.4
3033 3721 21.0
3034 1419 6.4
3034 3584 25.2
3037 2247 6.6
3037 2756 12.2
3038 1999 18.8
3038 3004 29.0
3041 1987 21.8
3041 3016 22.0
3044 1148 9.4
3044 3855 24.6
3045 1655 17.0
3045 3348 24.6
3046 978 11.8
3046 4025 15.8
3050 921 15.0
3050 4082 16.0
3051 1048 3.6
3051 3955 15.6
3054 1790 12.4
3054 3213 27.0
3056 2479 12.6
3056 2524 20.2
3060 807 14.4
3060 4196 30.0
3062 246 5.0
3062 4757 29.0
3064 1065 7.6
3064 3938 16.6
3066 1283 16.0
3066 3720 20.8
3067 2296 12.4
3067 2707 15.8
3069 1215 14.6
3069 3788 17.8
3070 578 4.0
3070 4425 26.8
3071 382 7.2
3071 4621 42.0
3074 165 3.2
3074 4838 24.4
3075 503 12.6
3075 4500 33.4
3077 254 8.8
3077 4749 42.2
3078 617 9.4
3078 4386 24.4
3079 735 5.8
3079 4268 18.6
3080 1286 8.2
3080 3717 30.6
3082 1559 13.2
3082 3444 12.2
3084 1651 17.6
3084 3352 17.2
3086 1908 11.8
3086 3095 20.8
3089 2102 9.6
3089 2901 8.8
3090 528 4.2
3090 4475 30.6
3094 2171 9.6
3094 2832 22.0
3095 2247 28.0
3095 2756 27.0
3099 2074 8.8
3099 2929 10.4
3100 269 6.2
3100 4734 31.0
3102 1075 6.6
3102 3928 26.6
3103 1575 18.0
3103 3428 16.4
3104 1197 6.6
3104 3806 32.0
3106 551 5.0
3106 4452 21.2
3108 1690 21.0
3108 3313 25.2
3109 18 3.4
3109 4985 42.4
3110 1580 16.8
3110 3423 15.0
3116 1070 6.6
3116 3933 20.8
3117 1799 7.6
3117 3204 19.6
3118 969 16.0
3118 4034 13.8
3119 2022 19.8
3119 2981 11.8
3121 723 3.6
3121 4280 33.0
3122 285 1.8
3122 4718 14.4
3124 1125 6.2
3124 3878 11.0
3125 308 3.4
3125 4695 15.4
3126 830 17.2
3126 4173 18.4
3128 239 12.6
3128 4764 42.0
3130 266 5.4
3130 4737 25.8
3133 1162 20.0
3133 3841 23.8
3136 1664 9.8
3136 3339 18.6
3139 1323 10.0
3139 3680 24.6
3140 395 12.0
3140 4608 42.0
3142 2345 22.0
3142 2658 14.6
3143 578 2.0
3143 4425 23.8
3148 1769 17.0
3148 3234 27.0
3149 2321 26.0
3149 2682 37.0
3150 95 6.4
3150 4908 15.6
3151 1442 14.4
3151 3561 21.6
3153 195 3.8
3153 4808 22.4
3155 1371 407.6
3155 3632 15.4
3162 81 8.8
3162 4922 24.0
3165 131 3.4
3165 4872 15.6
3168 1912 25.4
3168 3091 15.6
3169 2124 4.8
3169 2879 29.2
3175 2111 13.4
3175 2892 15.0
3176 698 3.4
3176 4305 20.6
3177 758 8.8
3177 4245 18.4
3179 454 8.4
3179 4549 21.0
3182 1322 9.4
3182 3681 20.6
3184 2388 15.2
3184 2615 17.6
3185 2449 13.2
3185 2554 12.4
3186 635 5.4
3186 4368 33.0
3187 1869 9.0
3187 3134 22.0
3189 954 3.4
3189 4049 15.6
3190 596 11.8
3190 4407 24.2
3191 1731 14.8
3191 3272 9.8
3193 516 7.0
3193 4487 33.0
3194 1170 9.2
3194 3833 24.4
3197 63 10.2
3197 4940 17.0
3200 1222 10.4
3200 3781 11.6
3202 880 9.2
3202 4123 23.8
3204 1776 12.4
3204 3227 19.6
3207 2019 12.4
3207 2984 27.0
3208 1828 27.0
3208 3175 16.8
3209 1605 11.4
3209 3398 24.2
3210 1814 19.0
3210 3189 21.4
3211 1272 13.6
3211 3731 18.4
3212 2091 19.4
3212 2912 9.2
3213 1180 3.2
3213 3823 18.2
3214 2324 12.0
3214 2679 25.2
3216 564 6.8
3216 4439 23.8
3220 1572 7.6
3220 3431 17.6
3225 1093 8.8
3225 3910 16.4
3226 614 3.4
3226 4389 11.6
3228 22 10.0
3228 4981 23.8
3230 2006 12.6
3230 2997 16.2
3232 1441 14.2
3232 3562 21.6
3234 1045 9.2
3234 3958 25.2
3236 381 11.6
3236 4622 37.0
3239 558 4.8
3239 4445 23.8
3241 1520 15.6
3241 3483 18.4
3242 1076 4.6
3242 3927 21.4
3243 1619 16.2
3243 3384 15.6
3244 1139 7.0
3244 3864 17.4
3245 1288 21.6
3245 3715 11.8
3246 927 6.6
3246 4076 29.0
3247 624 3.6
3247 4379 22.8
3249 115 4.8
3249 4888 15.2
3251 1477 15.6
3251 3526 15.6
3252 1428 11.6
3252 3575 20.2
3254 1723 21.8
3254 3280 20.8
3257 784 17.4
3257 4219 37.0
3258 2024 12.2
3258 2979 7.4
3265 762 6.2
3265 4241 23.0
3266 1301 14.8
3266 3702 23.6
3273 1594 20.0
3273 3409 15.4
3275 1613 17.4
3275 3390 21.4
3278 1320 8.4
3278 3683 16.0
3280 457 11.4
3280 4546 19.8
3281 1425 12.6
3281 3578 20.6
3283 1870 9.0
3283 3133 9.4
3285 685 8.4
3285 4318 24.8
3286 1358 5.6
3286 3645 19.2
3287 610 13.4
3287 4393 20.6
3288 1003 3.4
3288 4000 23.6
3289 1500 8.6
3289 3503 25.0
3291 380 6.4
3291 4623 31.0
3293 703 7.0
3293 4300 27.6
3295 2374 29.4
3295 2629 15.8
3297 1042 5.4
3297 3961 33.0
3300 1609 6.4
3300 3394 14.6
3301 1688 16.6
3301 3315 13.4
3303 2298 11.8
3303 2705 5.8
3307 1553 9.0
3307 3450 27.4
3308 640 5.2
3308 4363 24.0
3310 1178 9.2
3310 3825 13.8
3312 2035 16.8
3312 2968 25.4
3315 1904 31.6
3315 3099 34.0
3317 1814 16.6
3317 3189 20.6
3318 912 6.6
3318 4091 28.0
3319 2014 12.0
3319 2989 17.6
3320 203 2.4
3320 4800 25.4
3322 1455 22.0
3322 3548 21.2
3324 1482 8.8
3324 3521 25.0
3326 1300 8.6
3326 3703 21.2
3330 2493 9.2
3330 2510 14.2
3332 1988 21.0
3332 3015 16.0
3333 248 3.8
3333 4755 20.8
3337 2099 12.8
3337 2904 17.0
3343 528 11.6
3343 4475 430.0
3345 1888 22.0
3345 3115 18.8
3346 1032 22.0
3346 3971 30.0
3351 819 9.2
3351 4184 28.6
3352 456 3.0
3352 4547 24.4
3354 2093 26.8
3354 2910 21.0
3356 117 4.4
3356 4886 35.2
3359 1934 12.2
3359 3069 25.0
3360 1431 9.6
3360 3572 14.8
3361 2187 10.6
3361 2816 15.6
3363 658 4.0
3363 4345 30.8
3364 1511 12.0
3364 3492 26.4
3365 722 13.0
3365 4281 32.0
3366 849 9.2
3366 4154 21.2
3367 941 6.8
3367 4062 24.8
3371 742 8.6
3371 4261 11.8
3375 272 8.2
3375 4731 33.0
3379 1897 17.2
3379 3106 12.0
3381 303 12.6
3381 4700 21.6
3384 1819 23.0
3384 3184 32.0
3386 2441 24.0
3386 2562 9.0
3387 2123 5.6
3387 2880 8.0
3388 222 5.8
3388 4781 42.0
3391 1906 12.6
3391 3097 25.0
3394 1721 22.8
3394 3282 20.2
3395 2235 25.0
3395 2768 15.8
3396 2073 17.8
3396 2930 6.4
3397 1995 7.8
3397 3008 16.6
3403 619 5.8
3403 4384 24.0
3404 2370 20.8
3404 2633 11.8
3407 336 2.2
3407 4667 15.0
3408 925 3.8
3408 4078 21.6
3410 454 13.4
3410 4549 31.2
3411 2056 13.4
3411 2947 16.4
3413 871 8.2
3413 4132 26.0
3414 1478 17.0
3414 3525 27.0
3415 1887 8.8
3415 3116 11.8
3417 454 13.4
3417 4549 230.0
3418 493 6.6
3418 4510 13.6
3419 725 15.0
3419 4278 21.0
3420 2418 17.8
3420 2585 21.8
3421 1901 21.2
3421 3102 33.2
3425 2078 17.6
3425 2925 11.2
3426 1834 12.0
3426 3169 18.2
3427 351 8.8
3427 4652 42.0
3428 775 9.6
3428 4228 18.2
3429 467 9.2
3429 4536 22.4
3431 6 10.4
3431 4997 16.2
3432 2213 12.6
3432 2790 11.6
3433 678 12.4
3433 4325 18.8
3436 1833 6.6
3436 3170 21.4
3439 1445 12.2
3439 3558 36.4
3441 2434 9.6
3441 2569 13.2
3442 1641 16.6
3442 3362 8.2
3447 2337 17.0
3447 2666 29.2
3452 2473 13.6
3452 2530 14.6
3453 1616 21.0
3453 3387 218.4
3457 2456 13.0
3457 2547 13.4
3463 305 16.4
3463 4698 20.8
3464 2272 12.2
3464 2731 3.8
3465 275 4.0
3465 4728 21.8
3467 1893 4.0
3467 3110 13.8
3468 213 2.2
3468 4790 35.0
3469 1747 26.8
3469 3256 29.0
3470 1316 13.2
3470 3687 21.2
3471 2042 15.0
3471 2961 33.6
3472 1340 9.4
3472 3663 20.8
3473 2191 22.2
3473 2812 19.4
3474 402 3.8
3474 4601 20.2
3477 2118 21.2
3477 2885 17.4
3478 1379 18.4
3478 3624 37.6
3479 1814 27.2
3479 3189 32.4
3481 882 6.8
3481 4121 13.8
3484 971 9.6
3484 4032 12.6
3489 1961 8.0
3489 3042 30.8
3492 2442 10.2
3492 2561 14.0
3493 425 5.8
3493 4578 24.0
3497 134 2.2
3497 4869 25.0
3503 1683 11.8
3503 3320 13.6
3504 1841 14.6
3504 3162 21.4
3509 1764 9.4
3509 3239 25.6
3513 1438 17.0
3513 3565 15.0
3515 2430 9.6
3515 2573 14.6
3517 309 12.8
3517 4694 33.0
3522 760 12.4
3522 4243 18.2
3523 345 6.2
3523 4658 21.6
3524 563 3.4
3524 4440 21.4
3525 759 10.2
3525 4244 32.4
3527 850 5.4
3527 4153 16.8
3530 2132 11.8
3530 2871 426.6
3531 824 3.2
3531 4179 24.2
3533 184 7.0
3533 4819 29.4
3536 2238 7.0
3536 2765 8.0
3540 778 8.0
3540 4225 23.4
3541 279 7.2
3541 4724 37.6
3542 455 12.0
3542 4548 24.2
3543 650 5.4
3543 4353 37.4
3545 41 7.0
3545 4962 24.0
3546 202 2.4
3546 4801 27.6
3549 1291 12.6
3549 3712 18.2
3550 1699 13.0
3550 3304 32.8
3552 46 7.2
3552 4957 26.2
3553 265 5.8
3553 4738 43.0
3554 1924 24.2
3554 3079 11.4
3555 354 10.2
3555 4649 24.6
3556 2375 12.4
3556 2628 10.8
3558 1941 13.4
3558 3062 30.4
3559 341 3.8
3559 4662 30.0
3560 1871 9.4
3560 3132 11.8
3561 427 15.8
3561 4576 13.6
3562 1673 13.4
3562 3330 11.6
3564 80 7.8
3564 4923 29.4
3566 2302 12.0
3566 2701 24.6
3569 1087 17.4
3569 3916 15.0
3570 1270 9.2
3570 3733 21.2
3573 528 12.8
3573 4475 24.0
3576 351 2.2
3576 4652 13.4
3577 338 10.0
3577 4665 24.8
3579 553 15.2
3579 4450 15.4
3580 1881 22.2
3580 3122 15.8
3584 786 11.4
3584 4217 29.6
3585 1285 12.8
3585 3718 20.4
3586 474 2.4
3586 4529 13.2
3589 2429 21.4
3589 2574 10.0
3594 2004 13.2
3594 2999 17.8
3596 2027 14.4
3596 2976 15.6
3598 2407 24.6
3598 2596 8.8
3599 1458 15.2
3599 3545 19.0
3600 917 14.0
3600 4086 19.2
3601 1466 10.2
3601 3537 11.8
3604 70 3.2
3604 4933 33.8
3607 2301 12.6
3607 2702 29.6
3614 1726 11.4
3614 3277 33.8
3617 2456 13.0
3617 2547 32.4
3618 2452 15.8
3618 2551 14.8
3619 1359 4.2
3619 3644 26.2
3620 707 2.4
3620 4296 26.4
3622 1670 9.0
3622 3333 31.2
3625 119 3.2
3625 4884 29.6
3627 2448 15.8
3627 2555 27.0
3630 2471 22.0
3630 2532 29.6
3635 1364 7.0
3635 3639 36.6
3637 1175 12.2
3637 3828 16.0
3639 1174 18.0
3639 3829 34.8
3640 1563 22.8
3640 3440 14.8
3642 10 2.0
3642 4993 17.4
3647 1812 27.2
3647 3191 19.2
3648 292 8.2
3648 4711 33.8
3649 77 2.0
3649 4926 16.6
3650 827 2.4
3650 4176 19.8
3651 410 5.0
3651 4593 14.0
3652 2029 16.8
3652 2974 30.2
3655 1517 27.8
3655 3486 18.8
3656 281 10.0
3656 4722 25.6
3657 2281 12.2
3657 2722 22.8
3665 1341 12.6
3665 3662 25.8
3671 1697 17.8
3671 3306 15.8
3672 392 9.4
3672 4611 39.8
3673 78 6.6
3673 4925 18.6
3675 879 9.8
3675 4124 15.6
3677 798 2.4
3677 4205 17.6
3679 724 12.8
3679 4279 27.0
3680 2435 16.2
3680 2568 34.6
3682 2135 12.4
3682 2868 7.8
3683 2206 12.2
3683 2797 29.6
3688 579 13.2
3688 4424 17.4
3689 749 11.8
3689 4254 37.8
3692 846 13.8
3692 4157 26.2
3693 2110 27.0
3693 2893 13.8
3694 1585 9.0
3694 3418 13.6
3695 1241 19.0
3695 3762 25.8
3697 1971 16.2
3697 3032 11.8
3698 859 10.4
3698 4144 17.6
3702 345 3.6
3702 4658 21.4
3703 2385 12.2
3703 2618 21.6
3707 1553 7.0
3707 3450 21.4
3711 1248 5.0
3711 3755 14.6
3713 1143 20.2
3713 3860 21.8
3715 411 5.4
3715 4592 14.0
3716 1859 21.6
3716 3144 18.0
3717 78 9.6
3717 4925 18.0
3718 2238 7.8
3718 2765 26.0
3719 218 7.6
3719 4785 24.0
3720 719 3.6
3720 4284 24.4
3721 1934 8.0
3721 3069 11.8
3722 792 3.8
3722 4211 38.0
3723 662 12.6
3723 4341 42.8
3725 789 5.6
3725 4214 37.8
3726 2304 15.4
3726 2699 8.2
3730 1550 8.8
3730 3453 15.6
3731 1154 17.0
3731 3849 27.4
3734 1277 12.4
3734 3726 18.0
3735 1810 13.0
3735 3193 26.4
3737 10 7.0
3737 4993 24.2
3739 2362 17.2
3739 2641 21.4
3742 1876 12.6
3742 3127 29.4
3743 1574 7.0
3743 3429 22.0
3745 202 12.2
3745 4801 24.2
3747 1973 15.4
3747 3030 7.8
3749 1342 13.8
3749 3661 29.2
3750 1293 9.2
3750 3710 16.4
3754 68 9.0
3754 4935 24.6
3755 639 3.8
3755 4364 15.6
3757 2064 21.8
3757 2939 25.8
3758 1206 7.0
3758 3797 15.4
3759 2161 24.0
3759 2842 12.0
3760 2418 12.6
3760 2585 16.6
3762 1358 14.0
3762 3645 21.2
3763 963 9.2
3763 4040 16.2
3764 573 9.2
3764 4430 33.6
3765 179 5.4
3765 4824 42.8
3767 112 5.8
3767 4891 15.0
3769 891 13.2
3769 4112 25.2
3771 2034 9.6
3771 2969 16.8
3772 904 9.4
3772 4099 30.2
3774 1086 20.2
3774 3917 29.6
3779 1955 13.0
3779 3048 17.0
3781 1468 12.8
3781 3535 22.4
3783 1735 12.0
3783 3268 29.4
3788 1136 12.0
3788 3867 38.0
3789 1707 8.4
3789 3296 25.2
3791 2039 17.8
3791 2964 19.2
3792 855 8.6
3792 4148 17.0
3793 578 6.0
3793 4425 28.2
3795 774 27.0
3795 4229 21.2
3796 775 12.2
3796 4228 12.0
3797 186 9.6
3797 4817 33.2
3799 402 5.6
3799 4601 42.8
3801 1771 27.4
3801 3232 6.0
3805 65 5.4
3805 4938 16.8
3807 1827 10.0
3807 3176 15.0
3808 1295 6.6
3808 3708 22.0
3810 1744 16.0
3810 3259 12.2
3813 1608 22.8
3813 3395 24.0
3815 2430 9.0
3815 2573 17.4
3819 1820 9.6
3819 3183 21.4
3820 324 3.4
3820 4679 21.8
3821 550 3.6
3821 4453 29.6
3822 805 9.4
3822 4198 42.8
3829 1410 17.2
3829 3593 17.0
3830 2268 16.8
3830 2735 16.0
3832 1739 16.0
3832 3264 15.8
3835 1353 3.8
3835 3650 32.2
3836 389 9.4
3836 4614 34.0
3837 1040 12.0
3837 3963 36.2
3838 117 3.4
3838 4886 33.6
3840 1315 12.8
3840 3688 17.0
3842 1882 17.8
3842 3121 25.6
3843 1896 3.4
3843 3107 15.0
3845 328 2.0
3845 4675 14.8
3846 1693 17.6
3846 3310 32.0
3847 2003 17.4
3847 3000 27.4
3848 1742 12.8
3848 3261 15.8
3855 2402 12.6
3855 2601 16.0
3857 1310 9.2
3857 3693 29.2
3858 171 12.6
3858 4832 21.2
3859 526 12.6
3859 4477 33.4
3862 1976 12.0
3862 3027 32.2
3863 2357 32.8
3863 2646 22.8
3864 752 7.2
3864 4251 25.6
3865 2490 21.2
3865 2513 13.2
3866 645 7.8
3866 4358 21.8
3871 1545 11.0
3871 3458 25.0
3872 620 9.2
3872 4383 24.2
3873 708 6.6
3873 4295 14.0
3874 2247 12.2
3874 2756 6.0
3876 266 5.4
3876 4737 24.2
3879 412 5.8
3879 4591 25.4
3880 1259 7.0
3880 3744 21.0
3881 83 2.0
3881 4920 26.0
3888 404 4.4
3888 4599 24.2
3889 1354 9.2
3889 3649 11.6
3891 1959 22.0
3891 3044 11.6
3894 2153 22.0
3894 2850 17.4
3895 1264 15.8
3895 3739 20.0
3898 171 9.4
3898 4832 34.8
3899 531 12.0
3899 4472 15.8
3901 1385 17.6
3901 3618 18.8
3902 2409 22.0
3902 2594 27.8
3903 77 3.2
3903 4926 33.8
3904 388 13.2
3904 4615 42.8
3907 360 3.2
3907 4643 15.8
3908 2421 12.4
3908 2582 19.4
3909 441 206.2
3909 4562 19.2
3910 608 22.0
3910 4395 30.0
3911 2338 24.8
3911 2665 9.6
3913 1287 18.0
3913 3716 22.0
3915 626 9.2
3915 4377 21.4
3916 1769 15.8
3916 3234 19.2
3923 1838 15.2
3923 3165 33.6
3924 1894 23.0
3924 3109 37.0
3927 2420 13.0
3927 2583 16.6
3928 978 13.2
3928 4025 21.8
3929 150 10.2
3929 4853 33.2
3930 2264 13.6
3930 2739 15.8
3932 60 9.0
3932 4943 24.4
3941 28 5.4
3941 4975 38.0
3942 399 6.2
3942 4604 22.6
3943 1621 210.0
3943 3382 9.6
3944 753 11.2
3944 4250 25.0
3948 1211 13.2
3948 3792 15.4
3949 2444 9.6
3949 2559 13.2
3950 1176 8.0
3950 3827 29.2
3952 153 3.4
3952 4850 15.6
3954 1162 16.8
3954 3841 12.8
3958 190 5.2
3958 4813 33.2
3959 1587 27.6
3959 3416 33.4
3960 563 6.6
3960 4440 15.2
3962 250 3.4
3962 4753 15.6
3963 2131 17.8
3963 2872 29.2
3965 687 6.2
3965 4316 37.2
3966 253 6.6
3966 4750 17.6
3968 1636 8.2
3968 3367 17.6
3969 842 12.8
3969 4161 33.2
3972 1278 4.2
3972 3725 15.8
3976 1987 10.0
3976 3016 16.8
3978 639 23.0
3978 4364 37.2
3980 1711 8.4
3980 3292 20.8
3981 1003 12.8
3981 4000 18.0
3984 730 3.8
3984 4273 17.4
3986 2478 15.8
3986 2525 25.6
3988 2482 12.2
3988 2521 5.8
3989 1004 7.0
3989 3999 21.4
3990 1161 12.8
3990 3842 17.8
3991 2268 25.8
3991 2735 17.4
3994 742 11.4
3994 4261 20.8
3999 2427 15.8
3999 2576 16.0
4000 1415 10.4
4000 3588 25.4
4001 1903 15.8
4001 3100 26.0
4002 107 3.8
4002 4896 26.2
4005 646 3.8
4005 4357 16.0
4007 1623 14.4
4007 3380 27.6
4008 352 7.0
4008 4651 24.8
4009 1109 23.6
4009 3894 22.6
4013 437 11.4
4013 4566 21.4
4014 2301 9.8
4014 2702 24.8
4016 600 13.2
4016 4403 21.6
4018 1907 16.6
4018 3096 5.8
4019 1850 12.8
4019 3153 32.4
4023 2363 13.8
4023 2640 33.8
4025 594 5.4
4025 4409 17.6
4026 350 12.0
4026 4653 26.0
4027 1045 4.4
4027 3958 15.6
4028 1715 12.8
4028 3288 36.0
4031 1533 206.8
4031 3470 18.6
4037 1517 14.2
4037 3486 25.0
4039 2197 27.0
4039 2806 22.8
4041 2348 4.0
4041 2655 11.0
4042 1590 9.8
4042 3413 32.0
4044 1833 17.0
4044 3170 15.2
4046 1462 17.0
4046 3541 19.2
4048 2201 11.8
4048 2802 22.0
4049 940 8.8
4049 4063 29.0
4051 1251 12.2
4051 3752 23.6
4053 85 4.0
4053 4918 17.2
4054 1114 17.8
4054 3889 29.0
4056 1933 23.6
4056 3070 15.4
4058 340 3.4
4058 4663 25.4
4059 13 7.0
4059 4990 33.4
4060 1851 17.4
4060 3152 9.2
4061 2254 6.8
4061 2749 12.0
4062 12 2.0
4062 4991 17.2
4068 564 11.8
4068 4439 29.6
4069 2267 12.8
4069 2736 13.4
4070 2181 15.6
4070 2822 12.6
4071 1184 12.4
4071 3819 29.2
4073 183 3.6
4073 4820 42.0
4076 1330 17.6
4076 3673 27.2
4077 1563 13.4
4077 3440 29.2
4078 800 7.0
4078 4203 24.2
4086 347 10.0
4086 4656 29.4
4088 356 3.8
4088 4647 29.2
4089 809 2.0
4089 4194 20.2
4091 2466 11.8
4091 2537 20.6
4092 1371 6.4
4092 3632 28.6
4093 2261 9.6
4093 2742 22.0
4096 2081 23.0
4096 2922 9.4
4097 634 4.0
4097 4369 24.6
4100 1973 12.2
4100 3030 17.8
4102 2173 21.8
4102 2830 12.8
4103 213 8.2
4103 4790 17.2
4105 795 2.0
4105 4208 12.8
4106 743 15.0
4106 4260 21.2
4107 1165 9.6
4107 3838 25.0
4108 530 7.0
4108 4473 19.0
4109 583 8.4
4109 4420 17.0
4113 2475 17.6
4113 2528 14.0
4114 2104 12.6
4114 2899 19.8
4115 1052 9.2
4115 3951 21.2
4117 352 6.6
4117 4651 37.2
4118 2073 17.0
4118 2930 25.2
4121 1018 7.6
4121 3985 13.8
4123 2018 9.6
4123 2985 10.0
4126 1256 17.8
4126 3747 23.6
4127 933 15.0
4127 4070 28.4
4129 1982 9.4
4129 3021 8.6
4130 1999 13.2
4130 3004 9.6
4131 769 15.0
4131 4234 21.4
4132 2052 13.2
4132 2951 14.0
4135 1528 13.6
4135 3475 32.0
4138 1534 13.0
4138 3469 20.4
4143 1086 21.2
4143 3917 16.0
4147 2325 15.2
4147 2678 16.0
4152 1067 13.8
4152 3936 21.2
4154 292 6.4
4154 4711 33.0
4157 1132 17.0
4157 3871 24.4
4159 2375 18.2
4159 2628 16.6
4161 599 6.0
4161 4404 13.8
4163 1955 16.6
4163 3048 25.0
4169 1115 13.6
4169 3888 19.0
4173 96 7.0
4173 4907 29.2
4174 1083 9.2
4174 3920 21.8
4176 2457 14.8
4176 2546 11.6
4178 689 12.8
4178 4314 21.8
4180 785 24.6
4180 4218 21.4
4182 989 9.2
4182 4014 29.4
4184 552 5.6
4184 4451 14.6
4185 365 10.0
4185 4638 20.6
4188 1998 18.2
4188 3005 13.4
4189 1183 13.6
4189 3820 33.8
4191 2113 15.0
4191 2890 21.0
4192 1794 12.2
4192 3209 24.0
4195 225 2.0
4195 4778 24.0
4198 2432 21.0
4198 2571 15.4
4199 1457 13.2
4199 3546 32.8
4200 760 6.2
4200 4243 21.2
4201 902 11.4
4201 4101 16.2
4202 620 11.2
4202 4383 18.4
4207 2466 17.8
4207 2537 7.8
4209 86 9.0
4209 4917 34.0
4211 2457 11.8
4211 2546 8.6
4213 1219 14.8
4213 3784 21.2
4215 1549 7.6
4215 3454 17.4
4216 269 2.0
4216 4734 25.8
4218 610 12.0
4218 4393 21.2
4219 110 3.4
4219 4893 37.6
4222 1273 4.2
4222 3730 11.6
4225 1327 8.4
4225 3676 29.0
4227 9 4.8
4227 4994 24.2
4229 1506 17.0
4229 3497 26.6
4231 700 3.2
4231 4303 34.0
4232 1100 17.0
4232 3903 29.2
4233 758 13.4
4233 4245 19.6
4234 1642 17.6
4234 3361 24.4
4235 1030 9.2
4235 3973 9.6
4236 1812 10.6
4236 3191 7.6
4241 1212 8.2
4241 3791 13.0
4242 753 11.6
4242 4250 26.2
4243 1923 18.4
4243 3080 18.4
4248 1917 9.0
4248 3086 33.6
4251 211 11.8
4251 4792 21.6
4252 2324 15.6
4252 2679 9.4
4253 779 7.4
4253 4224 15.0
4260 850 10.2
4260 4153 21.6
4265 1526 9.4
4265 3477 33.2
4266 2093 12.2
4266 2910 14.4
4268 1372 8.4
4268 3631 31.2
4269 137 3.2
4269 4866 15.6
4272 1098 10.2
4272 3905 20.0
4273 2385 25.2
4273 2618 21.0
4275 2101 12.0
4275 2902 18.8
4278 1051 11.8
4278 3952 16.2
4280 46 5.4
4280 4957 33.2
4281 1043 9.8
4281 3960 21.2
4282 1288 9.8
4282 3715 28.6
4284 2486 7.0
4284 2517 12.0
4290 94 3.6
4290 4909 34.8
4294 2071 9.2
4294 2932 17.8
4297 2086 13.4
4297 2917 17.8
4301 805 9.4
4301 4198 31.0
4302 688 17.4
4302 4315 20.6
4303 2294 20.4
4303 2709 17.4
4304 146 4.6
4304 4857 42.0
4307 650 3.6
4307 4353 27.0
4308 166 3.0
4308 4837 21.2
4309 1456 6.4
4309 3547 32.0
4310 2303 12.2
4310 2700 19.8
4312 1909 12.0
4312 3094 29.2
4315 1829 17.4
4315 3174 13.8
4317 1765 8.2
4317 3238 20.4
4322 1236 21.4
4322 3767 25.2
4324 360 7.0
4324 4643 25.0
4326 2361 29.8
4326 2642 13.4
4331 1889 10.0
4331 3114 29.4
4336 2330 22.8
4336 2673 22.0
4337 397 3.4
4337 4606 14.0
4338 625 10.6
4338 4378 33.4
4339 1323 14.2
4339 3680 25.0
4340 1712 20.6
4340 3291 9.8
4342 1228 11.6
4342 3775 24.0
4343 656 6.6
4343 4347 26.8
4344 1951 14.8
4344 3052 9.6
4345 1179 14.8
4345 3824 42.0
4347 2146 9.6
4347 2857 13.0
4349 464 3.8
4349 4539 17.8
4350 1662 15.4
4350 3341 28.2
4351 110 10.8
4351 4893 26.2
4354 1478 8.6
4354 3525 21.0
4355 1247 8.4
4355 3756 18.0
4357 1525 4.2
4357 3478 24.4
4359 494 6.0
4359 4509 11.4
4360 309 9.2
4360 4694 31.8
4361 1290 12.0
4361 3713 32.2
4363 876 9.0
4363 4127 18.2
4364 1212 9.2
4364 3791 11.2
4367 842 18.6
4367 4161 19.0
4368 1269 15.8
4368 3734 18.4
4370 1696 11.8
4370 3307 13.0
4371 624 17.0
4371 4379 32.8
4373 2327 13.4
4373 2676 21.4
4375 2448 12.8
4375 2555 6.2
4376 529 13.0
4376 4474 27.0
4378 886 6.2
4378 4117 21.2
4379 815 2.8
4379 4188 24.2
4380 1583 16.4
4380 3420 25.6
4381 1361 3.4
4381 3642 18.0
4383 2390 21.0
4383 2613 24.8
4387 1899 13.4
4387 3104 20.8
4391 1368 20.8
4391 3635 37.0
4393 1669 15.2
4393 3334 14.0
4395 1454 20.6
4395 3549 27.2
4397 1667 21.0
4397 3336 27.0
4399 2473 9.0
4399 2530 21.6
4400 373 16.8
4400 4630 15.8
4401 132 11.6
4401 4871 42.0
4404 506 12.0
4404 4497 42.0
4405 889 7.0
4405 4114 33.2
4408 1054 1.6
4408 3949 16.8
4411 1871 12.0
4411 3132 12.6
4413 422 9.0
4413 4581 28.8
4418 1433 22.0
4418 3570 17.0
4420 357 10.8
4420 4646 29.8
4421 755 9.4
4421 4248 26.4
4423 1725 3.8
4423 3278 14.8
4424 189 7.0
4424 4814 33.2
4425 1480 12.0
4425 3523 27.6
4427 852 12.6
4427 4151 29.6
4429 780 3.2
4429 4223 19.4
4430 119 1.8
4430 4884 25.6
4434 863 10.0
4434 4140 17.0
4438 735 12.4
4438 4268 37.0
4440 320 12.0
4440 4683 42.0
4441 1574 17.0
4441 3429 18.6
4443 586 11.4
4443 4417 24.8
4444 2399 29.4
4444 2604 22.0
4446 411 7.0
4446 4592 29.6
4451 483 11.2
4451 4520 35.4
4452 949 3.2
4452 4054 21.6
4453 1017 9.6
4453 3986 29.6
4456 2150 3.6
4456 2853 9.8
4458 1055 9.2
4458 3948 20.8
4461 1622 16.8
4461 3381 18.4
4462 116 3.6
4462 4887 34.8
4464 976 15.0
4464 4027 21.4
4465 2488 16.2
4465 2515 12.6
4466 1356 11.6
4466 3647 12.4
4469 1117 8.0
4469 3886 18.4
4473 801 13.0
4473 4202 21.0
4475 1761 16.0
4475 3242 12.2
4476 2370 21.2
4476 2633 20.6
4477 412 5.4
4477 4591 37.0
4478 862 7.0
4478 4141 24.4
4479 1888 20.4
4479 3115 20.8
4481 2191 21.6
4481 2812 32.4
4482 195 7.0
4482 4808 42.0
4484 2411 12.8
4484 2592 13.2
4485 2090 19.0
4485 2913 5.8
4486 1735 14.4
4486 3268 36.8
4488 2 4.0
4488 5001 34.8
4489 2009 8.4
4489 2994 9.8
4492 1462 11.6
4492 3541 21.0
4493 1328 17.0
4493 3675 37.0
4496 2337 14.4
4496 2666 19.6
4498 473 4.0
4498 4530 42.0
4499 319 5.0
4499 4684 24.6
4502 445 15.6
4502 4558 37.0
4505 1385 3.0
4505 3618 23.4
4508 1127 11.4
4508 3876 31.4
4510 2216 22.0
4510 2787 23.0
4511 300 6.6
4511 4703 24.8
4512 1525 18.2
4512 3478 29.6
4513 936 12.0
4513 4067 32.8
4515 608 9.0
4515 4395 29.2
4516 1612 9.0
4516 3391 22.0
4521 1295 17.0
4521 3708 21.2
4522 443 5.4
4522 4560 21.0
4526 1513 13.0
4526 3490 39.0
4527 651 5.8
4527 4352 21.2
4528 38 13.2
4528 4965 42.0
4529 2246 22.0
4529 2757 17.4
4536 343 7.0
4536 4660 42.0
4538 2013 22.0
4538 2990 15.4
4539 1901 212.8
4539 3102 25.0
4545 600 3.4
4545 4403 13.6
4546 1609 13.0
4546 3394 27.0
4549 169 3.6
4549 4834 17.0
4551 1249 5.0
4551 3754 32.6
4552 174 5.4
4552 4829 29.8
4553 982 17.0
4553 4021 18.6
4554 1229 13.8
4554 3774 32.0
4556 2075 11.6
4556 2928 9.4
4557 1359 13.6
4557 3644 17.8
4559 115 2.0
4559 4888 17.2
4560 1518 15.2
4560 3485 26.0
4564 660 4.6
4564 4343 17.4
4565 192 9.8
4565 4811 24.2
4566 1585 19.0
4566 3418 15.2
4568 1532 7.8
4568 3471 15.2
4569 1501 6.0
4569 3502 20.8
4570 9 3.6
4570 4994 16.6
4574 2310 21.4
4574 2693 17.6
4578 1771 5.8
4578 3232 28.2
4579 2305 14.6
4579 2698 15.0
4580 684 13.4
4580 4319 37.0
4582 2220 12.4
4582 2783 16.4
4583 2211 17.0
4583 2792 20.8
4589 717 6.4
4589 4286 25.2
4590 798 17.0
4590 4205 33.6
4593 1353 17.6
4593 3650 37.0
4594 1872 6.2
4594 3131 25.2
4595 2000 18.0
4595 3003 21.2
4596 2248 18.4
4596 2755 25.2
4597 161 6.6
4597 4842 15.4
4598 1485 17.6
4598 3518 27.0
4601 478 3.2
4601 4525 24.2
4602 1701 25.2
4602 3302 32.0
4603 730 17.0
4603 4273 32.0
4604 516 6.0
4604 4487 37.0
4605 427 8.8
4605 4576 24.4
4606 668 9.2
4606 4335 29.2
4608 420 7.0
4608 4583 24.0
4610 335 4.4
4610 4668 31.8
4612 473 6.8
4612 4530 24.0
4613 739 3.2
4613 4264 29.0
4614 1499 3.2
4614 3504 29.0
4616 1142 15.6
4616 3861 28.6
4617 2498 9.4
4617 2505 23.6
4618 2300 21.2
4618 2703 13.4
4619 1894 9.2
4619 3109 14.4
4620 1881 217.8
4620 3122 21.0
4623 831 7.0
4623 4172 11.4
4626 1204 12.6
4626 3799 21.8
4627 298 6.4
4627 4705 24.4
4628 1780 3.6
4628 3223 23.0
4631 2496 22.0
4631 2507 25.0
4632 1310 6.0
4632 3693 22.0
4633 1016 6.0
4633 3987 19.2
4634 601 17.0
4634 4402 21.4
4637 1370 3.0
4637 3633 18.4
4639 1502 9.4
4639 3501 14.2
4641 1175 9.6
4641 3828 23.4
4643 2360 9.2
4643 2643 17.6
4644 298 5.2
4644 4705 42.0
4645 809 11.6
4645 4194 32.8
4646 1526 12.8
4646 3477 17.8
4649 138 6.4
4649 4865 29.0
4651 1861 13.2
4651 3142 11.4
4654 267 3.4
4654 4736 33.2
4657 132 6.2
4657 4871 23.6
4658 1312 12.8
4658 3691 28.0
4660 2441 27.8
4660 2562 9.4
4663 1666 13.0
4663 3337 21.4
4664 1056 16.8
4664 3947 42.0
4665 2372 21.6
4665 2631 22.6
4668 1392 8.8
4668 3611 16.8
4672 80 3.8
4672 4923 25.6
4673 468 6.4
4673 4535 42.0
4678 963 11.8
4678 4040 18.2
4679 1328 8.8
4679 3675 12.0
4680 887 9.8
4680 4116 37.0
4682 1088 5.8
4682 3915 25.4
4683 145 3.6
4683 4858 25.6
4685 1838 17.0
4685 3165 42.0
4687 446 9.0
4687 4557 21.0
4688 1376 3.6
4688 3627 19.8
4689 2369 22.0
4689 2634 20.0
4690 1554 17.0
4690 3449 15.2
4692 149 7.0
4692 4854 23.6
4693 2379 17.0
4693 2624 18.0
4694 116 5.4
4694 4887 17.2
4695 2369 19.8
4695 2634 18.6
4696 856 4.0
4696 4147 15.8
4697 977 3.2
4697 4026 20.8
4700 1144 3.2
4700 3859 14.2
4701 1739 12.4
4701 3264 14.8
4703 1545 8.6
4703 3458 12.0
4704 1229 12.4
4704 3774 24.2
4706 1481 9.0
4706 3522 14.8
4707 772 4.0
4707 4231 34.8
4709 2254 5.6
4709 2749 20.8
4712 487 7.2
4712 4516 33.0
4713 2384 11.4
4713 2619 10.4
4715 1103 4.0
4715 3900 20.8
4716 154 3.4
4716 4849 25.2
4717 1870 6.2
4717 3133 11.0
4718 1920 20.0
4718 3083 42.0
4719 826 9.2
4719 4177 20.4
4720 1405 9.2
4720 3598 19.6
4722 570 4.0
4722 4433 14.2
4723 175 9.2
4723 4828 29.2
4724 469 7.4
4724 4534 38.0
4725 450 8.8
4725 4553 11.4
4728 7 12.2
4728 4996 33.0
4730 354 4.6
4730 4649 41.8
4733 2145 11.2
4733 2858 32.2
4734 804 11.8
4734 4199 24.0
4735 879 3.2
4735 4124 21.0
4736 82 5.8
4736 4921 34.6
4738 2228 6.0
4738 2775 19.0
4739 679 7.0
4739 4324 24.4
4740 1051 6.6
4740 3952 32.0
4742 325 6.6
4742 4678 23.6
4745 1604 9.0
4745 3399 27.0
4746 2023 32.0
4746 2980 17.2
4749 1433 12.6
4749 3570 20.4
4750 1983 15.6
4750 3020 18.2
4756 863 9.6
4756 4140 36.8
4757 1392 16.0
4757 3611 30.8
4758 2094 21.8
4758 2909 18.2
4759 107 10.0
4759 4896 33.0
4762 1724 22.0
4762 3279 17.4
4763 595 3.6
4763 4408 13.4
4768 2445 14.6
4768 2558 19.6
4769 1785 213.4
4769 3218 20.8
4771 2157 17.0
4771 2846 24.6
4772 1627 6.2
4772 3376 24.8
4773 2305 12.2
4773 2698 22.6
4776 1605 21.4
4776 3398 21.2
4777 1844 17.8
4777 3159 11.6
4778 544 17.0
4778 4459 29.2
4780 712 3.6
4780 4291 7.8
4782 853 8.2
4782 4150 23.6
4784 1459 17.0
4784 3544 20.4
4786 2325 13.2
4786 2678 19.6
4788 335 3.2
4788 4668 33.0
4789 1427 17.0
4789 3576 13.0
4793 1200 8.0
4793 3803 14.0
4794 2186 17.2
4794 2817 17.4
4795 1805 12.0
4795 3198 11.6
4796 752 15.6
4796 4251 22.2
4798 157 10.2
4798 4846 15.2
4799 1082 14.2
4799 3921 32.0
4800 1712 16.8
4800 3291 21.0
4803 1000 5.2
4803 4003 18.2
4804 1468 18.0
4804 3535 18.0
4805 1944 12.0
4805 3059 14.8
4806 1140 14.0
4806 3863 15.6
4808 632 5.4
4808 4371 28.8
4809 1713 8.6
4809 3290 13.4
4810 2365 15.4
4810 2638 12.4
4811 1207 7.6
4811 3796 15.6
4814 1459 10.0
4814 3544 29.0
4815 272 3.6
4815 4731 30.6
4816 299 12.8
4816 4704 32.8
4817 1887 9.2
4817 3116 15.0
4818 2288 21.6
4818 2715 14.6
4819 2295 22.2
4819 2708 15.6
4824 1378 18.4
4824 3625 30.4
4826 181 12.2
4826 4822 37.0
4827 2402 14.0
4827 2601 12.4
4831 1687 15.2
4831 3316 11.2
4834 2404 11.4
4834 2599 29.0
4835 1816 14.4
4835 3187 21.2
4837 404 3.6
4837 4599 24.0
4841 1080 3.2
4841 3923 17.0
4842 1485 11.0
4842 3518 40.8
4843 1865 24.8
4843 3138 18.2
4844 364 6.8
4844 4639 23.6
4847 1047 12.0
4847 3956 20.6
4849 68 5.2
4849 4935 23.6
4850 1599 10.8
4850 3404 17.8
4853 705 7.4
4853 4298 38.0
4855 2157 23.0
4855 2846 17.4
4858 89 2.0
4858 4914 16.6
4859 2382 15.6
4859 2621 14.6
4860 2042 12.8
4860 2961 32.0
4864 2012 12.2
4864 2991 13.2
4866 2230 13.2
4866 2773 22.2
4867 28 3.8
4867 4975 34.6
4869 381 8.0
4869 4622 28.8
4871 1028 6.2
4871 3975 31.8
4872 615 2.2
4872 4388 23.0
4874 1198 3.6
4874 3805 19.6
4878 2394 15.2
4878 2609 20.0
4879 1100 9.0
4879 3903 30.0
4881 0 2.0
4882 1687 22.0
4882 3316 37.2
4883 2394 32.2
4883 2609 14.6
4884 1532 4.0
4884 3471 11.6
4888 2270 11.4
4888 2733 13.0
4889 2024 7.0
4889 2979 32.0
4890 1378 9.8
4890 3625 17.0
4892 1483 12.2
4892 3520 17.0
4896 2090 22.4
4896 2913 17.0
4897 1458 27.0
4897 3545 21.2
4898 1985 12.0
4898 3018 29.0
4900 1990 7.4
4900 3013 5.2
4904 2164 21.6
4904 2839 9.6
4905 2130 15.4
4905 2873 21.6
4908 416 6.2
4908 4587 23.8
4909 1492 20.8
4909 3511 12.8
4912 676 15.8
4912 4327 23.8
4913 2360 18.0
4913 2643 25.2
4914 822 6.8
4914 4181 15.8
4915 2014 17.6
4915 2989 8.2
4917 860 10.2
4917 4143 14.6
4918 2170 15.6
4918 2833 13.8
4919 150 10.8
4919 4853 21.2
4920 196 13.6
4920 4807 23.8
4922 61 2.2
4922 4942 25.6
4924 1707 6.0
4924 3296 18.8
4925 275 6.2
4925 4728 16.4
4929 765 12.2
4929 4238 32.8
4934 163 7.0
4934 4840 16.2
4938 2142 19.4
4938 2861 12.8
4939 2420 13.2
4939 2583 15.2
4940 2050 14.8
4940 2953 8.8
4944 1564 9.4
4944 3439 21.4
4946 308 11.4
4946 4695 24.0
4947 1364 12.8
4947 3639 37.0
4949 1860 5.4
4949 3143 15.4
4954 811 12.8
4954 4192 30.4
4955 930 3.6
4955 4073 24.8
4957 1356 7.4
4957 3647 21.2
4960 993 12.4
4960 4010 29.0
4962 2344 5.6
4962 2659 21.4
4964 1211 16.8
4964 3792 23.8
4965 2164 20.8
4965 2839 16.2
4966 1622 9.4
4966 3381 16.6
4967 2138 11.4
4967 2865 21.4
4969 562 11.8
4969 4441 42.6
4974 936 13.4
4974 4067 25.6
4979 1865 21.0
4979 3138 18.4
4981 738 5.8
4981 4265 24.0
4985 1451 8.2
4985 3552 19.8
4986 1781 22.6
4986 3222 34.8
4988 2001 8.8
4988 3002 27.6
4989 2287 17.0
4989 2716 6.8
4992 1500 8.6
4992 3503 13.6
4994 233 10.8
4994 4770 27.2
4996 2008 12.6
4996 2995 13.6
4998 1866 12.0
4998 3137 8.0
4999 1983 20.0
4999 3020 8.6
5002 0 4.0
