X cord  |  Y cord  |  time[ms]
0 596 1.8
0 4407 7.0
3 6 3.0
3 4997 9.0
4 2023 3.6
4 2980 5.0
5 1978 1.6
5 3025 0.8
7 1737 3.4
7 3266 4.0
8 340 2.8
8 4663 6.8
9 2194 4.8
9 2809 8.6
11 1320 6.2
11 3683 4.4
12 303 2.8
12 4700 4.2
13 1307 1.8
13 3696 8.0
15 1168 3.0
15 3835 4.6
17 1221 4.2
17 3782 6.4
18 1650 6.8
18 3353 6.8
22 1596 1.0
22 3407 3.0
23 165 3.8
23 4838 8.8
24 2295 9.2
24 2708 6.6
25 2128 2.8
25 2875 3.2
27 2150 3.2
27 2853 3.0
29 2411 4.0
29 2592 2.0
31 1308 3.0
31 3695 9.0
33 601 4.0
33 4402 9.0
34 1084 1.6
34 3919 6.8
35 631 4.0
35 4372 4.8
37 189 2.0
37 4814 9.0
38 2230 7.0
38 2773 9.0
39 441 4.0
39 4562 4.2
41 2098 2.6
41 2905 6.2
42 1259 1.6
42 3744 4.4
46 357 0.8
46 4646 5.6
47 1022 3.8
47 3981 7.4
48 25 1.8
48 4978 7.0
50 2039 3.8
50 2964 4.6
52 1659 0.8
52 3344 2.8
53 2074 4.2
53 2929 3.2
56 553 3.0
56 4450 2.6
58 2292 9.0
58 2711 4.0
59 201 9.0
59 4802 8.8
63 1915 9.2
63 3088 2.2
64 2357 5.6
64 2646 7.6
69 2391 1.4
69 2612 7.0
70 546 3.0
70 4457 9.6
71 1405 4.8
71 3598 7.4
73 1093 2.2
73 3910 8.4
77 2127 9.8
77 2876 5.2
78 2123 4.4
78 2880 4.0
81 2083 202.6
81 2920 3.8
83 986 3.0
83 4017 4.2
84 328 2.0
84 4675 5.0
85 1709 1.0
85 3294 6.0
86 2017 2.0
86 2986 7.0
89 1411 7.0
89 3592 3.2
90 982 4.6
90 4021 7.0
95 1521 5.2
95 3482 8.6
96 1000 6.8
96 4003 4.6
98 1954 3.0
98 3049 6.6
99 2230 6.8
99 2773 4.0
100 2003 4.2
100 3000 6.8
103 1880 1.6
103 3123 3.0
104 1000 4.0
104 4003 9.2
106 425 4.0
106 4578 9.0
107 886 4.4
107 4117 8.8
108 338 2.0
108 4665 3.6
109 2188 7.0
109 2815 4.6
112 1594 4.6
112 3409 3.2
115 14 1.8
115 4989 9.0
116 101 2.6
116 4902 4.2
118 312 4.0
118 4691 4.4
120 2094 1.8
120 2909 4.8
123 0 0.0
124 530 1.0
124 4473 3.4
125 2094 2.4
125 2909 0.8
126 995 6.6
126 4008 4.8
127 1004 1.6
127 3999 7.2
128 653 1.6
128 4350 7.4
129 236 4.0
129 4767 8.6
131 1981 4.4
131 3022 6.8
134 1075 1.0
134 3928 1.4
135 2320 2.0
135 2683 1.6
136 65 3.0
136 4938 5.0
137 2164 4.6
137 2839 6.4
139 2334 4.0
139 2669 2.8
140 2298 9.4
140 2705 9.0
144 273 1.8
144 4730 2.4
148 831 3.8
148 4172 7.2
149 1641 5.0
149 3362 6.2
150 451 1.8
150 4552 4.8
152 3 3.6
152 5000 6.4
154 917 4.8
154 4086 3.0
157 2461 4.8
157 2542 2.6
158 1876 2.6
158 3127 8.0
160 2295 4.2
160 2708 1.6
162 663 3.8
162 4340 5.2
163 59 2.2
163 4944 2.4
166 792 3.8
166 4211 4.8
167 1482 6.2
167 3521 5.0
168 263 3.6
168 4740 1.8
169 2412 4.2
169 2591 8.0
173 693 4.6
173 4310 7.2
176 724 4.0
176 4279 9.2
178 438 4.6
178 4565 2.8
181 1853 2.4
181 3150 4.4
183 72 3.0
183 4931 4.2
184 1865 3.0
184 3138 9.0
185 643 3.2
185 4360 3.4
187 609 3.0
187 4394 3.8
188 1869 4.4
188 3134 1.6
189 2000 3.0
189 3003 4.4
190 2317 3.0
190 2686 1.0
191 2413 4.6
191 2590 4.6
192 2137 3.6
192 2866 6.8
195 1514 2.2
195 3489 3.8
196 2346 3.2
196 2657 2.8
197 1977 4.6
197 3026 0.8
198 385 2.6
198 4618 4.2
202 167 3.0
202 4836 1.8
205 1413 1.8
205 3590 7.2
207 2281 6.6
207 2722 9.2
209 1648 2.4
209 3355 6.8
211 818 5.0
211 4185 4.4
212 1405 2.8
212 3598 5.4
215 1454 1.8
215 3549 3.0
217 2264 2.0
217 2739 3.0
219 2000 4.6
219 3003 4.6
227 637 2.0
227 4366 6.0
229 1841 203.0
229 3162 3.4
230 464 3.8
230 4539 6.4
231 2250 4.2
231 2753 9.6
232 831 4.4
232 4172 2.4
233 85 2.8
233 4918 3.2
234 1656 7.2
234 3347 4.2
236 1905 6.0
236 3098 4.0
237 1642 2.6
237 3361 3.4
238 1505 1.8
238 3498 2.0
239 1070 3.0
239 3933 3.2
240 756 2.2
240 4247 7.2
241 1843 9.2
241 3160 7.2
242 282 2.2
242 4721 6.2
243 1489 4.2
243 3514 6.8
244 1206 7.0
244 3797 5.0
245 2394 6.8
245 2609 2.0
249 2349 3.0
249 2654 3.2
252 533 2.8
252 4470 7.4
253 2023 1.4
253 2980 3.2
256 1856 3.0
256 3147 7.8
257 1983 4.0
257 3020 7.0
258 1510 1.4
258 3493 2.6
262 768 4.6
262 4235 4.8
265 1373 3.2
265 3630 1.6
266 1357 9.4
266 3646 3.0
267 1975 3.0
267 3028 5.4
268 336 4.8
268 4667 7.4
269 489 2.8
269 4514 4.8
270 2169 7.4
270 2834 4.0
275 2103 2.6
275 2900 3.6
276 929 2.2
276 4074 3.6
277 1534 5.0
277 3469 1.6
279 840 1.0
279 4163 4.8
285 1429 3.6
285 3574 6.6
287 2089 2.2
287 2914 4.8
288 897 3.6
288 4106 4.8
289 1102 2.8
289 3901 7.2
290 1890 8.4
290 3113 4.6
291 321 4.2
291 4682 3.2
292 1378 4.0
292 3625 6.8
293 1687 1.8
293 3316 7.4
294 112 4.0
294 4891 7.0
296 946 3.0
296 4057 7.2
302 2132 4.4
302 2871 5.0
304 607 3.0
304 4396 4.8
305 35 1.8
305 4968 5.2
308 1361 1.8
308 3642 4.8
311 802 3.2
311 4201 9.2
312 2166 3.4
312 2837 1.4
314 1361 2.6
314 3642 3.2
316 683 2.6
316 4320 4.2
317 2032 2.8
317 2971 9.6
322 1704 9.0
322 3299 7.0
324 1115 4.0
324 3888 5.0
326 785 2.6
326 4218 1.6
327 74 0.8
327 4929 3.4
329 1674 7.0
329 3329 5.0
334 2243 4.2
334 2760 2.8
336 601 2.8
336 4402 4.2
337 246 3.6
337 4757 3.6
338 2184 4.8
338 2819 3.2
342 956 3.2
342 4047 9.4
347 240 3.8
347 4763 4.8
348 418 0.8
348 4585 3.8
355 1172 2.8
355 3831 5.2
356 1506 3.0
356 3497 4.4
357 2421 0.6
357 2582 2.6
358 1154 1.6
358 3849 4.4
359 1372 4.4
359 3631 4.4
360 982 1.6
360 4021 5.0
361 153 3.0
361 4850 4.6
362 1613 4.8
362 3390 2.0
363 1728 2.8
363 3275 4.4
365 2452 3.2
365 2551 8.0
367 950 0.8
367 4053 8.0
372 790 1.4
372 4213 4.6
375 1722 4.0
375 3281 6.8
376 1372 3.4
376 3631 5.6
378 1879 1.6
378 3124 4.8
379 2459 2.0
379 2544 1.6
380 2157 3.6
380 2846 7.6
383 63 1.8
383 4940 5.2
384 778 4.6
384 4225 4.2
385 1755 4.0
385 3248 2.2
387 1401 2.2
387 3602 1.6
389 2387 4.6
389 2616 2.6
390 1263 1.2
390 3740 1.8
391 1165 4.4
391 3838 4.8
393 1454 2.0
393 3549 5.8
394 2425 7.0
394 2578 2.4
395 2057 4.6
395 2946 7.4
396 1822 3.8
396 3181 3.6
397 290 4.0
397 4713 5.4
399 1965 9.4
399 3038 2.4
400 786 4.0
400 4217 5.0
402 661 3.0
402 4342 4.4
403 1222 1.8
403 3781 7.0
404 1156 1.4
404 3847 5.0
407 561 3.8
407 4442 4.6
408 1459 1.0
408 3544 3.8
410 2078 5.0
410 2925 4.2
412 551 9.4
412 4452 9.4
414 2134 3.4
414 2869 2.8
416 1855 7.4
416 3148 5.0
418 1506 2.8
418 3497 7.4
423 568 3.0
423 4435 9.4
424 464 2.2
424 4539 2.4
427 209 1.8
427 4794 5.0
430 892 3.0
430 4111 5.2
431 1293 4.0
431 3710 6.2
432 1409 2.0
432 3594 3.0
436 1041 2.6
436 3962 7.0
437 784 4.0
437 4219 9.4
438 1389 3.0
438 3614 4.4
439 1993 2.2
439 3010 4.2
442 1025 4.8
442 3978 4.4
444 2048 0.4
444 2955 5.2
448 2396 1.8
448 2607 5.0
450 2360 6.6
450 2643 7.2
453 1487 5.0
453 3516 1.8
454 968 2.0
454 4035 6.0
455 2434 4.6
455 2569 2.0
456 1189 1.8
456 3814 5.2
457 2010 1.2
457 2993 5.2
458 1941 4.6
458 3062 4.8
460 2416 2.0
460 2587 4.4
466 941 2.6
466 4062 2.4
467 1682 5.2
467 3321 5.0
468 757 4.0
468 4246 5.2
470 687 3.0
470 4316 5.6
474 1034 4.6
474 3969 5.0
475 1883 6.6
475 3120 3.2
476 191 3.8
476 4812 8.4
481 1836 2.0
481 3167 5.0
482 1300 6.4
482 3703 4.8
485 1746 2.8
485 3257 2.8
486 271 4.8
486 4732 7.4
490 2411 9.4
490 2592 4.8
491 645 3.6
491 4358 1.0
495 1073 3.4
495 3930 4.8
496 726 3.0
496 4277 5.0
497 785 9.0
497 4218 5.0
498 619 2.6
498 4384 7.2
499 2354 9.6
499 2649 7.0
500 960 3.4
500 4043 3.2
502 1335 4.0
502 3668 4.4
504 1095 5.2
504 3908 5.2
505 1165 2.0
505 3838 4.0
506 770 2.6
506 4233 3.2
507 2480 7.4
507 2523 9.0
510 1115 2.8
510 3888 2.8
513 1653 5.4
513 3350 3.4
516 286 1.2
516 4717 6.2
517 1301 4.6
517 3702 9.8
518 886 4.0
518 4117 5.2
519 936 2.4
519 4067 7.6
520 2150 4.8
520 2853 3.4
521 1305 4.0
521 3698 4.2
524 51 2.8
524 4952 8.8
525 2356 6.6
525 2647 1.0
527 1101 1.4
527 3902 3.4
531 2106 7.0
531 2897 6.8
532 1642 4.0
532 3361 5.0
533 869 2.2
533 4134 8.2
536 120 4.0
536 4883 6.8
537 357 4.6
537 4646 406.2
539 488 4.0
539 4515 9.8
542 189 2.0
542 4814 5.6
544 964 4.0
544 4039 2.2
545 1729 2.2
545 3274 2.0
549 1399 1.8
549 3604 5.0
552 841 2.4
552 4162 5.4
554 1532 202.0
554 3471 8.4
556 953 3.6
556 4050 9.4
560 1021 4.6
560 3982 6.8
563 1284 3.6
563 3719 6.8
564 2143 2.0
564 2860 4.6
566 1485 4.2
566 3518 2.0
567 1885 2.4
567 3118 9.0
568 687 1.8
568 4316 7.8
570 2323 9.2
570 2680 4.0
574 893 1.8
574 4110 7.0
576 2260 3.4
576 2743 3.6
579 1622 8.4
579 3381 7.4
581 1392 4.4
581 3611 1.8
582 188 1.0
582 4815 5.8
583 1356 3.0
583 3647 6.6
587 507 4.0
587 4496 5.2
588 1534 5.2
588 3469 4.8
589 11 1.6
589 4992 7.2
593 674 0.6
593 4329 6.0
596 662 1.8
596 4341 2.8
600 41 3.4
600 4962 2.6
603 31 2.6
603 4972 3.2
604 1592 6.0
604 3411 4.6
605 2242 3.0
605 2761 4.4
607 1406 1.8
607 3597 5.4
608 335 2.2
608 4668 2.6
610 1644 3.8
610 3359 3.0
613 244 2.2
613 4759 6.2
614 868 9.2
614 4135 9.0
617 732 4.2
617 4271 5.0
621 1968 7.0
621 3035 3.0
622 2369 3.4
622 2634 7.2
625 2090 4.4
625 2913 3.0
626 1012 1.2
626 3991 2.0
635 2033 3.8
635 2970 4.2
636 248 1.6
636 4755 4.8
637 2148 3.0
637 2855 6.4
640 152 0.8
640 4851 6.2
642 1808 2.0
642 3195 3.0
643 2386 2.0
643 2617 2.8
645 432 5.0
645 4571 4.8
646 645 2.4
646 4358 7.4
647 703 2.2
647 4300 4.0
648 1842 3.8
648 3161 2.8
649 942 1.8
649 4061 3.6
650 1720 3.8
650 3283 1.2
651 2028 6.8
651 2975 7.2
654 2305 2.8
654 2698 1.8
655 452 2.2
655 4551 8.4
658 1467 3.6
658 3536 2.0
659 1121 1.8
659 3882 2.8
660 872 4.0
660 4131 5.0
661 1060 3.0
661 3943 5.2
664 2279 3.6
664 2724 4.2
669 2347 6.6
669 2656 4.0
672 1400 2.0
672 3603 5.2
675 1929 7.4
675 3074 2.0
676 1830 10.0
676 3173 9.6
678 843 5.2
678 4160 6.4
679 22 1.8
679 4981 5.0
683 48 1.6
683 4955 4.8
684 662 1.4
684 4341 6.8
685 113 1.2
685 4890 4.4
686 2428 7.2
686 2575 4.0
687 1275 2.8
687 3728 3.4
690 153 4.4
690 4850 7.0
691 313 2.8
691 4690 5.2
693 1233 4.0
693 3770 5.0
694 1203 2.0
694 3800 9.8
695 1939 202.6
695 3064 6.6
697 1759 3.4
697 3244 4.6
698 1422 9.8
698 3581 7.6
703 2245 4.6
703 2758 9.8
704 584 4.0
704 4419 5.4
708 582 3.4
708 4421 5.0
709 314 4.0
709 4689 9.8
710 1286 1.8
710 3717 4.8
714 702 7.2
714 4301 4.2
716 1732 4.8
716 3271 4.6
717 85 0.8
717 4918 6.0
718 1509 9.2
718 3494 3.8
722 2462 6.6
722 2541 5.0
723 590 4.6
723 4413 9.0
729 1969 4.2
729 3034 401.8
730 235 3.8
730 4768 5.2
735 298 1.8
735 4705 5.6
737 1845 2.8
737 3158 3.8
738 2421 2.0
738 2582 3.8
739 288 2.8
739 4715 10.0
742 2212 5.4
742 2791 4.2
744 18 2.8
744 4985 8.6
746 681 2.8
746 4322 10.0
748 1229 4.0
748 3774 9.0
750 242 1.6
750 4761 2.6
753 924 2.8
753 4079 2.0
755 522 201.6
755 4481 8.6
756 821 2.6
756 4182 2.8
757 67 3.4
757 4936 5.2
758 122 2.0
758 4881 3.6
760 2062 1.6
760 2941 5.2
764 230 1.6
764 4773 3.0
767 670 3.6
767 4333 1.0
771 530 1.8
771 4473 2.8
772 957 4.8
772 4046 5.2
777 2355 6.6
777 2648 3.0
779 2299 7.0
779 2704 2.0
780 2117 2.8
780 2886 9.2
781 633 2.8
781 4370 7.8
782 1057 8.8
782 3946 9.0
785 1122 3.0
785 3881 4.6
786 2419 7.4
786 2584 4.0
788 377 1.0
788 4626 5.8
791 136 3.0
791 4867 5.4
792 1819 5.0
792 3184 9.2
794 2005 7.2
794 2998 4.2
796 2374 4.4
796 2629 4.4
801 382 3.8
801 4621 9.6
802 130 1.4
802 4873 2.8
803 2373 4.0
803 2630 3.2
806 222 3.0
806 4781 7.4
808 524 0.8
808 4479 6.4
809 222 4.8
809 4781 7.2
810 812 3.0
810 4191 9.8
812 54 1.6
812 4949 4.8
816 863 2.0
816 4140 3.8
817 1818 4.2
817 3185 1.8
818 497 2.2
818 4506 3.8
819 1472 3.0
819 3531 4.2
820 95 1.6
820 4908 4.0
822 1293 2.6
822 3710 3.6
824 598 4.0
824 4405 4.2
827 1819 4.8
827 3184 1.2
832 277 2.4
832 4726 4.6
833 1015 5.2
833 3988 8.6
834 1328 4.4
834 3675 2.0
835 1448 3.4
835 3555 5.4
837 901 2.4
837 4102 9.8
839 1433 3.8
839 3570 3.2
843 1731 2.0
843 3272 7.8
844 2234 9.0
844 2769 3.2
845 32 2.6
845 4971 5.4
848 106 4.8
848 4897 5.4
849 1160 2.4
849 3843 6.8
850 116 4.0
850 4887 8.8
851 1276 4.6
851 3727 1.0
852 486 1.4
852 4517 5.0
854 1027 0.2
854 3976 7.2
856 2264 3.0
856 2739 2.8
857 1076 1.6
857 3927 7.8
858 41 1.8
858 4962 5.6
861 37 3.0
861 4966 9.4
864 1685 5.0
864 3318 5.0
866 1712 2.4
866 3291 4.8
868 1635 1.6
868 3368 1.2
869 1053 1.8
869 3950 5.4
871 1632 201.6
871 3371 3.8
874 514 1.0
874 4489 5.6
878 84 1.8
878 4919 3.0
879 1537 1.8
879 3466 4.2
880 548 2.8
880 4455 5.4
881 1325 5.0
881 3678 4.8
882 479 4.6
882 4524 5.0
883 2222 4.6
883 2781 1.8
884 458 2.8
884 4545 3.2
885 592 5.0
885 4411 5.4
886 285 3.6
886 4718 7.2
887 1004 4.0
887 3999 7.0
890 677 1.6
890 4326 5.2
891 2002 6.6
891 3001 4.6
893 349 4.0
893 4654 9.4
895 1100 5.0
895 3903 5.0
896 473 3.0
896 4530 9.8
901 1558 2.0
901 3445 3.6
902 1531 3.0
902 3472 5.0
904 1076 3.8
904 3927 7.6
906 1807 1.4
906 3196 4.6
909 1798 2.4
909 3205 2.0
911 991 2.6
911 4012 1.0
912 2374 3.4
912 2629 4.4
913 908 4.0
913 4095 7.4
914 1154 3.0
914 3849 4.8
915 764 1.6
915 4239 7.6
918 2262 4.6
918 2741 4.8
919 1640 3.0
919 3363 5.6
920 508 1.8
920 4495 5.0
922 139 4.0
922 4864 9.2
924 2058 5.0
924 2945 5.0
927 1749 7.0
927 3254 4.6
928 657 1.6
928 4346 5.2
931 808 8.8
931 4195 9.0
934 2451 4.6
934 2552 4.8
935 1539 3.6
935 3464 4.0
936 257 0.8
936 4746 4.0
937 340 3.8
937 4663 5.4
939 1638 2.8
939 3365 6.8
940 1643 9.2
940 3360 9.0
942 112 2.0
942 4891 5.8
943 1436 1.8
943 3567 402.0
944 1366 2.8
944 3637 10.0
947 1791 4.0
947 3212 3.6
948 132 1.4
948 4871 5.0
949 1718 6.8
949 3285 4.8
952 2121 5.2
952 2882 3.2
953 1318 3.0
953 3685 4.6
958 1387 6.8
958 3616 7.0
961 1570 4.0
961 3433 5.0
965 1217 3.0
965 3786 3.8
967 909 1.6
967 4094 5.4
968 1797 7.0
968 3206 5.0
969 1731 1.2
969 3272 3.2
970 1930 2.4
970 3073 2.6
971 1246 4.0
971 3757 4.8
975 895 1.8
975 4108 2.2
977 1014 1.6
977 3989 3.0
983 1439 2.4
983 3564 7.6
984 1196 3.8
984 3807 9.8
985 2436 3.4
985 2567 5.8
987 1941 2.0
987 3062 2.8
988 1051 6.4
988 3952 4.0
989 306 9.2
989 4697 7.2
991 1504 1.2
991 3499 2.0
995 285 2.8
995 4718 5.4
997 1116 4.8
997 3887 4.2
998 1345 5.4
998 3658 6.6
999 907 3.0
999 4096 5.0
1001 1206 6.4
1001 3797 9.6
1002 214 5.0
1002 4789 406.2
1006 1911 4.6
1006 3092 9.6
1009 2097 1.0
1009 2906 1.6
1011 471 2.0
1011 4532 4.8
1012 323 3.0
1012 4680 7.2
1013 627 1.8
1013 4376 6.8
1016 1898 2.0
1016 3105 3.8
1017 744 4.0
1017 4259 9.8
1019 786 2.2
1019 4217 3.8
1020 2452 4.2
1020 2551 1.8
1021 33 3.0
1021 4970 7.4
1023 463 4.0
1023 4540 10.0
1027 185 2.8
1027 4818 7.8
1031 2199 4.8
1031 2804 2.8
1032 1691 4.6
1032 3312 1.8
1033 95 3.8
1033 4908 4.2
1034 248 1.0
1034 4755 5.6
1035 2239 7.2
1035 2764 2.4
1039 829 6.2
1039 4174 8.2
1041 1471 4.4
1041 3532 4.6
1044 1024 5.0
1044 3979 5.0
1048 714 3.4
1048 4289 7.4
1049 788 3.8
1049 4215 4.8
1050 1779 2.4
1050 3224 9.8
1054 2084 9.6
1054 2919 5.0
1055 441 4.8
1055 4562 3.6
1056 2003 2.0
1056 3000 3.6
1058 1164 2.0
1058 3839 5.8
1061 1607 203.8
1061 3396 5.0
1062 65 4.0
1062 4938 6.8
1063 703 3.2
1063 4300 7.2
1064 1281 2.2
1064 3722 4.8
1066 2500 2.8
1066 2503 1.4
1067 1698 1.8
1067 3305 2.2
1070 2405 3.8
1070 2598 1.4
1072 1796 7.2
1072 3207 10.0
1073 2325 5.6
1073 2678 3.8
1074 328 1.8
1074 4675 4.8
1075 1245 2.2
1075 3758 6.6
1076 2357 5.0
1076 2646 4.4
1077 2483 1.8
1077 2520 1.4
1079 778 1.4
1079 4225 7.4
1081 1259 4.4
1081 3744 8.8
1082 2290 5.0
1082 2713 4.8
1084 1654 6.8
1084 3349 5.0
1086 537 1.8
1086 4466 4.8
1087 2275 1.8
1087 2728 8.6
1088 523 3.2
1088 4480 4.0
1090 291 4.0
1090 4712 4.6
1091 8 4.0
1091 4995 7.0
1092 1452 2.0
1092 3551 5.6
1094 1211 6.6
1094 3792 5.2
1095 1526 3.2
1095 3477 1.6
1096 22 1.8
1096 4981 2.8
1097 1561 2.0
1097 3442 4.8
1100 1255 6.0
1100 3748 5.0
1102 619 0.8
1102 4384 3.4
1103 1876 4.0
1103 3127 9.0
1104 135 4.0
1104 4868 5.2
1106 1281 2.6
1106 3722 3.4
1107 2434 3.8
1107 2569 5.4
1109 433 1.6
1109 4570 3.0
1111 407 3.0
1111 4596 7.4
1112 1227 0.6
1112 3776 6.0
1114 391 4.0
1114 4612 7.0
1115 792 4.2
1115 4211 4.0
1117 837 1.0
1117 4166 3.4
1118 2222 3.4
1118 2781 3.2
1120 2015 6.8
1120 2988 2.2
1122 1617 1.6
1122 3386 7.8
1125 2483 3.8
1125 2520 9.0
1126 172 2.0
1126 4831 3.2
1131 382 2.6
1131 4621 5.2
1133 1020 4.6
1133 3983 2.2
1134 2154 3.6
1134 2849 7.2
1135 1686 9.8
1135 3317 3.6
1136 1363 4.8
1136 3640 6.8
1137 1525 2.2
1137 3478 5.8
1138 2336 2.0
1138 2667 6.4
1139 2281 1.8
1139 2722 0.0
1140 2420 5.6
1140 2583 9.0
1142 1530 8.6
1142 3473 3.2
1143 913 3.0
1143 4090 3.2
1148 724 2.6
1148 4279 7.4
1149 1120 4.0
1149 3883 9.2
1150 18 4.0
1150 4985 7.2
1151 1984 0.4
1151 3019 2.8
1153 1849 7.0
1153 3154 2.6
1158 150 2.0
1158 4853 5.8
1159 2162 2.4
1159 2841 4.0
1161 1835 5.6
1161 3168 4.6
1162 2039 7.8
1162 2964 6.6
1163 370 5.0
1163 4633 7.4
1164 2096 4.2
1164 2907 7.2
1166 919 3.6
1166 4084 5.4
1168 2078 4.8
1168 2925 6.8
1169 972 1.8
1169 4031 0.8
1170 941 4.0
1170 4062 4.4
1171 2132 4.0
1171 2871 9.4
1172 2119 9.8
1172 2884 4.8
1173 323 4.2
1173 4680 5.4
1174 2263 2.8
1174 2740 2.4
1175 908 2.0
1175 4095 1.4
1178 170 3.0
1178 4833 5.2
1182 1097 4.8
1182 3906 4.4
1183 1795 4.8
1183 3208 10.0
1190 920 3.0
1190 4083 7.0
1195 1300 5.0
1195 3703 9.8
1196 2051 4.8
1196 2952 2.2
1197 2077 4.6
1197 2926 7.0
1198 28 4.0
1198 4975 9.6
1199 2423 4.8
1199 2580 4.4
1200 1582 6.0
1200 3421 4.8
1203 1798 2.0
1203 3205 1.2
1204 839 2.4
1204 4164 3.8
1206 2044 0.8
1206 2959 6.2
1207 1049 3.4
1207 3954 5.0
1209 9 0.8
1209 4994 5.8
1210 729 3.0
1210 4274 8.8
1211 1005 4.6
1211 3998 4.6
1213 1286 2.0
1213 3717 7.4
1215 2383 4.6
1215 2620 0.8
1216 158 1.8
1216 4845 5.6
1220 1301 1.6
1220 3702 4.8
1221 1216 2.0
1221 3787 4.2
1227 1738 5.2
1227 3265 2.4
1228 2095 6.6
1228 2908 0.8
1232 1527 3.4
1232 3476 2.4
1233 1878 5.2
1233 3125 10.0
1234 383 3.0
1234 4620 5.2
1236 2254 2.6
1236 2749 4.6
1237 1918 2.8
1237 3085 5.4
1239 109 2.0
1239 4894 6.0
1242 1053 3.0
1242 3950 9.0
1245 107 2.2
1245 4896 4.6
1246 1804 2.0
1246 3199 7.4
1249 917 7.2
1249 4086 9.2
1251 1878 1.8
1251 3125 2.0
1259 1157 3.4
1259 3846 4.4
1262 2151 5.4
1262 2852 2.8
1264 1384 3.6
1264 3619 3.6
1269 1854 2.4
1269 3149 1.8
1270 1841 6.4
1270 3162 10.0
1272 809 2.8
1272 4194 7.8
1274 593 2.2
1274 4410 7.8
1277 1512 3.8
1277 3491 3.8
1281 404 2.0
1281 4599 5.0
1283 1634 1.2
1283 3369 3.8
1286 509 0.6
1286 4494 6.4
1287 215 2.8
1287 4788 1.6
1289 2389 2.2
1289 2614 3.8
1291 1892 4.8
1291 3111 7.0
1293 1707 3.8
1293 3296 9.6
1294 582 3.2
1294 4421 4.8
1295 2355 1.6
1295 2648 7.2
1296 985 1.6
1296 4018 5.4
1300 235 3.2
1300 4768 5.4
1302 1107 2.2
1302 3896 4.0
1303 1524 2.6
1303 3479 4.0
1305 1343 3.8
1305 3660 7.8
1307 1344 7.4
1307 3659 10.0
1308 1936 4.0
1308 3067 1.8
1309 784 9.0
1309 4219 4.8
1310 24 3.0
1310 4979 7.2
1311 1937 2.8
1311 3066 5.0
1313 147 2.2
1313 4856 4.6
1318 338 3.2
1318 4665 6.0
1320 1733 1.0
1320 3270 1.8
1321 900 3.0
1321 4103 3.8
1322 2229 10.0
1322 2774 7.4
1324 2402 4.6
1324 2601 4.8
1325 1686 2.4
1325 3317 4.0
1328 336 2.0
1328 4667 5.2
1330 509 4.2
1330 4494 7.2
1335 2492 4.0
1335 2511 4.4
1339 2367 4.0
1339 2636 3.0
1341 1698 1.6
1341 3305 4.0
1343 909 2.8
1343 4094 7.4
1344 1892 5.2
1344 3111 6.6
1346 752 3.2
1346 4251 8.2
1349 482 4.2
1349 4521 7.6
1351 2007 5.2
1351 2996 6.2
1353 2177 9.8
1353 2826 5.0
1354 1255 3.2
1354 3748 6.2
1355 1160 4.0
1355 3843 10.0
1356 670 5.4
1356 4333 7.6
1360 1919 2.4
1360 3084 6.2
1366 1613 2.0
1366 3390 4.6
1368 553 0.8
1368 4450 3.4
1370 1916 2.0
1370 3087 3.6
1371 17 4.0
1371 4986 5.2
1372 510 4.8
1372 4493 5.0
1373 1620 2.4
1373 3383 1.8
1377 1579 2.4
1377 3424 1.8
1379 2190 4.6
1379 2813 4.2
1380 504 3.0
1380 4499 8.0
1383 816 2.8
1383 4187 7.8
1386 1756 3.2
1386 3247 10.0
1389 899 4.0
1389 4104 7.2
1391 220 2.0
1391 4783 4.2
1393 598 0.8
1393 4405 5.6
1394 1402 5.2
1394 3601 3.2
1395 1147 7.6
1395 3856 4.2
1396 306 3.0
1396 4697 5.6
1398 1838 2.0
1398 3165 5.0
1400 1222 4.0
1400 3781 6.8
1401 1212 9.0
1401 3791 7.2
1402 2312 2.0
1402 2691 9.2
1403 68 3.0
1403 4935 5.0
1404 425 2.4
1404 4578 4.8
1406 1649 401.6
1406 3354 7.4
1407 1166 7.0
1407 3837 9.4
1412 1641 4.6
1412 3362 5.4
1418 2116 5.2
1418 2887 9.2
1419 730 1.8
1419 4273 7.4
1420 2389 408.0
1420 2614 1.4
1421 1468 4.8
1421 3535 7.6
1423 63 1.4
1423 4940 7.4
1424 1364 3.0
1424 3639 7.4
1428 2256 4.4
1428 2747 10.0
1429 648 1.4
1429 4355 7.0
1430 1299 4.0
1430 3704 9.8
1432 1545 5.0
1432 3458 4.0
1433 2167 4.0
1433 2836 3.6
1436 110 1.8
1436 4893 3.0
1437 2144 2.4
1437 2859 3.6
1440 2193 5.0
1440 2810 5.0
1441 885 3.4
1441 4118 4.6
1444 1628 1.4
1444 3375 4.0
1445 600 4.6
1445 4403 0.8
1447 2234 5.8
1447 2769 3.6
1451 590 2.0
1451 4413 7.2
1453 2195 4.0
1453 2808 4.2
1455 2299 6.6
1455 2704 0.8
1456 504 2.4
1456 4499 5.0
1459 2237 0.6
1459 2766 2.6
1463 1894 7.2
1463 3109 4.0
1465 907 4.0
1465 4096 5.8
1466 2193 3.2
1466 2810 1.0
1468 1462 1.8
1468 3541 5.0
1473 1739 7.4
1473 3264 7.2
1474 1464 9.0
1474 3539 7.0
1478 538 1.8
1478 4465 9.2
1481 2373 4.4
1481 2630 1.6
1485 551 3.0
1485 4452 2.4
1486 2386 5.0
1486 2617 2.8
1489 1424 1.8
1489 3579 4.4
1490 1002 0.0
1490 4001 3.8
1492 1984 3.0
1492 3019 5.8
1493 260 4.0
1493 4743 7.4
1495 1849 2.8
1495 3154 9.6
1496 1626 2.0
1496 3377 3.0
1501 424 4.6
1501 4579 2.6
1503 2465 3.8
1503 2538 6.6
1506 217 3.2
1506 4786 9.0
1510 1458 5.0
1510 3545 5.0
1511 711 0.8
1511 4292 2.6
1512 1482 4.0
1512 3521 2.2
1514 1303 3.2
1514 3700 4.8
1515 710 3.8
1515 4293 5.2
1516 962 4.6
1516 4041 5.4
1517 1310 4.0
1517 3693 5.2
1520 1950 3.0
1520 3053 4.0
1522 1412 2.2
1522 3591 4.8
1523 49 1.6
1523 4954 6.6
1527 1719 1.6
1527 3284 7.0
1529 839 1.4
1529 4164 4.8
1533 2350 4.4
1533 2653 2.2
1538 2123 5.0
1538 2880 2.4
1542 1246 2.2
1542 3757 4.0
1546 1756 3.8
1546 3247 2.6
1547 2396 1.4
1547 2607 1.2
1551 1592 2.6
1551 3411 5.0
1553 1011 6.4
1553 3992 3.0
1556 2480 5.8
1556 2523 2.6
1560 2298 2.4
1560 2705 7.0
1564 2392 3.8
1564 2611 3.6
1565 963 4.0
1565 4040 9.8
1568 170 3.0
1568 4833 6.8
1569 6 4.0
1569 4997 4.8
1575 1049 2.6
1575 3954 2.2
1578 1353 9.6
1578 3650 7.0
1581 608 2.8
1581 4395 7.4
1584 2293 9.2
1584 2710 5.0
1585 1274 6.8
1585 3729 5.0
1586 243 1.8
1586 4760 9.4
1587 1902 4.0
1587 3101 3.2
1589 942 2.2
1589 4061 5.2
1590 763 2.0
1590 4240 9.0
1591 2077 2.4
1591 2926 6.6
1593 243 4.0
1593 4760 9.0
1594 1226 4.4
1594 3777 9.0
1596 879 4.0
1596 4124 7.4
1598 2229 7.6
1598 2774 3.6
1599 1101 6.4
1599 3902 7.0
1600 1385 2.0
1600 3618 3.2
1601 1476 9.2
1601 3527 7.6
1604 246 1.4
1604 4757 406.0
1605 435 0.2
1605 4568 5.8
1606 384 1.2
1606 4619 5.6
1607 592 3.0
1607 4411 9.2
1608 865 3.0
1608 4138 3.8
1610 303 3.2
1610 4700 3.2
1612 2271 4.8
1612 2732 5.2
1614 284 1.4
1614 4719 7.2
1616 275 4.0
1616 4728 9.2
1618 1594 2.0
1618 3409 7.0
1619 2457 4.6
1619 2546 4.4
1620 2140 5.0
1620 2863 6.8
1624 379 2.2
1624 4624 7.8
1626 2036 5.0
1626 2967 6.4
1627 1771 9.0
1627 3232 9.0
1628 1869 2.2
1628 3134 2.8
1629 896 2.6
1629 4107 3.4
1630 220 1.4
1630 4783 7.2
1631 452 3.0
1631 4551 5.4
1632 2097 1.8
1632 2906 6.0
1633 837 4.8
1633 4166 5.0
1634 2028 5.2
1634 2975 4.8
1635 1569 4.4
1635 3434 3.2
1641 1524 2.2
1641 3479 4.0
1643 833 2.6
1643 4170 8.6
1648 1070 4.2
1648 3933 7.2
1649 1845 2.4
1649 3158 3.0
1650 412 3.0
1650 4591 9.0
1651 691 2.0
1651 4312 6.0
1653 2474 2.0
1653 2529 4.2
1655 1958 3.2
1655 3045 4.8
1658 51 4.0
1658 4952 7.2
1660 1299 2.0
1660 3704 8.6
1661 727 3.0
1661 4276 4.6
1662 1025 4.2
1662 3978 5.4
1663 1374 1.8
1663 3629 5.0
1664 1600 5.4
1664 3403 4.6
1665 566 3.0
1665 4437 5.6
1666 545 2.0
1666 4458 3.6
1668 1774 5.2
1668 3229 5.2
1669 1268 6.6
1669 3735 3.0
1670 842 3.0
1670 4161 4.6
1671 1588 4.0
1671 3415 4.6
1674 1008 5.2
1674 3995 205.0
1675 2042 2.8
1675 2961 4.4
1677 1295 2.2
1677 3708 1.0
1682 2378 1.4
1682 2625 6.6
1683 423 4.0
1683 4580 9.4
1687 484 1.8
1687 4519 1.8
1688 249 1.4
1688 4754 2.8
1690 2243 8.8
1690 2760 9.4
1692 1969 9.2
1692 3034 2.0
1696 985 1.8
1696 4018 8.0
1698 1818 4.4
1698 3185 4.2
1701 1476 3.0
1701 3527 6.0
1703 2010 6.8
1703 2993 5.0
1704 537 0.8
1704 4466 4.2
1705 1093 1.8
1705 3910 5.2
1706 1839 4.8
1706 3164 2.2
1708 2466 1.6
1708 2537 2.2
1711 1292 1.8
1711 3711 6.6
1713 956 4.0
1713 4047 2.2
1714 1320 3.0
1714 3683 7.4
1716 1122 1.2
1716 3881 5.4
1721 354 4.0
1721 4649 9.0
1725 1500 5.2
1725 3503 3.0
1728 1175 4.8
1728 3828 6.8
1731 519 4.0
1731 4484 10.0
1732 1104 2.0
1732 3899 5.4
1733 1440 6.6
1733 3563 9.2
1734 585 4.8
1734 4418 7.0
1736 1837 4.6
1736 3166 5.8
1737 1735 3.2
1737 3268 4.6
1738 1639 4.6
1738 3364 4.2
1739 798 4.2
1739 4205 4.4
1741 237 2.6
1741 4766 6.6
1744 1918 3.4
1744 3085 6.0
1746 1585 4.0
1746 3418 4.6
1748 1038 2.8
1748 3965 6.6
1749 1800 4.2
1749 3203 3.0
1751 1026 1.8
1751 3977 7.0
1753 1041 3.0
1753 3962 4.6
1754 2048 0.4
1754 2955 3.8
1757 939 1.2
1757 4064 9.2
1759 2252 2.4
1759 2751 1.8
1760 1767 8.4
1760 3236 9.0
1767 1075 4.6
1767 3928 4.4
1770 80 1.6
1770 4923 5.0
1771 1874 9.0
1771 3129 4.8
1772 2014 2.2
1772 2989 2.8
1773 1185 1.4
1773 3818 6.8
1774 1887 2.2
1774 3116 1.8
1775 360 1.2
1775 4643 2.6
1776 486 2.4
1776 4517 2.4
1777 796 1.6
1777 4207 4.4
1779 1325 4.2
1779 3678 6.8
1780 964 5.0
1780 4039 5.2
1785 99 3.0
1785 4904 7.2
1786 2323 5.8
1786 2680 2.2
1787 1539 2.6
1787 3464 2.6
1790 1007 1.2
1790 3996 4.2
1791 539 4.0
1791 4464 9.2
1794 637 2.8
1794 4366 3.8
1797 1685 4.8
1797 3318 5.0
1798 1911 5.2
1798 3092 6.6
1799 783 1.8
1799 4220 6.0
1802 2162 2.0
1802 2841 4.4
1805 206 3.0
1805 4797 9.0
1806 1881 3.0
1806 3122 4.4
1807 1188 3.0
1807 3815 4.6
1808 1489 2.0
1808 3514 4.6
1810 1965 7.0
1810 3038 5.2
1811 1579 2.8
1811 3424 6.4
1813 596 2.2
1813 4407 6.8
1815 1579 1.8
1815 3424 2.8
1816 272 8.0
1816 4731 6.6
1820 753 4.0
1820 4250 4.0
1822 1574 6.2
1822 3429 2.6
1823 2319 3.0
1823 2684 2.8
1824 243 1.4
1824 4760 5.0
1827 2285 6.4
1827 2718 0.4
1828 2343 1.6
1828 2660 2.0
1829 2096 6.0
1829 2907 4.6
1830 1359 2.2
1830 3644 2.8
1831 2059 7.0
1831 2944 2.2
1832 1164 2.0
1832 3839 3.0
1833 958 2.8
1833 4045 2.4
1835 1787 2.8
1835 3216 3.2
1836 2106 7.2
1836 2897 3.8
1837 869 4.8
1837 4134 5.0
1838 498 1.6
1838 4505 7.0
1839 45 4.0
1839 4958 9.0
1840 427 2.8
1840 4576 2.8
1841 1317 4.8
1841 3686 7.0
1844 271 1.6
1844 4732 2.2
1845 411 2.8
1845 4592 10.0
1846 791 4.0
1846 4212 4.6
1848 991 3.4
1848 4012 2.0
1850 1305 2.0
1850 3698 8.0
1851 2074 4.6
1851 2929 3.0
1852 1736 5.2
1852 3267 6.0
1854 597 1.8
1854 4406 4.6
1855 2275 1.4
1855 2728 1.8
1856 671 3.2
1856 4332 1.8
1857 2242 5.8
1857 2761 0.6
1858 924 1.4
1858 4079 8.2
1859 2024 3.8
1859 2979 10.0
1860 729 2.8
1860 4274 4.0
1861 574 3.0
1861 4429 9.4
1864 2279 8.0
1864 2724 7.2
1865 2416 2.8
1865 2587 2.6
1866 1367 3.2
1866 3636 6.0
1868 1261 4.0
1868 3742 3.4
1870 788 1.8
1870 4215 6.0
1872 829 4.0
1872 4174 9.4
1874 1640 6.8
1874 3363 5.0
1875 1133 4.0
1875 3870 9.6
1877 1085 1.6
1877 3918 4.6
1881 352 0.8
1881 4651 3.0
1883 805 4.0
1883 4198 5.0
1885 1244 2.8
1885 3759 4.2
1886 1610 6.8
1886 3393 6.8
1889 520 1.8
1889 4483 9.0
1891 1377 6.2
1891 3626 4.4
1892 1704 3.0
1892 3299 3.6
1898 129 2.6
1898 4874 4.6
1899 1848 8.0
1899 3155 9.0
1900 496 1.2
1900 4507 2.6
1901 381 2.4
1901 4622 9.4
1906 165 4.0
1906 4838 7.0
1909 2240 4.0
1909 2763 7.0
1912 1813 3.0
1912 3190 7.2
1913 1299 5.8
1913 3704 9.0
1914 1237 4.6
1914 3766 3.6
1915 1578 9.0
1915 3425 9.0
1917 1238 3.6
1917 3765 7.2
1919 2178 3.6
1919 2825 4.4
1920 1503 1.4
1920 3500 7.0
1921 1647 2.2
1921 3356 2.8
1926 23 2.2
1926 4980 5.0
1928 2265 9.2
1928 2738 4.0
1932 620 1.6
1932 4383 6.8
1933 729 1.4
1933 4274 3.6
1934 728 3.0
1934 4275 9.4
1935 308 4.0
1935 4695 7.4
1937 400 0.8
1937 4603 5.6
1938 505 0.8
1938 4498 8.0
1942 1348 5.6
1942 3655 6.6
1943 628 4.0
1943 4375 9.0
1944 1362 3.2
1944 3641 5.2
1945 1123 2.0
1945 3880 5.6
1946 836 4.0
1946 4167 10.0
1951 119 1.6
1951 4884 5.2
1952 304 4.0
1952 4699 6.8
1956 48 3.0
1956 4955 9.0
1957 1245 201.0
1957 3758 4.4
1960 2441 5.4
1960 2562 2.8
1962 185 1.4
1962 4818 4.8
1963 1337 2.6
1963 3666 1.6
1964 1314 3.0
1964 3689 4.6
1968 346 0.8
1968 4657 3.2
1969 1036 2.0
1969 3967 7.0
1970 1652 2.8
1970 3351 4.6
1971 1245 3.0
1971 3758 3.8
1974 212 3.6
1974 4791 4.0
1975 2214 2.0
1975 2789 3.6
1979 182 1.6
1979 4821 6.8
1982 220 1.4
1982 4783 6.6
1983 1326 3.0
1983 3677 2.8
1984 251 3.4
1984 4752 6.6
1985 944 3.8
1985 4059 7.0
1986 394 4.0
1986 4609 2.0
1988 1890 4.8
1988 3113 3.8
1989 1898 3.0
1989 3105 6.0
1993 1509 3.0
1993 3494 5.6
1994 881 3.0
1994 4122 2.6
1998 1898 1.8
1998 3105 3.4
2004 2448 3.0
2004 2555 2.2
2006 1870 1.8
2006 3133 0.4
2009 1970 4.4
2009 3033 4.4
2010 2096 4.4
2010 2907 4.4
2011 985 0.8
2011 4018 4.0
2012 2163 3.8
2012 2840 10.0
2013 812 4.8
2013 4191 2.8
2014 185 4.0
2014 4818 5.0
2016 1537 3.0
2016 3466 6.6
2018 2060 0.2
2018 2943 5.8
2019 2209 8.4
2019 2794 5.0
2021 1605 2.6
2021 3398 4.6
2022 1918 2.8
2022 3085 7.2
2025 629 0.8
2025 4374 4.2
2029 2033 4.0
2029 2970 2.4
2030 2385 8.8
2030 2618 4.0
2033 1472 4.6
2033 3531 5.8
2035 1871 5.0
2035 3132 9.0
2036 1422 4.0
2036 3581 2.2
2037 621 0.8
2037 4382 2.4
2038 750 2.0
2038 4253 2.8
2042 2162 2.2
2042 2841 6.0
2044 2196 4.0
2044 2807 4.6
2046 1901 1.2
2046 3102 1.2
2048 802 9.0
2048 4201 9.0
2049 2446 4.0
2049 2557 2.8
2052 2191 4.0
2052 2812 5.2
2059 1524 3.6
2059 3479 3.6
2060 329 4.6
2060 4674 5.0
2061 2275 1.0
2061 2728 3.4
2063 2337 2.2
2063 2666 2.8
2064 1955 2.8
2064 3048 6.6
2070 2159 1.4
2070 2844 4.6
2071 1756 2.4
2071 3247 4.0
2075 1891 8.0
2075 3112 5.0
2076 1409 3.2
2076 3594 2.0
2078 1568 1.6
2078 3435 2.8
2079 1548 4.0
2079 3455 4.6
2083 2229 3.0
2083 2774 9.0
2084 788 2.8
2084 4215 7.0
2085 1755 2.0
2085 3248 3.4
2089 1086 2.2
2089 3917 8.2
2091 1057 4.0
2091 3946 2.2
2092 829 5.4
2092 4174 7.2
2094 2249 3.2
2094 2754 6.8
2095 2112 7.0
2095 2891 4.0
2097 2193 2.2
2097 2810 2.4
2106 15 2.8
2106 4988 4.6
2108 1537 0.8
2108 3466 3.2
2109 2269 1.8
2109 2734 3.6
2110 2470 4.8
2110 2533 3.6
2113 1164 6.8
2113 3839 4.8
2115 512 3.0
2115 4491 4.6
2119 2440 4.6
2119 2563 2.8
2120 232 3.0
2120 4771 4.8
2121 159 3.4
2121 4844 2.8
2123 1812 2.6
2123 3191 3.0
2125 1168 3.2
2125 3835 7.0
2126 2370 4.0
2126 2633 1.6
2127 2489 2.0
2127 2514 0.4
2129 309 1.2
2129 4694 3.2
2130 1057 2.0
2130 3946 9.0
2131 2258 4.2
2131 2745 4.0
2138 1479 4.2
2138 3524 1.2
2140 2001 1.4
2140 3002 4.0
2141 1111 6.0
2141 3892 3.0
2143 318 3.8
2143 4685 7.0
2144 576 2.6
2144 4427 6.6
2145 1221 2.8
2145 3782 6.8
2147 2438 9.2
2147 2565 6.8
2151 1472 4.0
2151 3531 5.6
2152 1567 1.8
2152 3436 2.6
2155 2473 4.8
2155 2530 2.6
2156 650 1.8
2156 4353 2.2
2157 1737 6.0
2157 3266 8.8
2158 1350 2.8
2158 3653 1.8
2159 1973 9.0
2159 3030 8.0
2160 1609 5.8
2160 3394 8.0
2161 2026 3.4
2161 2977 4.0
2162 1781 6.0
2162 3222 4.0
2163 1650 6.6
2163 3353 4.6
2164 2008 0.6
2164 2995 1.8
2167 504 1.4
2167 4499 1.0
2169 2138 1.6
2169 2865 6.6
2172 929 1.4
2172 4074 5.0
2174 46 1.2
2174 4957 2.8
2175 1855 4.8
2175 3148 1.6
2179 1986 7.0
2179 3017 3.2
2180 812 3.6
2180 4191 4.0
2181 1451 3.2
2181 3552 7.0
2182 1888 4.0
2182 3115 5.2
2184 643 2.6
2184 4360 5.0
2185 2268 4.6
2185 2735 4.0
2188 2021 2.2
2188 2982 3.8
2190 485 2.8
2190 4518 4.4
2192 401 2.8
2192 4602 4.8
2193 607 3.8
2193 4396 5.0
2194 2414 6.6
2194 2589 9.0
2195 2463 4.2
2195 2540 0.2
2196 234 2.6
2196 4769 9.4
2197 2221 1.8
2197 2782 2.0
2198 115 3.8
2198 4888 7.0
2199 1911 1.4
2199 3092 4.2
2200 995 2.6
2200 4008 4.6
2201 1031 3.2
2201 3972 2.8
2204 292 0.8
2204 4711 6.0
2209 516 2.4
2209 4487 9.2
2210 1640 3.2
2210 3363 8.2
2213 537 1.0
2213 4466 4.6
2215 2077 2.8
2215 2926 7.0
2216 1900 5.8
2216 3103 4.4
2218 1656 1.8
2218 3347 5.0
2219 850 2.8
2219 4153 5.2
2220 1491 5.2
2220 3512 4.8
2221 1049 1.0
2221 3954 3.2
2226 604 1.6
2226 4399 2.2
2238 1478 2.0
2238 3525 5.6
2239 832 1.2
2239 4171 7.0
2241 587 4.0
2241 4416 4.6
2243 928 0.8
2243 4075 8.4
2244 991 1.4
2244 4012 3.0
2245 76 3.8
2245 4927 7.0
2246 1034 3.0
2246 3969 7.0
2247 1225 2.0
2247 3778 2.8
2248 1149 2.2
2248 3854 7.8
2250 171 4.0
2250 4832 9.0
2253 837 1.8
2253 4166 3.8
2254 1112 3.8
2254 3891 6.6
2256 1752 1.6
2256 3251 2.0
2257 170 1.6
2257 4833 5.0
2260 655 4.0
2260 4348 9.0
2261 1551 4.2
2261 3452 2.0
2262 974 3.6
2262 4029 4.0
2264 676 1.8
2264 4327 2.8
2265 2491 2.2
2265 2512 4.4
2268 2477 3.0
2268 2526 4.0
2269 1422 2.0
2269 3581 3.6
2270 839 8.8
2270 4164 4.6
2272 781 3.0
2272 4222 9.0
2273 639 1.8
2273 4364 1.6
2274 892 2.0
2274 4111 7.8
2276 1460 1.8
2276 3543 4.0
2277 647 4.0
2277 4356 2.0
2278 2384 0.4
2278 2619 5.6
2279 102 1.4
2279 4901 7.0
2281 1539 2.2
2281 3464 1.4
2282 252 2.0
2282 4751 7.2
2283 1034 4.0
2283 3969 9.0
2284 760 4.0
2284 4243 3.0
2287 2128 5.2
2287 2875 3.8
2289 1563 1.6
2289 3440 1.8
2290 1220 4.0
2290 3783 2.2
2291 2375 3.8
2291 2628 7.2
2292 1509 5.2
2292 3494 6.0
2293 219 8.0
2293 4784 9.0
2294 2389 9.0
2294 2614 9.0
2296 2226 2.8
2296 2777 4.4
2297 393 1.4
2297 4610 6.6
2299 892 5.4
2299 4111 2.8
2302 2208 2.0
2302 2795 4.2
2304 1094 2.0
2304 3909 5.6
2305 2415 4.0
2305 2588 3.0
2309 937 2.6
2309 4066 6.8
2311 500 6.8
2311 4503 6.4
2314 1517 6.2
2314 3486 2.2
2317 652 2.6
2317 4351 4.8
2319 1138 1.4
2319 3865 6.6
2320 1223 0.8
2320 3780 3.6
2322 52 3.0
2322 4951 3.8
2328 1846 8.6
2328 3157 4.8
2332 1294 2.8
2332 3709 4.4
2335 1963 2.0
2335 3040 5.2
2337 53 4.0
2337 4950 9.0
2338 223 3.0
2338 4780 3.8
2339 2033 4.6
2339 2970 2.8
2342 1685 5.8
2342 3318 2.4
2343 1325 2.8
2343 3678 4.0
2345 1954 3.6
2345 3049 2.8
2347 2152 1.2
2347 2851 2.6
2348 1992 6.0
2348 3011 6.8
2349 415 0.8
2349 4588 3.4
2353 197 1.6
2353 4806 6.8
2355 1849 1.4
2355 3154 8.0
2358 2333 2.0
2358 2670 9.0
2359 149 2.6
2359 4854 7.0
2360 1984 5.2
2360 3019 4.4
2361 2172 6.8
2361 2831 3.0
2362 2097 5.8
2362 2906 6.6
2364 48 1.4
2364 4955 3.0
2365 797 3.4
2365 4206 7.8
2368 1892 5.0
2368 3111 4.2
2369 2288 1.6
2369 2715 4.8
2371 195 1.6
2371 4808 2.6
2372 1355 4.8
2372 3648 2.8
2375 486 4.8
2375 4517 4.8
2380 1852 6.8
2380 3151 1.8
2383 2141 2.2
2383 2862 6.4
2385 2301 3.4
2385 2702 3.0
2386 2093 5.2
2386 2910 6.4
2387 509 0.8
2387 4494 5.8
2388 624 2.8
2388 4379 4.8
2392 924 1.4
2392 4079 2.4
2393 1978 5.0
2393 3025 7.2
2394 1110 2.8
2394 3893 5.8
2396 164 1.8
2396 4839 8.0
2398 1866 3.0
2398 3137 7.0
2399 2207 9.0
2399 2796 3.2
2404 959 8.8
2404 4044 9.2
2405 1938 2.2
2405 3065 3.6
2406 1159 2.6
2406 3844 4.8
2412 1855 4.8
2412 3148 8.8
2413 2251 7.0
2413 2752 4.0
2414 734 4.0
2414 4269 7.0
2415 450 2.6
2415 4553 5.0
2416 605 3.0
2416 4398 8.8
2418 1593 0.8
2418 3410 2.6
2419 1088 3.0
2419 3915 3.0
2423 1370 4.0
2423 3633 3.8
2424 1599 1.0
2424 3404 6.0
2425 1960 4.0
2425 3043 5.2
2426 979 2.2
2426 4024 4.8
2429 2049 3.8
2429 2954 9.0
2430 133 1.6
2430 4870 4.6
2433 1708 1.2
2433 3295 6.8
2434 1659 4.0
2434 3344 4.4
2435 213 2.8
2435 4790 1.4
2436 264 0.8
2436 4739 3.2
2441 2220 4.8
2441 2783 1.8
2443 2130 9.0
2443 2873 9.0
2444 697 1.2
2444 4306 0.8
2446 2126 1.6
2446 2877 2.8
2447 2031 9.0
2447 2972 4.2
2451 1671 4.0
2451 3332 9.0
2452 1785 3.6
2452 3218 1.6
2454 77 3.8
2454 4926 9.0
2457 1391 3.8
2457 3612 205.8
2461 998 8.8
2461 4005 5.0
2465 168 1.8
2465 4835 5.0
2467 2371 2.0
2467 2632 2.0
2468 114 4.0
2468 4889 9.2
2469 541 2.6
2469 4462 5.2
2470 2300 2.6
2470 2703 2.6
2475 2279 1.8
2475 2724 2.2
2479 1288 1.6
2479 3715 3.0
2485 2100 1.8
2485 2903 1.8
2487 1695 2.8
2487 3308 5.0
2488 1818 5.8
2488 3185 0.8
2489 735 3.8
2489 4268 7.0
2490 1246 1.4
2490 3757 4.4
2492 2073 0.4
2492 2930 1.0
2493 2379 5.2
2493 2624 6.2
2494 1646 0.8
2494 3357 2.6
2495 1409 3.0
2495 3594 2.6
2500 75 3.8
2500 4928 5.6
2501 610 6.8
2501 4393 9.0
2502 1122 1.8
2502 3881 2.6
2505 1108 4.0
2505 3895 9.0
2506 607 1.4
2506 4396 4.6
2511 592 1.4
2511 4411 3.2
2517 1659 1.2
2517 3344 3.0
2518 472 3.4
2518 4531 6.6
2519 1878 2.8
2519 3125 1.4
2520 1230 1.4
2520 3773 6.0
2522 563 1.0
2522 4440 5.0
2523 66 3.0
2523 4937 5.2
2525 914 2.2
2525 4089 6.6
2526 1833 1.8
2526 3170 4.0
2527 1443 1.4
2527 3560 4.4
2528 1323 1.6
2528 3680 4.4
2531 1858 3.2
2531 3145 3.4
2533 1755 4.6
2533 3248 1.8
2535 444 3.6
2535 4559 7.2
2537 1615 1.8
2537 3388 2.6
2539 907 4.8
2539 4096 4.2
2540 2324 4.4
2540 2679 4.0
2541 2242 6.8
2541 2761 4.2
2542 2366 1.8
2542 2637 3.4
2543 1686 6.0
2543 3317 4.0
2545 616 1.6
2545 4387 9.0
2547 1296 6.4
2547 3707 6.6
2549 1255 3.0
2549 3748 3.6
2550 1376 8.8
2550 3627 4.4
2551 1656 2.0
2551 3347 4.6
2555 929 4.0
2555 4074 9.0
2556 2311 1.6
2556 2692 5.0
2557 555 1.8
2557 4448 4.0
2558 1072 3.4
2558 3931 9.0
2559 1010 2.4
2559 3993 6.6
2560 1954 1.2
2560 3049 4.0
2566 2488 4.0
2566 2515 4.6
2567 675 4.0
2567 4328 8.8
2570 1375 2.8
2570 3628 4.0
2573 1884 9.0
2573 3119 2.8
2574 1243 9.0
2574 3760 5.2
2578 983 3.8
2578 4020 5.8
2582 1969 1.2
2582 3034 6.6
2585 854 1.4
2585 4149 6.4
2586 1182 2.4
2586 3821 6.2
2587 1239 1.6
2587 3764 4.6
2589 1254 3.6
2589 3749 4.4
2593 2286 2.4
2593 2717 8.6
2594 1063 1.2
2594 3940 4.8
2595 1698 2.8
2595 3305 7.2
2596 758 3.4
2596 4245 6.4
2599 861 1.8
2599 4142 9.4
2601 1571 2.2
2601 3432 3.6
2602 1557 3.2
2602 3446 1.4
2603 121 2.8
2603 4882 9.0
2605 1978 4.0
2605 3025 0.8
2610 1866 2.6
2610 3137 2.0
2616 78 1.4
2616 4925 5.0
2617 1845 1.8
2617 3158 1.8
2618 306 1.8
2618 4697 2.4
2620 1039 4.0
2620 3964 1.8
2627 10 3.0
2627 4993 4.6
2632 1305 1.4
2632 3698 9.0
2633 869 9.0
2633 4134 9.0
2634 643 1.4
2634 4360 4.8
2636 2106 9.0
2636 2897 4.8
2637 289 2.6
2637 4714 9.0
2638 1540 4.0
2638 3463 7.0
2640 535 1.6
2640 4468 1.8
2641 742 1.8
2641 4261 5.6
2642 1190 1.4
2642 3813 0.8
2644 802 1.2
2644 4201 3.2
2646 359 1.8
2646 4644 7.8
2647 2323 4.0
2647 2680 3.6
2650 549 0.8
2650 4454 2.6
2655 156 1.4
2655 4847 6.8
2657 2332 2.0
2657 2671 1.8
2658 2130 5.2
2658 2873 9.0
2662 475 4.0
2662 4528 4.0
2664 1269 4.4
2664 3734 5.0
2665 1630 4.8
2665 3373 4.6
2666 814 2.2
2666 4189 6.6
2668 1660 4.0
2668 3343 3.0
2671 2218 3.0
2671 2785 7.0
2673 271 4.6
2673 4732 4.4
2676 2430 2.8
2676 2573 4.0
2677 995 3.8
2677 4008 0.8
2678 2416 3.2
2678 2587 1.8
2679 964 2.8
2679 4039 4.0
2680 255 2.6
2680 4748 2.8
2682 1494 4.0
2682 3509 4.8
2683 2061 3.6
2683 2942 4.2
2690 269 0.8
2690 4734 3.6
2691 2128 3.6
2691 2875 4.0
2693 909 1.0
2693 4094 4.0
2694 296 2.6
2694 4707 0.8
2695 1096 1.2
2695 3907 6.8
2696 140 1.4
2696 4863 6.8
2697 889 1.4
2697 4114 7.0
2698 521 2.6
2698 4482 2.6
2699 1586 3.4
2699 3417 2.8
2703 162 1.2
2703 4841 7.0
2706 431 4.0
2706 4572 9.0
2708 2314 1.6
2708 2689 4.6
2712 2234 4.0
2712 2769 9.0
2713 50 1.4
2713 4953 7.0
2715 202 201.6
2715 4801 3.4
2717 452 2.8
2717 4551 2.6
2718 2028 6.6
2718 2975 9.0
2719 2373 4.0
2719 2630 1.6
2720 2246 3.6
2720 2757 6.6
2722 564 0.8
2722 4439 2.6
2724 367 1.4
2724 4636 6.8
2725 1890 1.8
2725 3113 0.8
2726 1260 2.6
2726 3743 1.8
2727 1556 6.6
2727 3447 5.0
2732 1599 1.6
2732 3404 9.0
2733 402 6.6
2733 4601 4.4
2735 297 1.6
2735 4706 7.0
2737 1003 2.8
2737 4000 6.8
2740 1583 4.0
2740 3420 4.8
2743 867 9.0
2743 4136 4.6
2745 1045 1.8
2745 3958 2.8
2748 1404 4.0
2748 3599 4.6
2752 2238 4.0
2752 2765 1.8
2757 2246 1.4
2757 2757 2.6
2758 1077 4.0
2758 3926 4.0
2759 1371 1.4
2759 3632 4.6
2760 1792 2.6
2760 3211 2.2
2761 589 2.6
2761 4414 4.8
2764 1414 2.4
2764 3589 6.6
2765 942 3.0
2765 4061 9.0
2767 2189 4.4
2767 2814 1.6
2768 1376 1.8
2768 3627 8.6
2769 2299 4.0
2769 2704 9.0
2770 815 4.0
2770 4188 7.8
2771 2326 0.8
2771 2677 3.0
2772 502 1.0
2772 4501 4.8
2774 426 4.0
2774 4577 7.0
2775 1167 4.4
2775 3836 4.2
2776 1280 0.2
2776 3723 3.6
2779 1071 6.4
2779 3932 5.0
2781 345 3.8
2781 4658 7.8
2782 775 2.6
2782 4228 4.6
2783 1380 201.8
2783 3623 2.4
2785 1785 3.0
2785 3218 4.0
2786 598 2.6
2786 4405 3.6
2787 773 4.4
2787 4230 2.8
2789 1704 1.6
2789 3299 6.6
2794 1965 3.8
2794 3038 0.8
2795 2146 2.4
2795 2857 9.2
2799 1160 4.0
2799 3843 9.0
2801 2483 9.0
2801 2520 4.0
2805 2048 4.0
2805 2955 6.6
2806 1434 2.8
2806 3569 4.4
2807 2280 9.0
2807 2723 6.6
2812 117 0.8
2812 4886 3.4
2814 1041 3.0
2814 3962 7.0
2818 323 4.0
2818 4680 5.2
2819 2288 3.6
2819 2715 4.4
2820 2379 2.6
2820 2624 6.4
2821 51 3.6
2821 4952 205.2
2822 1650 4.6
2822 3353 4.6
2824 754 3.0
2824 4249 5.0
2825 193 2.6
2825 4810 5.0
2826 2418 8.8
2826 2585 4.2
2827 34 0.8
2827 4969 7.8
2829 590 1.8
2829 4413 6.8
2830 676 4.0
2830 4327 4.2
2832 1145 1.8
2832 3858 4.4
2833 1281 0.0
2833 3722 1.2
2838 1999 4.4
2838 3004 6.6
2839 1737 4.0
2839 3266 4.4
2840 1451 3.2
2840 3552 0.8
2841 1221 1.8
2841 3782 2.2
2843 2010 7.8
2843 2993 1.8
2845 1867 4.4
2845 3136 9.0
2846 2008 9.2
2846 2995 4.0
2848 1592 4.8
2848 3411 6.4
2852 552 3.0
2852 4451 5.6
2854 623 3.0
2854 4380 9.0
2857 815 4.0
2857 4188 7.2
2858 1781 3.0
2858 3222 4.8
2859 2030 3.6
2859 2973 5.0
2860 1675 3.6
2860 3328 4.2
2862 540 2.8
2862 4463 6.8
2863 1168 0.8
2863 3835 7.6
2864 2146 1.6
2864 2857 0.6
2865 1129 1.2
2865 3874 6.6
2866 450 2.8
2866 4553 4.6
2870 2138 0.8
2870 2865 3.6
2874 2386 3.4
2874 2617 2.2
2875 2460 2.2
2875 2543 5.6
2877 1101 2.8
2877 3902 4.6
2878 2001 4.4
2878 3002 1.8
2880 670 1.2
2880 4333 4.6
2884 200 2.6
2884 4803 8.6
2885 348 1.6
2885 4655 9.0
2886 1583 6.0
2886 3420 5.0
2888 1952 3.8
2888 3051 1.8
2889 398 1.8
2889 4605 7.8
2891 1798 2.2
2891 3205 5.4
2892 1053 2.6
2892 3950 4.0
2897 1194 3.0
2897 3809 5.2
2898 1914 7.0
2898 3089 9.0
2899 1025 1.6
2899 3978 3.8
2902 1680 7.0
2902 3323 4.0
2903 210 0.8
2903 4793 5.2
2904 889 1.8
2904 4114 3.8
2905 1088 4.8
2905 3915 4.6
2908 2176 4.2
2908 2827 4.0
2909 71 4.0
2909 4932 4.8
2915 908 3.6
2915 4095 7.0
2916 1257 3.4
2916 3746 6.4
2918 2300 3.0
2918 2703 7.0
2919 1162 1.4
2919 3841 3.2
2921 2397 5.4
2921 2606 1.6
2923 1928 0.0
2923 3075 5.6
2924 834 4.0
2924 4169 2.8
2925 270 2.2
2925 4733 4.4
2926 1934 1.6
2926 3069 2.2
2929 198 1.6
2929 4805 7.8
2931 2355 6.4
2931 2648 9.0
2932 2456 3.8
2932 2547 3.2
2933 39 1.6
2933 4964 6.8
2936 873 4.0
2936 4130 4.6
2940 2480 8.8
2940 2523 3.0
2942 1769 4.0
2942 3234 4.0
2943 2358 4.0
2943 2645 4.6
2945 183 1.4
2945 4820 6.8
2946 1370 1.8
2946 3633 2.2
2948 956 4.0
2948 4047 7.2
2952 1489 0.6
2952 3514 3.2
2953 2037 7.0
2953 2966 1.4
2955 149 3.0
2955 4854 9.0
2956 1064 4.0
2956 3939 9.0
2958 1358 9.0
2958 3645 4.0
2965 737 1.4
2965 4266 4.6
2969 204 1.8
2969 4799 6.6
2970 552 4.0
2970 4451 4.8
2973 235 2.2
2973 4768 7.4
2974 1269 4.8
2974 3734 9.0
2975 2488 6.8
2975 2515 6.8
2976 1152 3.0
2976 3851 6.0
2977 547 2.6
2977 4456 3.2
2979 2243 1.6
2979 2760 8.0
2982 637 1.0
2982 4366 4.4
2983 2220 6.8
2983 2783 1.8
2985 556 4.0
2985 4447 9.0
2986 1623 4.8
2986 3380 4.8
2988 183 2.8
2988 4820 2.6
2989 1987 2.8
2989 3016 4.0
2992 1553 4.0
2992 3450 4.2
2996 938 2.0
2996 4065 7.8
3000 266 4.0
3000 4737 4.6
3001 582 1.0
3001 4421 4.6
3002 2222 6.6
3002 2781 5.0
3003 351 4.8
3003 4652 6.6
3004 1465 0.8
3004 3538 5.6
3006 439 6.4
3006 4564 7.0
3007 992 1.4
3007 4011 4.4
3008 2396 7.0
3008 2607 1.8
3009 1235 3.6
3009 3768 9.0
3011 287 1.4
3011 4716 7.0
3013 1623 1.6
3013 3380 3.0
3015 2384 4.6
3015 2619 6.2
3016 997 3.0
3016 4006 2.8
3017 1886 2.0
3017 3117 4.8
3020 1074 3.6
3020 3929 3.0
3022 2453 1.2
3022 2550 1.8
3023 1863 0.8
3023 3140 5.4
3026 695 4.0
3026 4308 8.0
3027 124 4.0
3027 4879 9.0
3028 302 1.8
3028 4701 3.0
3030 2076 1.4
3030 2927 1.0
3032 978 1.2
3032 4025 5.0
3033 1282 1.8
3033 3721 0.6
3034 1419 0.8
3034 3584 5.4
3037 2247 9.0
3037 2756 4.0
3038 1999 4.4
3038 3004 2.6
3041 1987 2.2
3041 3016 1.4
3044 1148 4.0
3044 3855 9.0
3045 1655 1.4
3045 3348 6.6
3046 978 1.4
3046 4025 4.6
3050 921 2.8
3050 4082 4.2
3051 1048 4.0
3051 3955 4.2
3054 1790 3.4
3054 3213 6.6
3056 2479 9.0
3056 2524 3.8
3060 807 0.8
3060 4196 5.8
3062 246 2.6
3062 4757 5.6
3064 1065 1.4
3064 3938 2.8
3066 1283 4.8
3066 3720 9.0
3067 2296 3.8
3067 2707 0.8
3069 1215 0.8
3069 3788 2.6
3070 578 3.6
3070 4425 9.0
3071 382 1.4
3071 4621 4.6
3074 165 0.8
3074 4838 3.0
3075 503 1.8
3075 4500 9.0
3077 254 1.4
3077 4749 2.0
3078 617 1.8
3078 4386 6.6
3079 735 1.0
3079 4268 2.8
3080 1286 6.4
3080 3717 4.2
3082 1559 0.4
3082 3444 3.0
3084 1651 3.6
3084 3352 4.8
3086 1908 4.6
3086 3095 8.8
3089 2102 4.0
3089 2901 9.0
3090 528 2.8
3090 4475 5.6
3094 2171 0.8
3094 2832 3.6
3095 2247 4.0
3095 2756 7.8
3099 2074 5.0
3099 2929 4.8
3100 269 3.8
3100 4734 7.2
3102 1075 9.0
3102 3928 9.0
3103 1575 1.6
3103 3428 9.0
3104 1197 9.0
3104 3806 2.0
3106 551 1.2
3106 4452 2.8
3108 1690 3.0
3108 3313 4.8
3109 18 2.2
3109 4985 6.2
3110 1580 2.6
3110 3423 3.4
3116 1070 1.2
3116 3933 4.6
3117 1799 0.8
3117 3204 1.8
3118 969 1.6
3118 4034 3.6
3119 2022 4.2
3119 2981 5.2
3121 723 0.8
3121 4280 5.6
3122 285 0.8
3122 4718 5.6
3124 1125 4.0
3124 3878 5.0
3125 308 3.4
3125 4695 9.0
3126 830 4.0
3126 4173 4.4
3128 239 2.8
3128 4764 6.4
3130 266 0.8
3130 4737 5.6
3133 1162 1.6
3133 3841 7.6
3136 1664 1.8
3136 3339 3.6
3139 1323 1.6
3139 3680 4.4
3140 395 1.8
3140 4608 4.8
3142 2345 6.2
3142 2658 4.8
3143 578 3.2
3143 4425 9.0
3148 1769 9.0
3148 3234 1.4
3149 2321 1.4
3149 2682 2.4
3150 95 0.8
3150 4908 4.4
3151 1442 1.4
3151 3561 6.6
3153 195 3.0
3153 4808 9.0
3155 1371 3.8
3155 3632 2.4
3162 81 2.4
3162 4922 5.4
3165 131 1.4
3165 4872 4.4
3168 1912 3.4
3168 3091 0.6
3169 2124 1.6
3169 2879 5.2
3175 2111 4.0
3175 2892 8.0
3176 698 1.4
3176 4305 5.0
3177 758 2.6
3177 4245 3.0
3179 454 4.0
3179 4549 9.0
3182 1322 4.0
3182 3681 4.8
3184 2388 4.0
3184 2615 2.6
3185 2449 0.8
3185 2554 3.4
3186 635 3.6
3186 4368 9.0
3187 1869 3.0
3187 3134 4.8
3189 954 6.6
3189 4049 5.0
3190 596 4.8
3190 4407 4.0
3191 1731 202.8
3191 3272 5.6
3193 516 1.4
3193 4487 6.6
3194 1170 1.6
3194 3833 4.4
3197 63 1.6
3197 4940 3.4
3200 1222 3.4
3200 3781 4.6
3202 880 0.4
3202 4123 5.6
3204 1776 4.0
3204 3227 3.0
3207 2019 5.2
3207 2984 4.4
3208 1828 2.2
3208 3175 7.8
3209 1605 4.0
3209 3398 6.8
3210 1814 3.0
3210 3189 6.6
3211 1272 2.0
3211 3731 2.8
3212 2091 0.6
3212 2912 1.4
3213 1180 3.2
3213 3823 4.6
3214 2324 4.6
3214 2679 2.6
3216 564 4.0
3216 4439 5.0
3220 1572 2.2
3220 3431 2.4
3225 1093 2.6
3225 3910 3.4
3226 614 2.2
3226 4389 2.4
3228 22 3.4
3228 4981 4.2
3230 2006 3.0
3230 2997 3.8
3232 1441 2.8
3232 3562 9.0
3234 1045 1.2
3234 3958 6.6
3236 381 0.8
3236 4622 2.2
3239 558 1.8
3239 4445 406.8
3241 1520 6.6
3241 3483 2.2
3242 1076 202.4
3242 3927 4.6
3243 1619 3.6
3243 3384 7.0
3244 1139 8.4
3244 3864 6.6
3245 1288 7.0
3245 3715 9.0
3246 927 2.0
3246 4076 3.6
3247 624 4.6
3247 4379 3.2
3249 115 0.8
3249 4888 5.2
3251 1477 2.0
3251 3526 8.6
3252 1428 3.8
3252 3575 3.8
3254 1723 5.4
3254 3280 1.6
3257 784 3.0
3257 4219 6.6
3258 2024 4.6
3258 2979 3.2
3265 762 1.6
3265 4241 4.8
3266 1301 1.8
3266 3702 0.6
3273 1594 3.2
3273 3409 4.0
3275 1613 1.8
3275 3390 9.0
3278 1320 2.6
3278 3683 4.6
3280 457 2.2
3280 4546 5.8
3281 1425 4.0
3281 3578 1.8
3283 1870 2.6
3283 3133 7.2
3285 685 4.8
3285 4318 9.0
3286 1358 1.8
3286 3645 3.4
3287 610 4.0
3287 4393 4.8
3288 1003 4.8
3288 4000 9.0
3289 1500 4.0
3289 3503 2.4
3291 380 0.8
3291 4623 5.0
3293 703 4.0
3293 4300 9.0
3295 2374 4.0
3295 2629 1.4
3297 1042 5.0
3297 3961 9.0
3300 1609 4.0
3300 3394 4.4
3301 1688 2.6
3301 3315 7.8
3303 2298 4.0
3303 2705 9.0
3307 1553 1.8
3307 3450 1.4
3308 640 2.2
3308 4363 4.4
3310 1178 2.8
3310 3825 3.0
3312 2035 4.0
3312 2968 7.0
3315 1904 3.8
3315 3099 2.0
3317 1814 4.6
3317 3189 1.8
3318 912 6.8
3318 4091 9.0
3319 2014 5.0
3319 2989 4.6
3320 203 3.0
3320 4800 5.0
3322 1455 6.4
3322 3548 2.8
3324 1482 4.4
3324 3521 2.4
3326 1300 0.8
3326 3703 3.2
3330 2493 5.4
3330 2510 1.8
3332 1988 1.6
3332 3015 3.8
3333 248 3.0
3333 4755 3.2
3337 2099 5.2
3337 2904 4.6
3343 528 2.2
3343 4475 2.8
3345 1888 4.6
3345 3115 2.6
3346 1032 2.2
3346 3971 1.2
3351 819 3.0
3351 4184 4.0
3352 456 0.8
3352 4547 4.4
3354 2093 6.8
3354 2910 4.6
3356 117 4.0
3356 4886 4.8
3359 1934 6.0
3359 3069 7.0
3360 1431 2.6
3360 3572 1.6
3361 2187 5.0
3361 2816 1.6
3363 658 1.8
3363 4345 3.8
3364 1511 1.8
3364 3492 5.6
3365 722 3.0
3365 4281 5.6
3366 849 2.8
3366 4154 9.0
3367 941 1.8
3367 4062 5.6
3371 742 0.8
3371 4261 5.6
3375 272 2.8
3375 4731 9.0
3379 1897 1.4
3379 3106 4.2
3381 303 0.8
3381 4700 3.2
3384 1819 3.0
3384 3184 2.0
3386 2441 2.6
3386 2562 4.0
3387 2123 0.8
3387 2880 5.2
3388 222 3.0
3388 4781 4.2
3391 1906 4.0
3391 3097 5.6
3394 1721 2.8
3394 3282 4.0
3395 2235 4.6
3395 2768 6.8
3396 2073 3.2
3396 2930 2.6
3397 1995 8.8
3397 3008 4.0
3403 619 1.2
3403 4384 9.0
3404 2370 1.4
3404 2633 1.4
3407 336 3.0
3407 4667 4.2
3408 925 2.8
3408 4078 1.8
3410 454 2.4
3410 4549 6.6
3411 2056 7.0
3411 2947 4.8
3413 871 2.6
3413 4132 2.4
3414 1478 4.0
3414 3525 5.0
3415 1887 1.4
3415 3116 2.2
3417 454 1.4
3417 4549 1.6
3418 493 3.0
3418 4510 6.2
3419 725 2.8
3419 4278 6.4
3420 2418 9.0
3420 2585 1.6
3421 1901 4.6
3421 3102 6.8
3425 2078 9.0
3425 2925 8.0
3426 1834 4.0
3426 3169 4.2
3427 351 5.0
3427 4652 4.8
3428 775 3.6
3428 4228 9.0
3429 467 1.0
3429 4536 3.2
3431 6 1.8
3431 4997 6.6
3432 2213 5.6
3432 2790 6.8
3433 678 3.0
3433 4325 9.0
3436 1833 4.0
3436 3170 4.0
3439 1445 1.8
3439 3558 5.8
3441 2434 3.0
3441 2569 3.0
3442 1641 5.2
3442 3362 4.8
3447 2337 6.4
3447 2666 3.8
3452 2473 3.0
3452 2530 1.6
3453 1616 2.6
3453 3387 2.0
3457 2456 3.8
3457 2547 3.8
3463 305 5.4
3463 4698 4.4
3464 2272 0.8
3464 2731 5.2
3465 275 1.8
3465 4728 4.6
3467 1893 6.8
3467 3110 4.6
3468 213 2.2
3468 4790 4.6
3469 1747 3.6
3469 3256 6.8
3470 1316 2.8
3470 3687 9.0
3471 2042 6.4
3471 2961 4.4
3472 1340 4.0
3472 3663 4.2
3473 2191 2.8
3473 2812 2.6
3474 402 2.6
3474 4601 3.8
3477 2118 4.0
3477 2885 4.0
3478 1379 1.2
3478 3624 2.8
3479 1814 3.8
3479 3189 3.2
3481 882 6.4
3481 4121 5.0
3484 971 4.8
3484 4032 9.0
3489 1961 1.8
3489 3042 5.0
3492 2442 2.8
3492 2561 2.4
3493 425 2.4
3493 4578 1.6
3497 134 3.0
3497 4869 9.0
3503 1683 3.0
3503 3320 2.4
3504 1841 6.6
3504 3162 4.6
3509 1764 4.8
3509 3239 9.0
3513 1438 8.8
3513 3565 3.8
3515 2430 1.8
3515 2573 5.4
3517 309 2.4
3517 4694 4.4
3522 760 3.8
3522 4243 9.0
3523 345 1.2
3523 4658 4.6
3524 563 4.8
3524 4440 4.0
3525 759 0.4
3525 4244 5.6
3527 850 9.0
3527 4153 9.0
3530 2132 2.6
3530 2871 4.4
3531 824 2.0
3531 4179 3.2
3533 184 4.6
3533 4819 4.4
3536 2238 4.6
3536 2765 2.4
3540 778 3.6
3540 4225 2.8
3541 279 2.6
3541 4724 4.8
3542 455 4.8
3542 4548 9.0
3543 650 4.0
3543 4353 6.6
3545 41 2.6
3545 4962 2.4
3546 202 2.4
3546 4801 7.8
3549 1291 3.6
3549 3712 1.6
3550 1699 1.6
3550 3304 4.0
3552 46 1.8
3552 4957 4.6
3553 265 4.0
3553 4738 9.0
3554 1924 3.0
3554 3079 7.6
3555 354 4.0
3555 4649 6.6
3556 2375 0.6
3556 2628 5.6
3558 1941 4.0
3558 3062 4.2
3559 341 7.0
3559 4662 4.2
3560 1871 2.0
3560 3132 5.4
3561 427 4.4
3561 4576 4.6
3562 1673 4.8
3562 3330 3.2
3564 80 1.0
3564 4923 3.2
3566 2302 4.8
3566 2701 4.8
3569 1087 3.6
3569 3916 6.6
3570 1270 3.0
3570 3733 4.0
3573 528 4.0
3573 4475 4.8
3576 351 2.2
3576 4652 2.2
3577 338 3.2
3577 4665 4.6
3579 553 0.8
3579 4450 2.8
3580 1881 1.4
3580 3122 4.0
3584 786 3.8
3584 4217 7.0
3585 1285 9.0
3585 3718 5.4
3586 474 4.0
3586 4529 5.8
3589 2429 1.8
3589 2574 1.2
3594 2004 2.8
3594 2999 3.0
3596 2027 4.0
3596 2976 1.8
3598 2407 2.8
3598 2596 8.8
3599 1458 1.6
3599 3545 5.8
3600 917 2.8
3600 4086 9.0
3601 1466 6.2
3601 3537 7.0
3604 70 2.6
3604 4933 5.0
3607 2301 3.6
3607 2702 5.0
3614 1726 6.6
3614 3277 4.6
3617 2456 9.0
3617 2547 1.4
3618 2452 4.2
3618 2551 2.4
3619 1359 4.0
3619 3644 2.6
3620 707 0.8
3620 4296 3.6
3622 1670 3.0
3622 3333 4.8
3625 119 3.2
3625 4884 9.0
3627 2448 4.8
3627 2555 5.8
3630 2471 4.4
3630 2532 3.6
3635 1364 3.0
3635 3639 7.0
3637 1175 4.0
3637 3828 6.6
3639 1174 3.0
3639 3829 9.0
3640 1563 2.8
3640 3440 1.2
3642 10 2.4
3642 4993 4.6
3647 1812 4.6
3647 3191 4.0
3648 292 3.0
3648 4711 4.4
3649 77 4.8
3649 4926 9.0
3650 827 1.8
3650 4176 4.6
3651 410 1.4
3651 4593 1.8
3652 2029 1.2
3652 2974 4.8
3655 1517 2.6
3655 3486 1.8
3656 281 2.6
3656 4722 3.0
3657 2281 0.6
3657 2722 7.8
3665 1341 3.2
3665 3662 4.4
3671 1697 9.0
3671 3306 4.4
3672 392 2.2
3672 4611 4.2
3673 78 3.0
3673 4925 9.0
3675 879 1.8
3675 4124 5.6
3677 798 3.8
3677 4205 2.8
3679 724 2.8
3679 4279 5.4
3680 2435 9.0
3680 2568 2.2
3682 2135 1.8
3682 2868 7.8
3683 2206 9.0
3683 2797 4.2
3688 579 8.6
3688 4424 9.0
3689 749 4.2
3689 4254 4.4
3692 846 0.8
3692 4157 3.2
3693 2110 2.0
3693 2893 1.6
3694 1585 5.4
3694 3418 7.0
3695 1241 1.8
3695 3762 2.4
3697 1971 6.8
3697 3032 3.8
3698 859 3.0
3698 4144 4.4
3702 345 3.8
3702 4658 4.4
3703 2385 6.6
3703 2618 4.0
3707 1553 4.4
3707 3450 2.4
3711 1248 5.6
3711 3755 3.8
3713 1143 4.4
3713 3860 2.4
3715 411 4.2
3715 4592 4.6
3716 1859 2.6
3716 3144 3.0
3717 78 3.2
3717 4925 7.6
3718 2238 9.0
3718 2765 2.6
3719 218 0.8
3719 4785 3.0
3720 719 3.8
3720 4284 3.2
3721 1934 0.8
3721 3069 7.6
3722 792 4.4
3722 4211 4.8
3723 662 402.8
3723 4341 6.6
3725 789 9.2
3725 4214 6.8
3726 2304 1.8
3726 2699 5.4
3730 1550 9.0
3730 3453 7.2
3731 1154 4.4
3731 3849 9.0
3734 1277 4.0
3734 3726 4.0
3735 1810 4.0
3735 3193 4.8
3737 10 2.2
3737 4993 4.6
3739 2362 4.8
3739 2641 4.2
3742 1876 4.6
3742 3127 9.0
3743 1574 4.0
3743 3429 4.8
3745 202 5.0
3745 4801 4.4
3747 1973 2.6
3747 3030 2.4
3749 1342 6.2
3749 3661 4.8
3750 1293 4.0
3750 3710 4.8
3754 68 2.6
3754 4935 5.4
3755 639 1.6
3755 4364 5.0
3757 2064 3.2
3757 2939 4.6
3758 1206 6.6
3758 3797 2.4
3759 2161 3.0
3759 2842 4.6
3760 2418 4.8
3760 2585 3.4
3762 1358 0.4
3762 3645 0.8
3763 963 0.8
3763 4040 1.6
3764 573 2.4
3764 4430 4.2
3765 179 1.4
3765 4824 4.4
3767 112 2.0
3767 4891 5.8
3769 891 5.0
3769 4112 6.8
3771 2034 9.0
3771 2969 4.8
3772 904 3.8
3772 4099 9.0
3774 1086 3.0
3774 3917 3.6
3779 1955 8.6
3779 3048 4.6
3781 1468 0.8
3781 3535 3.0
3783 1735 2.2
3783 3268 6.2
3788 1136 1.8
3788 3867 5.0
3789 1707 7.0
3789 3296 5.6
3791 2039 2.4
3791 2964 4.4
3792 855 4.4
3792 4148 6.6
3793 578 1.6
3793 4425 6.6
3795 774 3.0
3795 4229 1.4
3796 775 0.8
3796 4228 5.6
3797 186 2.8
3797 4817 9.0
3799 402 4.0
3799 4601 6.8
3801 1771 2.8
3801 3232 4.0
3805 65 2.6
3805 4938 4.2
3807 1827 2.8
3807 3176 8.0
3808 1295 1.8
3808 3708 1.2
3810 1744 4.6
3810 3259 3.8
3813 1608 3.0
3813 3395 4.8
3815 2430 4.8
3815 2573 3.2
3819 1820 1.8
3819 3183 2.2
3820 324 1.8
3820 4679 4.6
3821 550 1.8
3821 4453 8.8
3822 805 6.8
3822 4198 6.4
3829 1410 3.0
3829 3593 9.0
3830 2268 4.0
3830 2735 4.4
3832 1739 2.6
3832 3264 2.2
3835 1353 7.0
3835 3650 8.8
3836 389 1.8
3836 4614 4.2
3837 1040 1.2
3837 3963 2.6
3838 117 2.2
3838 4886 5.2
3840 1315 2.2
3840 3688 5.8
3842 1882 6.6
3842 3121 0.8
3843 1896 1.4
3843 3107 9.0
3845 328 4.0
3845 4675 4.4
3846 1693 4.6
3846 3310 4.4
3847 2003 3.4
3847 3000 4.4
3848 1742 4.0
3848 3261 1.4
3855 2402 3.4
3855 2601 4.6
3857 1310 2.4
3857 3693 5.4
3858 171 1.8
3858 4832 9.0
3859 526 3.8
3859 4477 4.6
3862 1976 4.0
3862 3027 9.0
3863 2357 1.4
3863 2646 4.6
3864 752 3.0
3864 4251 9.0
3865 2490 5.8
3865 2513 2.4
3866 645 3.2
3866 4358 9.0
3871 1545 4.0
3871 3458 9.0
3872 620 1.8
3872 4383 7.6
3873 708 3.2
3873 4295 5.4
3874 2247 7.0
3874 2756 6.6
3876 266 2.4
3876 4737 2.8
3879 412 3.4
3879 4591 5.4
3880 1259 5.0
3880 3744 9.0
3881 83 4.0
3881 4920 4.2
3888 404 1.6
3888 4599 2.8
3889 1354 2.6
3889 3649 0.8
3891 1959 3.0
3891 3044 4.6
3894 2153 7.0
3894 2850 4.0
3895 1264 3.2
3895 3739 6.8
3898 171 401.4
3898 4832 5.6
3899 531 3.6
3899 4472 4.8
3901 1385 2.2
3901 3618 4.0
3902 2409 9.0
3902 2594 4.0
3903 77 4.0
3903 4926 4.4
3904 388 2.0
3904 4615 3.2
3907 360 3.4
3907 4643 2.4
3908 2421 4.0
3908 2582 1.8
3909 441 1.6
3909 4562 4.8
3910 608 4.0
3910 4395 4.8
3911 2338 3.6
3911 2665 5.0
3913 1287 4.0
3913 3716 1.8
3915 626 3.8
3915 4377 7.8
3916 1769 1.8
3916 3234 7.8
3923 1838 4.0
3923 3165 1.8
3924 1894 2.4
3924 3109 7.8
3927 2420 1.8
3927 2583 3.6
3928 978 4.0
3928 4025 5.8
3929 150 2.2
3929 4853 2.6
3930 2264 2.8
3930 2739 3.0
3932 60 2.8
3932 4943 7.6
3941 28 1.6
3941 4975 4.6
3942 399 3.2
3942 4604 4.2
3943 1621 2.4
3943 3382 2.6
3944 753 1.6
3944 4250 6.4
3948 1211 1.2
3948 3792 4.8
3949 2444 6.4
3949 2559 5.4
3950 1176 5.6
3950 3827 1.6
3952 153 2.2
3952 4850 4.8
3954 1162 2.0
3954 3841 4.0
3958 190 3.4
3958 4813 2.8
3959 1587 4.4
3959 3416 6.4
3960 563 1.8
3960 4440 6.8
3962 250 4.0
3962 4753 6.6
3963 2131 0.0
3963 2872 1.6
3965 687 3.8
3965 4316 8.0
3966 253 3.6
3966 4750 2.2
3968 1636 3.4
3968 3367 9.0
3969 842 1.4
3969 4161 6.6
3972 1278 1.6
3972 3725 6.8
3976 1987 2.8
3976 3016 4.0
3978 639 4.8
3978 4364 204.2
3980 1711 0.8
3980 3292 1.4
3981 1003 4.0
3981 4000 6.4
3984 730 9.6
3984 4273 4.4
3986 2478 2.4
3986 2525 4.4
3988 2482 4.8
3988 2521 2.8
3989 1004 6.0
3989 3999 4.6
3990 1161 5.4
3990 3842 4.0
3991 2268 4.0
3991 2735 1.6
3994 742 1.6
3994 4261 7.0
3999 2427 1.8
3999 2576 5.4
4000 1415 3.0
4000 3588 9.2
4001 1903 1.8
4001 3100 7.8
4002 107 3.2
4002 4896 4.6
4005 646 2.2
4005 4357 5.4
4007 1623 4.8
4007 3380 4.8
4008 352 2.8
4008 4651 6.6
4009 1109 2.6
4009 3894 6.6
4013 437 3.4
4013 4566 9.0
4014 2301 3.8
4014 2702 1.0
4016 600 5.0
4016 4403 9.0
4018 1907 2.8
4018 3096 3.8
4019 1850 4.6
4019 3153 4.8
4023 2363 6.8
4023 2640 4.8
4025 594 2.4
4025 4409 2.8
4026 350 3.8
4026 4653 4.4
4027 1045 2.2
4027 3958 3.6
4028 1715 2.2
4028 3288 4.8
4031 1533 2.0
4031 3470 7.6
4037 1517 1.0
4037 3486 1.2
4039 2197 1.6
4039 2806 0.8
4041 2348 3.8
4041 2655 4.0
4042 1590 1.0
4042 3413 2.6
4044 1833 0.8
4044 3170 4.2
4046 1462 1.2
4046 3541 4.8
4048 2201 1.8
4048 2802 5.6
4049 940 2.8
4049 4063 4.0
4051 1251 3.0
4051 3752 2.0
4053 85 1.8
4053 4918 4.2
4054 1114 1.8
4054 3889 3.2
4056 1933 1.4
4056 3070 0.2
4058 340 2.6
4058 4663 4.8
4059 13 2.0
4059 4990 5.6
4060 1851 9.0
4060 3152 4.8
4061 2254 4.8
4061 2749 7.0
4062 12 2.8
4062 4991 7.6
4068 564 3.4
4068 4439 3.4
4069 2267 4.4
4069 2736 4.0
4070 2181 1.6
4070 2822 4.6
4071 1184 6.4
4071 3819 1.8
4073 183 2.8
4073 4820 4.6
4076 1330 4.0
4076 3673 4.4
4077 1563 1.6
4077 3440 1.4
4078 800 201.6
4078 4203 1.6
4086 347 2.0
4086 4656 6.8
4088 356 2.8
4088 4647 9.0
4089 809 1.6
4089 4194 4.2
4091 2466 1.8
4091 2537 1.6
4092 1371 2.6
4092 3632 0.0
4093 2261 4.4
4093 2742 1.2
4096 2081 3.0
4096 2922 9.0
4097 634 5.6
4097 4369 4.6
4100 1973 1.2
4100 3030 6.8
4102 2173 7.8
4102 2830 6.6
4103 213 3.4
4103 4790 4.8
4105 795 4.4
4105 4208 2.8
4106 743 3.4
4106 4260 6.6
4107 1165 0.6
4107 3838 1.2
4108 530 1.8
4108 4473 4.0
4109 583 4.6
4109 4420 4.2
4113 2475 2.6
4113 2528 6.8
4114 2104 4.0
4114 2899 5.6
4115 1052 6.2
4115 3951 4.8
4117 352 2.8
4117 4651 4.2
4118 2073 1.8
4118 2930 4.2
4121 1018 1.8
4121 3985 6.6
4123 2018 0.6
4123 2985 5.6
4126 1256 3.0
4126 3747 6.4
4127 933 2.0
4127 4070 7.6
4129 1982 7.0
4129 3021 7.0
4130 1999 2.6
4130 3004 3.2
4131 769 3.6
4131 4234 4.8
4132 2052 3.6
4132 2951 1.8
4135 1528 9.2
4135 3475 9.0
4138 1534 4.0
4138 3469 7.0
4143 1086 3.2
4143 3917 0.8
4147 2325 3.2
4147 2678 4.6
4152 1067 6.8
4152 3936 9.0
4154 292 8.4
4154 4711 4.6
4157 1132 4.2
4157 3871 3.2
4159 2375 4.4
4159 2628 4.2
4161 599 3.2
4161 4404 4.8
4163 1955 3.2
4163 3048 4.8
4169 1115 8.8
4169 3888 1.4
4173 96 3.0
4173 4907 4.8
4174 1083 4.6
4174 3920 5.6
4176 2457 5.8
4176 2546 4.2
4178 689 4.6
4178 4314 9.0
4180 785 4.6
4180 4218 9.2
4182 989 3.0
4182 4014 6.6
4184 552 4.6
4184 4451 6.0
4185 365 3.4
4185 4638 6.6
4188 1998 0.6
4188 3005 0.6
4189 1183 1.6
4189 3820 4.4
4191 2113 1.8
4191 2890 2.0
4192 1794 2.4
4192 3209 9.0
4195 225 3.8
4195 4778 6.4
4198 2432 2.0
4198 2571 205.2
4199 1457 2.6
4199 3546 4.8
4200 760 2.2
4200 4243 2.6
4201 902 2.0
4201 4101 3.4
4202 620 2.0
4202 4383 3.4
4207 2466 2.4
4207 2537 1.6
4209 86 4.0
4209 4917 9.0
4211 2457 4.2
4211 2546 1.6
4213 1219 4.0
4213 3784 8.2
4215 1549 3.8
4215 3454 5.0
4216 269 2.8
4216 4734 3.0
4218 610 2.0
4218 4393 9.0
4219 110 1.8
4219 4893 5.0
4222 1273 8.0
4222 3730 6.2
4225 1327 2.0
4225 3676 4.6
4227 9 2.4
4227 4994 2.2
4229 1506 2.6
4229 3497 4.0
4231 700 5.0
4231 4303 5.0
4232 1100 4.0
4232 3903 1.8
4233 758 3.2
4233 4245 0.8
4234 1642 3.4
4234 3361 6.2
4235 1030 3.4
4235 3973 4.4
4236 1812 2.2
4236 3191 3.6
4241 1212 2.4
4241 3791 4.4
4242 753 2.0
4242 4250 2.0
4243 1923 1.0
4243 3080 3.2
4248 1917 4.8
4248 3086 4.2
4251 211 1.8
4251 4792 9.2
4252 2324 4.0
4252 2679 5.0
4253 779 2.2
4253 4224 2.4
4260 850 1.8
4260 4153 3.8
4265 1526 4.4
4265 3477 5.8
4266 2093 2.0
4266 2910 1.8
4268 1372 1.8
4268 3631 3.8
4269 137 1.2
4269 4866 8.0
4272 1098 4.4
4272 3905 7.0
4273 2385 5.0
4273 2618 2.8
4275 2101 7.0
4275 2902 4.0
4278 1051 3.8
4278 3952 4.2
4280 46 4.0
4280 4957 4.0
4281 1043 1.8
4281 3960 1.4
4282 1288 7.2
4282 3715 5.0
4284 2486 3.2
4284 2517 4.2
4290 94 1.8
4290 4909 7.2
4294 2071 9.2
4294 2932 3.2
4297 2086 2.8
4297 2917 1.8
4301 805 7.4
4301 4198 9.0
4302 688 3.0
4302 4315 7.2
4303 2294 3.6
4303 2709 4.8
4304 146 3.2
4304 4857 8.0
4307 650 4.2
4307 4353 4.2
4308 166 1.4
4308 4837 9.2
4309 1456 3.4
4309 3547 9.4
4310 2303 9.2
4310 2700 4.8
4312 1909 3.4
4312 3094 2.6
4315 1829 3.6
4315 3174 0.8
4317 1765 2.2
4317 3238 4.2
4322 1236 5.0
4322 3767 7.8
4324 360 4.6
4324 4643 6.6
4326 2361 0.2
4326 2642 2.8
4331 1889 4.0
4331 3114 2.4
4336 2330 3.6
4336 2673 4.4
4337 397 3.8
4337 4606 4.8
4338 625 4.0
4338 4378 4.4
4339 1323 4.2
4339 3680 3.2
4340 1712 5.0
4340 3291 5.2
4342 1228 7.4
4342 3775 4.6
4343 656 1.2
4343 4347 6.0
4344 1951 0.8
4344 3052 202.0
4345 1179 2.8
4345 3824 3.8
4347 2146 3.6
4347 2857 4.6
4349 464 2.8
4349 4539 2.8
4350 1662 5.2
4350 3341 2.6
4351 110 2.6
4351 4893 2.0
4354 1478 7.0
4354 3525 6.6
4355 1247 4.2
4355 3756 3.6
4357 1525 1.4
4357 3478 4.6
4359 494 3.0
4359 4509 5.0
4360 309 5.4
4360 4694 4.0
4361 1290 3.2
4361 3713 9.0
4363 876 2.0
4363 4127 4.0
4364 1212 5.4
4364 3791 8.0
4367 842 3.4
4367 4161 9.0
4368 1269 3.4
4368 3734 9.0
4370 1696 2.8
4370 3307 9.4
4371 624 1.6
4371 4379 8.8
4373 2327 2.2
4373 2676 1.8
4375 2448 6.8
4375 2555 4.0
4376 529 3.0
4376 4474 5.0
4378 886 3.4
4378 4117 2.4
4379 815 4.8
4379 4188 5.0
4380 1583 7.0
4380 3420 5.2
4381 1361 4.8
4381 3642 4.4
4383 2390 2.4
4383 2613 3.2
4387 1899 4.4
4387 3104 5.2
4391 1368 9.2
4391 3635 5.0
4393 1669 2.4
4393 3334 3.2
4395 1454 6.6
4395 3549 0.6
4397 1667 2.0
4397 3336 5.2
4399 2473 4.8
4399 2530 4.8
4400 373 1.8
4400 4630 7.2
4401 132 2.2
4401 4871 9.6
4404 506 4.0
4404 4497 4.6
4405 889 9.2
4405 4114 2.2
4408 1054 2.0
4408 3949 8.2
4411 1871 4.8
4411 3132 6.8
4413 422 4.2
4413 4581 9.0
4418 1433 4.8
4418 3570 4.6
4420 357 1.4
4420 4646 7.6
4421 755 2.0
4421 4248 9.6
4423 1725 9.0
4423 3278 5.4
4424 189 2.0
4424 4814 4.4
4425 1480 4.8
4425 3523 4.2
4427 852 1.8
4427 4151 5.6
4429 780 2.0
4429 4223 9.4
4430 119 2.8
4430 4884 9.6
4434 863 3.4
4434 4140 4.4
4438 735 1.0
4438 4268 3.6
4440 320 3.4
4440 4683 9.4
4441 1574 5.6
4441 3429 5.6
4443 586 4.8
4443 4417 4.4
4444 2399 0.2
4444 2604 2.6
4446 411 2.0
4446 4592 5.6
4451 483 3.2
4451 4520 9.4
4452 949 4.8
4452 4054 4.6
4453 1017 7.0
4453 3986 4.8
4456 2150 3.6
4456 2853 1.8
4458 1055 3.6
4458 3948 208.2
4461 1622 2.8
4461 3381 4.2
4462 116 1.4
4462 4887 5.2
4464 976 3.8
4464 4027 4.6
4465 2488 7.2
4465 2515 7.0
4466 1356 1.0
4466 3647 6.0
4469 1117 2.2
4469 3886 9.4
4473 801 4.4
4473 4202 4.8
4475 1761 3.0
4475 3242 4.4
4476 2370 1.8
4476 2633 2.4
4477 412 3.8
4477 4591 7.0
4478 862 3.0
4478 4141 4.4
4479 1888 8.6
4479 3115 7.0
4481 2191 2.4
4481 2812 3.6
4482 195 4.2
4482 4808 4.4
4484 2411 3.2
4484 2592 4.0
4485 2090 5.0
4485 2913 4.4
4486 1735 3.0
4486 3268 2.6
4488 2 4.0
4488 5001 9.4
4489 2009 2.8
4489 2994 3.0
4492 1462 4.0
4492 3541 7.2
4493 1328 4.2
4493 3675 2.0
4496 2337 6.4
4496 2666 4.8
4498 473 3.0
4498 4530 5.2
4499 319 4.6
4499 4684 7.0
4502 445 1.2
4502 4558 7.8
4505 1385 4.6
4505 3618 9.4
4508 1127 4.6
4508 3876 4.6
4510 2216 7.4
4510 2787 0.0
4511 300 3.2
4511 4703 5.2
4512 1525 4.0
4512 3478 4.4
4513 936 1.2
4513 4067 4.0
4515 608 2.8
4515 4395 6.8
4516 1612 8.6
4516 3391 4.8
4521 1295 2.0
4521 3708 1.0
4522 443 1.8
4522 4560 7.6
4526 1513 1.2
4526 3490 9.8
4527 651 3.0
4527 4352 4.6
4528 38 1.8
4528 4965 4.6
4529 2246 4.8
4529 2757 4.6
4536 343 2.8
4536 4660 5.2
4538 2013 1.6
4538 2990 1.8
4539 1901 1.4
4539 3102 3.8
4545 600 5.2
4545 4403 9.2
4546 1609 3.8
4546 3394 1.4
4549 169 4.2
4549 4834 5.0
4551 1249 1.4
4551 3754 4.4
4552 174 3.0
4552 4829 10.0
4553 982 5.0
4553 4021 5.2
4554 1229 5.6
4554 3774 9.4
4556 2075 1.6
4556 2928 3.2
4557 1359 2.2
4557 3644 6.6
4559 115 2.8
4559 4888 7.2
4560 1518 7.2
4560 3485 4.8
4564 660 4.0
4564 4343 5.4
4565 192 1.8
4565 4811 4.8
4566 1585 1.4
4566 3418 1.6
4568 1532 2.6
4568 3471 8.6
4569 1501 4.6
4569 3502 6.8
4570 9 0.8
4570 4994 5.2
4574 2310 4.0
4574 2693 3.0
4578 1771 2.4
4578 3232 1.4
4579 2305 4.6
4579 2698 2.0
4580 684 2.2
4580 4319 7.8
4582 2220 2.2
4582 2783 5.0
4583 2211 4.0
4583 2792 6.8
4589 717 3.8
4589 4286 5.4
4590 798 3.6
4590 4205 2.8
4593 1353 5.4
4593 3650 4.8
4594 1872 3.8
4594 3131 7.4
4595 2000 4.6
4595 3003 2.2
4596 2248 6.0
4596 2755 6.0
4597 161 2.0
4597 4842 2.6
4598 1485 7.0
4598 3518 7.4
4601 478 5.2
4601 4525 7.0
4602 1701 9.4
4602 3302 2.4
4603 730 2.8
4603 4273 10.0
4604 516 4.0
4604 4487 4.4
4605 427 2.0
4605 4576 4.8
4606 668 9.0
4606 4335 4.6
4608 420 6.8
4608 4583 7.6
4610 335 3.4
4610 4668 5.2
4612 473 3.4
4612 4530 6.2
4613 739 5.0
4613 4264 4.6
4614 1499 1.2
4614 3504 3.4
4616 1142 1.2
4616 3861 5.0
4617 2498 9.2
4617 2505 9.6
4618 2300 7.0
4618 2703 4.4
4619 1894 5.0
4619 3109 4.0
4620 1881 4.8
4620 3122 9.6
4623 831 2.0
4623 4172 6.2
4626 1204 4.0
4626 3799 5.4
4627 298 2.0
4627 4705 7.0
4628 1780 1.6
4628 3223 2.8
4631 2496 7.0
4631 2507 3.8
4632 1310 2.0
4632 3693 3.6
4633 1016 4.8
4633 3987 9.0
4634 601 2.0
4634 4402 4.6
4637 1370 3.6
4637 3633 5.8
4639 1502 9.4
4639 3501 4.8
4641 1175 4.8
4641 3828 4.4
4643 2360 9.2
4643 2643 1.6
4644 298 2.0
4644 4705 7.0
4645 809 2.2
4645 4194 5.8
4646 1526 1.6
4646 3477 5.2
4649 138 4.2
4649 4865 6.0
4651 1861 6.8
4651 3142 3.8
4654 267 2.4
4654 4736 3.4
4657 132 3.2
4657 4871 4.8
4658 1312 0.8
4658 3691 3.4
4660 2441 3.0
4660 2562 7.4
4663 1666 2.6
4663 3337 6.4
4664 1056 2.4
4664 3947 7.2
4665 2372 1.0
4665 2631 3.8
4668 1392 5.4
4668 3611 5.4
4672 80 3.4
4672 4923 7.6
4673 468 4.8
4673 4535 3.8
4678 963 2.0
4678 4040 0.8
4679 1328 2.2
4679 3675 5.4
4680 887 7.0
4680 4116 4.0
4682 1088 1.0
4682 3915 3.8
4683 145 5.4
4683 4858 9.8
4685 1838 2.0
4685 3165 4.6
4687 446 1.4
4687 4557 7.2
4688 1376 2.2
4688 3627 3.4
4689 2369 5.0
4689 2634 9.4
4690 1554 4.6
4690 3449 4.0
4692 149 3.4
4692 4854 4.8
4693 2379 2.4
4693 2624 9.4
4694 116 3.0
4694 4887 5.2
4695 2369 4.4
4695 2634 3.0
4696 856 4.8
4696 4147 5.0
4697 977 4.4
4697 4026 9.6
4700 1144 202.0
4700 3859 4.8
4701 1739 2.0
4701 3264 4.6
4703 1545 5.0
4703 3458 5.4
4704 1229 4.6
4704 3774 10.0
4706 1481 1.6
4706 3522 2.8
4707 772 3.4
4707 4231 7.4
4709 2254 1.0
4709 2749 1.6
4712 487 4.0
4712 4516 4.4
4713 2384 2.2
4713 2619 202.6
4715 1103 2.0
4715 3900 4.0
4716 154 4.0
4716 4849 7.0
4717 1870 1.0
4717 3133 1.4
4718 1920 7.2
4718 3083 2.4
4719 826 1.6
4719 4177 5.4
4720 1405 5.4
4720 3598 7.2
4722 570 3.0
4722 4433 9.8
4723 175 4.0
4723 4828 6.8
4724 469 3.2
4724 4534 9.8
4725 450 1.2
4725 4553 5.6
4728 7 1.6
4728 4996 7.2
4730 354 3.6
4730 4649 6.0
4733 2145 7.4
4733 2858 7.4
4734 804 4.0
4734 4199 9.2
4735 879 4.0
4735 4124 1.8
4736 82 4.0
4736 4921 4.6
4738 2228 1.2
4738 2775 5.8
4739 679 4.6
4739 4324 8.8
4740 1051 3.6
4740 3952 5.2
4742 325 4.4
4742 4678 4.6
4745 1604 9.2
4745 3399 6.0
4746 2023 7.2
4746 2980 6.4
4749 1433 4.6
4749 3570 7.4
4750 1983 1.6
4750 3020 4.0
4756 863 3.0
4756 4140 7.6
4757 1392 4.0
4757 3611 4.8
4758 2094 9.0
4758 2909 10.0
4759 107 2.8
4759 4896 5.2
4762 1724 6.2
4762 3279 9.2
4763 595 2.4
4763 4408 5.2
4768 2445 4.4
4768 2558 4.6
4769 1785 4.2
4769 3218 4.8
4771 2157 2.2
4771 2846 4.8
4772 1627 5.0
4772 3376 9.4
4773 2305 5.0
4773 2698 7.8
4776 1605 1.6
4776 3398 9.8
4777 1844 2.0
4777 3159 2.6
4778 544 4.2
4778 4459 9.8
4780 712 1.8
4780 4291 2.4
4782 853 3.6
4782 4150 2.4
4784 1459 4.4
4784 3544 3.2
4786 2325 6.6
4786 2678 4.6
4788 335 4.2
4788 4668 9.8
4789 1427 207.4
4789 3576 5.2
4793 1200 2.6
4793 3803 5.0
4794 2186 2.4
4794 2817 6.0
4795 1805 0.8
4795 3198 6.0
4796 752 3.0
4796 4251 5.4
4798 157 2.0
4798 4846 4.8
4799 1082 2.2
4799 3921 3.6
4800 1712 4.4
4800 3291 4.8
4803 1000 7.0
4803 4003 5.2
4804 1468 1.6
4804 3535 5.4
4805 1944 5.0
4805 3059 5.0
4806 1140 3.6
4806 3863 6.0
4808 632 4.2
4808 4371 10.0
4809 1713 4.8
4809 3290 9.8
4810 2365 7.2
4810 2638 3.8
4811 1207 4.6
4811 3796 3.4
4814 1459 6.0
4814 3544 3.2
4815 272 5.0
4815 4731 7.6
4816 299 1.6
4816 4704 2.4
4817 1887 6.4
4817 3116 4.4
4818 2288 7.2
4818 2715 4.8
4819 2295 2.0
4819 2708 4.4
4824 1378 3.6
4824 3625 4.6
4826 181 2.0
4826 4822 5.4
4827 2402 9.8
4827 2601 2.2
4831 1687 1.4
4831 3316 2.2
4834 2404 5.8
4834 2599 7.0
4835 1816 4.6
4835 3187 10.0
4837 404 4.0
4837 4599 4.6
4841 1080 10.0
4841 3923 7.4
4842 1485 4.0
4842 3518 4.8
4843 1865 7.2
4843 3138 1.8
4844 364 3.2
4844 4639 5.2
4847 1047 3.0
4847 3956 5.0
4849 68 4.0
4849 4935 9.6
4850 1599 0.8
4850 3404 1.8
4853 705 1.8
4853 4298 5.4
4855 2157 3.8
4855 2846 2.4
4858 89 1.2
4858 4914 5.6
4859 2382 9.2
4859 2621 9.8
4860 2042 7.6
4860 2961 4.8
4864 2012 5.6
4864 2991 3.2
4866 2230 2.2
4866 2773 1.6
4867 28 3.0
4867 4975 4.6
4869 381 4.0
4869 4622 10.0
4871 1028 2.2
4871 3975 3.2
4872 615 4.0
4872 4388 9.8
4874 1198 4.0
4874 3805 8.6
4878 2394 9.0
4878 2609 5.4
4879 1100 3.0
4879 3903 3.8
4881 0 0.6
4882 1687 1.4
4882 3316 2.4
4883 2394 9.0
4883 2609 4.8
4884 1532 2.0
4884 3471 8.6
4888 2270 3.2
4888 2733 7.4
4889 2024 3.6
4889 2979 7.2
4890 1378 2.4
4890 3625 3.6
4892 1483 7.2
4892 3520 3.6
4896 2090 2.4
4896 2913 3.6
4897 1458 2.4
4897 3545 2.0
4898 1985 3.6
4898 3018 4.2
4900 1990 6.8
4900 3013 7.2
4904 2164 4.6
4904 2839 5.6
4905 2130 7.4
4905 2873 3.6
4908 416 1.6
4908 4587 7.4
4909 1492 2.0
4909 3511 5.8
4912 676 4.2
4912 4327 7.0
4913 2360 7.0
4913 2643 4.6
4914 822 2.0
4914 4181 4.6
4915 2014 2.2
4915 2989 1.4
4917 860 3.0
4917 4143 5.2
4918 2170 3.4
4918 2833 4.0
4919 150 2.8
4919 4853 4.6
4920 196 2.0
4920 4807 4.6
4922 61 2.0
4922 4942 5.4
4924 1707 1.6
4924 3296 7.6
4925 275 2.2
4925 4728 1.2
4929 765 4.2
4929 4238 5.0
4934 163 2.2
4934 4840 2.8
4938 2142 5.8
4938 2861 7.2
4939 2420 3.4
4939 2583 6.8
4940 2050 7.6
4940 2953 2.2
4944 1564 3.2
4944 3439 3.8
4946 308 1.6
4946 4695 3.2
4947 1364 3.2
4947 3639 3.2
4949 1860 2.0
4949 3143 3.2
4954 811 2.0
4954 4192 2.2
4955 930 4.2
4955 4073 2.6
4957 1356 2.4
4957 3647 5.0
4960 993 3.4
4960 4010 4.0
4962 2344 6.8
4962 2659 3.6
4964 1211 1.2
4964 3792 3.6
4965 2164 7.4
4965 2839 7.0
4966 1622 7.6
4966 3381 4.6
4967 2138 4.2
4967 2865 6.4
4969 562 1.0
4969 4441 1.6
4974 936 1.0
4974 4067 4.2
4979 1865 4.8
4979 3138 4.4
4981 738 2.4
4981 4265 4.8
4985 1451 3.2
4985 3552 7.6
4986 1781 5.4
4986 3222 7.4
4988 2001 3.0
4988 3002 9.4
4989 2287 1.8
4989 2716 6.0
4992 1500 3.2
4992 3503 9.4
4994 233 2.0
4994 4770 7.4
4996 2008 3.0
4996 2995 2.0
4998 1866 2.6
4998 3137 7.4
4999 1983 203.6
4999 3020 1.6
5002 0 0.0
