X cord  |  Y cord  |  time[ms]
1 122764 37
3 193933 17
8 117643 17
9 137458 37
10 158601 7
12 186583 26
13 105027 17
14 177609 36
15 193174 17
16 137965 47
17 142593 36
19 166635 26
20 184680 26
22 160708 37
24 190023 16
25 178830 37
26 154287 26
30 131104 27
31 122424 47
32 188383 47
33 154133 17
36 106207 27
41 106808 27
43 146986 7
45 140022 27
47 102241 47
48 180856 17
49 184345 7
50 183164 16
51 163000 36
53 111519 16
54 134582 47
56 172532 27
57 163780 37
58 138109 37
59 125181 17
60 110025 17
67 130277 17
71 107780 47
75 138792 36
76 153873 27
78 103138 27
80 151780 17
81 114538 17
82 151897 17
85 188633 26
88 141068 37
90 109026 28
91 102921 27
94 110882 36
96 119803 36
97 189862 27
99 138337 27
101 154179 26
102 176660 37
106 156537 47
107 150427 27
111 193308 16
112 108411 17
118 166005 26
119 98584 26
121 156907 37
122 193019 2004
125 191445 27
128 160294 17
129 103846 17
130 111662 18
131 191668 17
132 176935 17
134 110587 47
137 192276 16
138 148087 26
140 112601 16
142 146211 17
146 118226 26
147 97967 36
152 190760 18
153 188573 36
155 192465 17
158 173305 16
159 179522 37
160 128875 16
162 151070 26
165 176561 26
167 114401 47
168 123386 27
177 164323 27
178 182702 27
180 143944 17
192 104651 17
193 127025 27
194 127146 27
195 130999 37
196 182173 36
199 165207 37
202 187224 36
203 104231 47
204 175060 36
206 184493 27
210 167905 27
211 158012 27
212 138452 46
215 167725 37
217 112881 25
218 140648 8
219 123123 6
223 164803 47
226 117781 17
228 120623 17
230 118938 28
231 142036 26
233 193282 37
235 136353 37
236 137827 7
237 163293 36
240 166110 26
242 152330 37
243 150824 37
245 147271 47
246 149596 36
247 190184 17
248 151734 17
249 107282 27
251 100154 46
252 152448 17
255 189268 27
258 185884 17
263 144833 27
265 130964 7
266 125648 48
269 172753 27
270 125234 26
272 150847 17
273 176490 37
275 113877 17
276 145316 27
277 140285 7
279 130493 26
282 166259 26
284 117886 37
285 154776 38
288 126038 17
292 165853 17
293 167225 16
294 104979 16
295 139423 27
297 121170 37
299 173018 38
300 115731 27
301 173540 27
303 151053 17
306 157898 37
307 183628 16
309 175904 27
310 148874 27
311 118749 47
312 112061 17
313 145697 27
316 105848 26
318 120279 37
319 172462 17
320 129927 6
324 127382 36
326 184864 17
328 126187 26
330 103975 26
332 129595 26
333 103665 37
335 127974 17
339 103983 28
340 166154 47
342 101006 28
349 178855 17
350 147877 17
352 182799 26
353 169353 26
354 152703 26
359 120278 27
361 118059 36
367 143832 17
369 191966 27
370 156150 27
372 173949 27
373 166095 26
374 132821 36
375 178457 26
379 167091 17
381 159798 46
383 132910 27
385 138485 27
386 127513 37
389 140646 28
390 125454 17
391 134137 16
393 163194 17
395 134520 17
397 148053 7
398 160819 6
401 104249 18
405 102964 37
406 120359 27
407 127001 17
408 161338 17
409 172191 16
410 142615 37
414 102428 27
416 174551 27
423 173016 17
425 145509 36
427 183103 27
428 148058 16
432 139597 26
436 104167 27
437 150052 37
438 101774 47
440 156763 46
442 151873 37
444 177430 47
445 164567 38
447 131125 27
448 173707 47
449 150710 46
451 163812 17
456 169325 37
458 103338 17
461 123282 16
463 133874 7
466 121903 17
469 140232 27
470 157738 17
471 106181 17
472 156797 17
474 157125 47
475 139245 36
476 186490 27
478 151954 36
483 101625 47
484 150142 28
485 155102 28
489 147810 27
491 148937 28
493 123055 36
494 155667 26
495 156943 27
496 166938 17
498 165580 37
499 154748 37
502 97071 26
504 108620 27
505 126756 18
508 140498 26
512 164654 36
515 102382 37
516 134114 27
520 156821 26
522 106282 27
523 99626 26
525 120884 46
526 125982 36
528 146752 38
529 157953 28
530 147122 17
531 155537 17
532 176683 46
534 159176 37
535 127703 36
539 174485 27
540 178589 27
541 191244 28
543 118608 28
545 158304 27
546 147763 27
547 136596 27
549 155935 17
550 166508 26
558 116224 27
562 190848 27
565 99070 17
572 134634 36
573 174768 27
574 189338 37
575 101307 17
576 136258 17
577 163035 26
578 139029 27
579 186162 8
580 108636 27
582 173973 47
584 180202 37
585 191724 47
588 138286 6
589 100334 37
590 193500 17
593 192111 37
594 150578 17
595 132466 38
596 124757 47
598 178075 7
600 191269 38
602 131146 27
603 161334 27
604 128159 27
606 161168 26
609 181564 17
611 137420 36
613 106542 37
614 176971 47
616 176594 17
619 98021 17
621 183547 37
622 105538 26
624 181430 37
625 105436 26
626 131948 37
627 174814 16
634 148247 16
638 101347 37
639 134025 38
641 137160 47
642 175790 36
644 158521 37
646 132973 27
648 148332 37
649 179713 17
652 167140 27
653 114839 27
655 162440 27
656 156298 37
657 162873 26
658 119677 27
661 108851 48
662 176872 37
663 193213 17
664 145250 47
666 173863 36
667 121190 27
668 100673 36
669 135201 8
670 149967 27
671 127980 26
677 108476 27
680 139832 46
681 140094 18
683 108211 27
684 152983 27
686 178459 38
687 156179 26
690 100134 37
693 125260 16
696 107430 16
698 97762 38
700 156440 27
702 137012 38
703 104625 37
705 126080 27
711 167662 7
712 153299 27
714 177304 17
715 166636 7
720 182767 27
721 137579 7
725 191653 18
727 180985 27
728 168395 27
731 147206 17
732 142400 7
733 129467 26
737 114189 37
738 124948 17
739 102639 6
740 106427 17
743 149624 37
744 172484 26
745 105698 27
750 162264 26
751 141146 47
757 142501 26
758 120195 16
760 120690 27
763 119747 17
764 155703 17
769 162865 27
770 157049 36
771 164783 27
772 182193 37
773 186748 36
774 133974 47
775 131871 36
777 132506 28
778 111916 27
781 173011 18
786 126817 36
790 160388 17
791 143743 26
792 129197 8
793 109426 26
796 135604 17
798 165647 17
801 166272 17
802 124272 16
803 103510 16
811 163599 27
813 138519 37
814 121587 7
815 100708 26
816 137536 37
817 98656 28
818 144294 48
820 179168 37
821 117314 47
822 139720 27
823 121430 27
825 176588 27
829 144650 37
830 167903 27
833 187752 16
837 125531 36
841 149106 37
843 193904 46
846 136940 26
848 111891 16
849 114420 27
852 187407 36
855 147496 27
858 168722 28
859 100465 47
860 171283 16
864 137603 17
868 175474 47
869 141290 27
871 144109 26
872 155603 17
873 104716 17
874 111173 37
875 137382 37
876 170899 18
877 156333 26
878 132227 28
879 177711 47
881 151957 18
882 159339 17
883 150117 37
884 157656 36
885 144720 18
886 106934 27
887 126502 46
888 147174 17
890 165665 17
891 171195 27
892 184560 16
896 114323 17
898 99286 28
899 143607 36
900 163473 27
903 126470 26
908 113703 16
911 138630 17
917 179057 26
918 136772 26
921 153182 36
922 104586 36
923 189309 37
924 164375 26
926 130939 36
927 175341 17
928 148150 27
929 103242 18
930 192263 28
931 173134 46
932 147784 17
934 158499 47
935 124841 17
936 169190 27
938 120319 36
939 177204 36
941 184931 36
942 165412 16
946 117882 37
947 135818 37
949 169495 37
950 187424 7
955 119346 16
958 134007 16
959 142673 36
960 119458 17
961 179859 37
963 133666 37
964 102308 47
965 118383 16
967 148102 27
968 162085 17
969 114619 7
971 113062 37
974 167009 17
976 156517 17
977 128919 6
981 117067 37
984 101158 17
987 189180 47
988 146085 27
990 143909 37
992 189546 27
993 164665 27
995 119147 37
997 123115 27
999 183976 27
1000 128567 38
1001 184683 17
1006 122227 38
1008 153666 27
1010 140410 47
1012 106331 17
1014 127275 26
1022 150577 28
1024 164689 27
1025 99518 26
1026 147953 37
1033 192881 28
1036 190014 16
1040 147119 37
1041 130240 36
1043 130361 27
1044 107891 17
1045 112167 27
1048 128832 27
1049 179833 38
1050 117704 17
1055 140000 37
1057 192060 37
1058 102034 27
1060 118213 27
1064 178671 7
1068 168655 16
1070 141211 37
1072 145054 38
1073 169392 36
1076 105922 27
1079 177840 27
1082 137113 17
1083 137164 27
1084 145005 18
1086 145886 26
1088 147567 28
1091 140598 47
1092 153545 18
1093 100995 17
1094 136040 17
1095 128795 17
1096 104947 37
1097 122955 47
1098 118050 27
1107 98334 17
1108 97802 27
1109 124215 28
1110 154624 26
1112 191565 26
1113 192842 26
1114 166148 37
1115 170671 17
1118 140896 37
1122 160606 47
1123 182167 17
1125 157150 17
1126 178455 27
1135 117512 28
1136 134526 27
1140 100294 27
1141 182588 26
1146 97187 26
1147 119535 17
1149 129200 18
1151 126318 7
1154 167519 38
1156 184739 26
1157 106004 7
1158 153095 37
1159 116147 7
1162 189511 46
1164 116174 28
1165 128338 27
1166 191020 27
1167 160966 17
1168 104721 7
1170 193680 16
1175 187763 37
1176 121646 7
1178 189905 37
1183 142004 28
1185 103689 37
1187 165049 37
1188 175253 27
1189 182857 16
1191 179346 16
1193 192953 37
1195 170673 17
1198 154374 6
1202 137886 28
1203 125840 17
1204 181104 17
1205 105762 27
1209 120786 28
1213 171811 17
1216 169713 48
1218 135595 27
1219 103859 36
1221 185175 27
1224 123884 36
1229 125491 37
1231 161898 7
1232 182694 48
1233 118563 16
1236 157130 27
1240 134998 37
1241 193529 17
1242 176698 47
1244 155685 46
1248 132807 26
1251 130784 47
1254 179058 28
1255 128948 36
1257 102100 46
1259 167778 37
1261 106205 28
1262 173121 16
1266 153979 17
1267 123909 26
1269 183415 6
1271 149554 16
1273 162715 36
1274 163568 27
1275 166327 27
1276 147830 17
1279 104110 17
1281 167022 27
1282 165077 27
1283 97897 17
1285 141397 17
1288 163164 38
1290 99156 27
1292 121960 8
1293 137151 26
1295 148052 27
1297 105586 28
1302 135564 18
1304 178562 26
1305 171913 16
1307 145892 37
1308 118447 17
1310 155977 17
1312 144508 38
1320 165541 16
1321 131609 27
1322 155428 6
1323 135761 37
1324 127113 47
1325 125330 28
1326 179355 28
1327 118650 6
1331 98131 26
1332 130518 27
1334 170973 27
1335 181678 26
1336 163220 37
1337 192390 27
1338 132219 36
1340 101957 7
1345 178716 26
1346 129222 27
1347 103745 47
1350 144466 27
1352 144630 27
1355 97912 27
1356 96991 27
1357 129888 17
1359 119149 27
1360 171534 18
1361 109532 37
1362 162741 16
1363 148993 37
1364 134988 37
1368 133668 27
1372 114051 37
1373 133072 17
1375 103863 17
1376 183120 47
1382 189114 17
1383 139984 37
1384 114513 27
1385 190737 28
1388 146758 18
1389 156905 17
1391 118973 17
1393 137159 37
1397 172239 36
1399 142594 37
1403 143406 27
1407 152316 38
1409 104497 18
1410 140369 27
1412 125049 38
1413 115733 37
1415 121486 37
1418 151416 16
1420 133740 16
1423 170918 27
1424 144234 26
1425 118932 36
1426 113771 27
1427 133778 28
1431 126709 18
1433 175765 47
1434 105762 37
1435 132083 17
1436 161759 17
1439 189636 26
1445 121960 36
1450 114281 27
1451 191824 37
1453 101330 27
1454 136750 28
1456 155079 17
1457 184318 26
1459 122944 37
1460 168106 26
1463 107978 27
1464 140282 17
1466 106672 18
1467 179806 27
1472 103130 17
1473 118319 37
1474 119089 37
1475 149932 38
1477 145689 6
1478 108551 36
1479 139499 26
1481 118173 47
1482 104432 16
1483 136863 17
1488 128059 26
1492 116934 16
1494 112111 18
1497 161243 27
1499 109583 7
1500 167884 17
1503 114451 6
1506 174447 18
1511 158303 8
1512 149564 27
1513 172528 26
1515 159916 17
1517 162753 37
1520 169551 17
1522 156964 37
1523 124556 17
1526 181228 37
1528 118896 46
1530 182442 17
1531 149585 17
1532 99678 18
1534 140357 27
1539 158765 17
1540 155160 17
1543 174233 27
1544 157067 17
1546 150622 47
1552 105131 27
1560 125343 27
1561 116073 16
1565 131993 26
1566 129108 36
1568 163530 27
1575 112578 37
1580 171497 28
1583 110789 27
1586 192097 27
1591 156267 27
1592 155148 38
1594 107856 48
1595 106243 38
1596 191016 36
1597 163519 36
1598 165851 37
1600 106163 47
1601 101882 27
1603 117005 36
1607 106072 18
1608 141451 37
1609 139601 28
1613 140516 16
1616 171111 37
1618 121985 17
1619 97157 27
1620 183887 47
1621 98580 27
1622 108762 7
1623 140948 27
1624 102264 26
1630 151677 17
1633 193929 26
1634 163924 17
1637 154040 27
1638 149456 27
1640 179393 6
1641 154531 27
1642 107022 27
1643 111574 27
1645 150355 47
1649 117650 26
1650 172001 17
1651 172312 47
1652 120875 37
1654 109953 27
1655 128285 27
1658 185734 48
1660 134735 27
1661 164335 17
1662 185015 18
1667 126866 17
1669 150878 8
1670 191367 27
1671 174955 17
1673 117406 17
1674 120046 18
1675 158831 37
1677 160959 6
1680 160901 27
1681 101183 37
1683 127286 17
1685 109571 27
1687 183984 27
1690 124836 6
1692 112580 37
1693 97565 36
1695 155745 17
1696 110034 18
1697 125583 27
1698 161382 7
1699 155115 37
1706 119276 18
1707 99202 27
1708 186851 17
1710 152577 27
1715 143725 26
1716 182248 26
1718 119389 27
1720 133186 8
1722 103020 37
1723 184755 26
1724 108938 27
1727 164217 27
1729 118963 36
1730 153537 27
1731 157935 17
1732 108572 7
1733 105860 36
1735 142982 8
1737 132084 26
1740 190815 37
1741 107193 37
1744 179587 28
1746 155782 46
1748 178641 27
1749 134801 17
1752 109495 17
1756 128213 37
1758 164987 37
1759 161476 18
1760 149478 7
1763 185459 17
1765 175234 37
1767 161498 7
1770 168846 47
1771 184616 37
1772 178660 37
1773 148257 27
1774 128440 37
1776 167346 37
1779 107719 1003
1783 179179 27
1784 178137 16
1787 108681 37
1788 141380 37
1790 152752 37
1792 172608 17
1793 121133 1004
1796 135273 26
1797 159187 27
1799 164200 37
1800 111662 37
1802 105272 27
1804 96983 16
1806 154248 6
1808 141424 36
1809 144182 27
1810 126945 18
1812 120208 36
1815 100088 26
1824 119425 17
1825 170737 17
1826 127471 36
1829 142248 37
1830 128591 17
1831 103208 27
1832 127977 17
1833 138212 37
1835 113427 16
1837 147755 6
1838 180306 27
1842 191745 27
1844 154656 26
1845 175123 27
1846 159594 26
1847 171124 28
1849 174519 47
1850 148212 37
1851 131051 38
1856 175775 26
1857 158542 17
1858 134921 17
1860 113771 26
1861 183339 27
1862 140469 37
1865 149067 17
1866 135401 37
1867 134798 37
1870 170720 17
1871 111778 27
1872 148035 17
1874 191707 38
1876 123877 38
1880 112660 27
1887 188337 37
1889 112281 8
1891 138649 28
1892 123318 37
1894 163432 16
1896 172137 26
1897 157708 27
1901 136905 7
1905 169799 28
1907 97839 17
1910 98613 27
1914 114297 26
1919 112671 27
1920 169684 26
1921 173770 37
1922 191583 18
1923 189584 36
1924 176351 27
1932 143915 17
1935 113378 26
1937 132850 27
1938 114180 17
1941 107436 27
1943 160372 37
1944 128936 17
1945 165410 18
1948 170948 27
1950 101605 27
1951 108220 17
1952 182713 37
1953 174069 17
1956 165436 37
1960 164508 36
1962 163105 37
1965 101480 16
1966 137109 37
1967 168062 27
1971 182011 27
1974 176763 38
1976 120225 37
1977 136741 7
1978 135259 27
1979 99344 26
1980 168492 17
1981 128123 27
1982 124117 17
1983 178670 26
1985 172428 27
1987 97816 37
1989 185733 16
1994 171679 17
1995 133189 37
1996 106195 37
1999 115824 27
2000 118208 36
2001 164302 16
2002 162265 27
2006 122368 17
2009 135749 17
2010 164312 17
2011 153065 36
2016 176668 37
2017 123698 28
2020 143654 17
2021 137671 38
2022 180754 37
2023 141963 27
2024 185537 27
2028 129423 27
2030 104099 47
2033 144024 17
2039 132270 37
2040 144238 27
2043 189355 27
2044 181085 27
2045 126852 28
2048 179642 27
2049 146445 27
2051 106989 27
2054 148752 7
2058 133150 28
2060 154221 7
2064 187509 17
2065 174915 17
2067 139895 16
2068 120595 27
2070 143539 17
2072 171220 17
2074 122724 17
2075 159280 26
2076 173813 26
2079 131608 7
2081 132152 28
2082 136207 38
2083 108475 27
2084 112089 27
2085 114634 7
2086 167921 36
2087 184143 1003
2088 149488 26
2090 102161 7
2091 116858 8
2093 146267 17
2094 149543 7
2095 191492 17
2097 176924 26
2101 98440 17
2103 135728 28
2111 152537 27
2113 130748 26
2115 150206 28
2117 144840 37
2118 193379 17
2120 110595 17
2121 111667 16
2123 130931 27
2127 150618 27
2128 145427 16
2136 107667 16
2137 188601 26
2139 116699 27
2141 116589 26
2142 184765 28
2147 154337 17
2149 147193 26
2150 128532 37
2151 100299 27
2155 119059 7
2156 190949 18
2158 101889 38
2164 147990 27
2166 109712 27
2167 112926 28
2169 97189 46
2171 136506 17
2174 121370 27
2176 143763 17
2177 169859 27
2180 108004 27
2183 124258 26
2184 172524 47
2188 106060 27
2190 138268 17
2191 188495 28
2192 152860 26
2193 104726 17
2195 137339 26
2196 102267 27
2197 182175 27
2198 189507 16
2199 149399 38
2201 140319 17
2202 171619 48
2203 99668 26
2204 115558 17
2205 146465 26
2206 119182 36
2207 109872 17
2208 193883 26
2209 111610 17
2210 179480 36
2211 124823 17
2213 134939 7
2216 109613 37
2217 192381 27
2219 134831 36
2221 122504 37
2222 120010 28
2226 107929 37
2230 190007 17
2231 146728 38
2232 192887 27
2235 129798 17
2237 166828 17
2238 103322 47
2241 122005 27
2243 176988 8
2244 117161 37
2245 172345 27
2249 189981 28
2251 123938 37
2253 104112 27
2256 136555 37
2257 143182 28
2258 110015 17
2259 129758 17
2260 115949 26
2261 151377 47
2263 142663 37
2264 129349 37
2266 142881 47
2267 186984 26
2268 134071 27
2269 179283 27
2270 158499 18
2271 111292 37
2272 140815 17
2273 179911 39
2274 107301 17
2279 167854 27
2280 163451 26
2281 163064 27
2282 162459 17
2283 110138 28
2287 123949 18
2290 135556 37
2291 138895 27
2293 124717 17
2296 187053 37
2302 170036 17
2306 154308 36
2307 131431 27
2308 130238 28
2310 180904 36
2311 150764 38
2314 119505 6
2315 141812 16
2316 98246 36
2317 175262 28
2322 138849 47
2323 173642 36
2330 179969 17
2331 156521 37
2332 124405 27
2333 155304 48
2334 166178 17
2335 176820 37
2336 167244 27
2342 150327 37
2343 136974 26
2344 104771 47
2348 165904 17
2349 102621 37
2351 124869 27
2352 164746 37
2357 188671 37
2358 104163 47
2363 142593 37
2364 109643 27
2367 99919 26
2368 134931 37
2369 141167 17
2371 108094 26
2374 162001 37
2376 163260 16
2377 150023 37
2379 193664 26
2381 192503 27
2382 102145 27
2384 167097 28
2385 153078 28
2387 173438 18
2388 191041 16
2391 176836 28
2392 179039 28
2393 175238 27
2394 139813 38
2396 148024 27
2397 99213 7
2398 103588 47
2405 131666 47
2407 162364 17
2408 171353 27
2410 114478 37
2414 121602 48
2417 97240 6
2418 119102 46
2419 115815 27
2421 192370 27
2423 192605 17
2424 159603 6
2425 98600 26
2427 149830 26
2432 193108 28
2434 130073 18
2436 106434 16
2439 139962 27
2440 135552 28
2441 154498 18
2442 170710 38
2444 141929 16
2445 164746 16
2454 157689 28
2457 149372 16
2462 115850 17
2463 151176 27
2464 142052 37
2467 129489 18
2468 186132 37
2472 153568 26
2478 179431 27
2480 169394 26
2482 101298 36
2483 150296 27
2487 120681 37
2488 139820 28
2492 189328 28
2495 113370 38
2497 126220 18
2498 185127 7
2499 160922 37
2503 168899 18
2506 163355 37
2507 149944 7
2509 171916 26
2512 98943 17
2516 138490 38
2517 166274 27
2519 135819 38
2524 105633 27
2525 131106 18
2526 115892 17
2528 179240 36
2529 129174 27
2530 107332 27
2532 162286 27
2533 111969 37
2534 101202 26
2536 139240 37
2537 165542 28
2540 181935 27
2542 146382 36
2543 174290 16
2546 151228 37
2547 186941 27
2549 112327 37
2552 124881 27
2553 159824 16
2558 132526 27
2559 147164 27
2563 176169 28
2564 110266 27
2565 128445 37
2567 138333 28
2569 142451 38
2571 161209 26
2572 159575 17
2573 109214 37
2575 123952 16
2576 174911 16
2577 190085 27
2579 101732 46
2582 156750 46
2583 116292 26
2584 123184 47
2586 107336 16
2587 120225 26
2589 119268 47
2599 137787 37
2600 157548 36
2601 169546 46
2602 130852 37
2605 144915 36
2606 177430 17
2609 178558 16
2610 181837 27
2611 167969 17
2613 128516 27
2615 171779 27
2616 100072 16
2620 165782 27
2622 145264 37
2623 179958 27
2625 157002 17
2626 189226 17
2627 181933 37
2632 154715 17
2634 156417 36
2636 149869 28
2637 161542 7
2639 98883 47
2640 117820 37
2641 134587 28
2642 137474 27
2643 101427 47
2644 133613 27
2646 116967 17
2647 189225 27
2648 169939 28
2649 103824 47
2651 179468 28
2652 137021 26
2653 108395 16
2654 112915 37
2656 178809 28
2659 105993 37
2660 139146 26
2661 138447 26
2662 173545 47
2664 186111 37
2668 192248 17
2669 171549 7
2670 173438 17
2671 123408 28
2672 148258 17
2673 175186 38
2674 135780 36
2675 139485 18
2678 191261 37
2684 176837 46
2686 179056 27
2688 118031 48
2689 111240 27
2692 144769 28
2693 100327 37
2694 133533 16
2695 117009 37
2697 99280 37
2698 150398 28
2700 99971 27
2701 108772 27
2704 121726 37
2707 119019 28
2708 154694 27
2709 139584 28
2713 189861 27
2714 131889 36
2716 135727 38
2717 126329 27
2718 131589 27
2721 178893 37
2722 177211 27
2724 145028 27
2725 111922 27
2728 121830 17
2730 162457 36
2732 172667 36
2735 128239 47
2736 168413 27
2737 128491 28
2739 143097 26
2740 123357 37
2743 98056 27
2744 167812 26
2748 119356 38
2751 172608 17
2752 133022 26
2753 131741 7
2756 151141 17
2760 117979 47
2762 110556 17
2764 152723 17
2765 157958 27
2768 191030 37
2770 144168 26
2772 147788 37
2775 127487 27
2780 124073 16
2781 130544 38
2782 112104 17
2783 179089 7
2784 136385 27
2786 120581 7
2789 181581 28
2791 163526 36
2793 172006 37
2794 138417 27
2798 188049 17
2800 187271 47
2801 118999 27
2802 138283 7
2803 142806 27
2805 122793 37
2806 185885 16
2807 99614 27
2808 125130 17
2814 159740 16
2815 109268 27
2816 156187 27
2817 191716 17
2818 113252 16
2819 137054 36
2821 141326 38
2831 99050 38
2833 167868 27
2834 188749 37
2836 158479 27
2840 172591 37
2841 170550 27
2842 160879 46
2843 109766 38
2844 156414 17
2845 187745 28
2848 149369 7
2852 173071 38
2854 107165 27
2856 179837 7
2857 133676 27
2862 187173 27
2864 136849 27
2865 101108 17
2866 162704 37
2867 176642 27
2868 97683 46
2873 192845 17
2877 119435 27
2879 122224 37
2880 163282 17
2884 172654 36
2886 124356 6
2887 181859 46
2888 170485 27
2889 185349 6
2890 193378 16
2891 98335 18
2892 160446 17
2893 134741 17
2894 100677 46
2895 149016 27
2896 183912 37
2897 165195 16
2899 117629 37
2903 140180 28
2904 138180 37
2907 122205 27
2909 131922 17
2910 167386 17
2912 165897 7
2913 147134 27
2914 177938 17
2915 184897 27
2916 185456 37
2919 174328 46
2920 157691 27
2922 100899 17
2923 143289 38
2925 159729 38
2926 138731 27
2927 139288 37
2929 136534 17
2931 153471 17
2932 157862 27
2933 165212 26
2935 128870 27
2938 173005 27
2939 137252 27
2940 104818 17
2943 170349 28
2944 157090 28
2946 133708 28
2948 186130 37
2949 150370 27
2951 161652 37
2952 150350 27
2953 152703 17
2959 163515 37
2960 165565 48
2962 154465 37
2963 184512 27
2965 143157 37
2967 136604 28
2970 189467 37
2972 116767 17
2979 190003 47
2983 154261 28
2985 120864 27
2987 104095 37
2990 170927 48
2994 144366 17
2995 118975 17
2996 112643 17
2997 188676 27
2999 130458 18
3000 167032 47
3002 191460 26
3003 102325 27
3005 174691 28
3008 141073 38
3011 137977 28
3013 147346 17
3014 140089 47
3015 189606 27
3016 183393 47
3017 189253 28
3018 176023 7
3019 140596 7
3020 142476 37
3024 107978 16
3025 171369 17
3029 101595 27
3032 140386 37
3033 150770 26
3034 181629 28
3038 178692 18
3039 163891 36
3040 138469 27
3042 191171 37
3045 148310 6
3048 129608 16
3051 124335 37
3053 124022 48
3054 176730 7
3055 183932 37
3056 113243 27
3059 112341 27
3062 108704 27
3063 173305 27
3064 160891 7
3067 184416 27
3068 189804 27
3070 166435 37
3071 105257 17
3073 179146 2004
3075 158687 6
3076 189015 38
3077 179700 36
3078 129201 37
3080 105599 16
3082 176969 38
3083 161491 27
3085 182220 37
3087 109018 18
3088 186567 27
3089 138747 16
3091 155620 27
3093 162793 7
3094 160966 17
3096 138258 27
3097 119867 17
3098 188727 26
3101 120221 37
3105 103433 37
3110 144046 28
3112 164227 37
3115 150177 38
3116 130348 37
3121 181615 17
3126 162324 48
3127 105014 7
3129 144593 29
3137 167625 17
3140 191632 27
3145 125099 27
3146 113353 27
3147 136305 17
3150 121375 37
3153 188930 37
3154 108753 38
3155 171587 16
3158 97189 6
3159 156955 27
3160 161751 27
3166 174729 37
3167 151138 36
3168 100702 36
3170 114915 26
3174 186487 28
3176 152547 36
3177 123488 27
3178 147480 18
3179 110717 1002
3181 148773 8
3183 173981 27
3186 123859 27
3187 121968 27
3193 98272 38
3194 166700 28
3196 144871 27
3198 98813 26
3199 190074 26
3200 168797 37
3202 98145 37
3203 155831 47
3204 126256 37
3205 132899 18
3206 148142 47
3209 152070 6
3211 193551 27
3212 129157 16
3213 98269 37
3217 130131 7
3219 154491 7
3221 116503 27
3225 121952 16
3226 139320 36
3228 132796 16
3229 120141 37
3231 178776 27
3232 154270 37
3233 139740 27
3234 126225 28
3235 128720 17
3236 120193 28
3237 118245 37
3238 154350 37
3240 150750 18
3242 107247 28
3247 115538 26
3248 115674 27
3249 143359 18
3250 166185 27
3252 131967 37
3254 151703 16
3256 172962 37
3257 151559 37
3258 113767 28
3267 151249 37
3270 122793 17
3271 145189 27
3275 193886 17
3276 115459 27
3277 111360 37
3279 98950 17
3286 141568 47
3290 130701 27
3294 118406 27
3300 131886 27
3302 182897 26
3304 141518 36
3305 119098 27
3306 100291 47
3308 140657 27
3310 174101 37
3312 143582 7
3315 167348 26
3316 103177 17
3317 125284 16
3318 189550 37
3319 138549 17
3323 140957 27
3324 121373 7
3327 135222 17
3330 129415 17
3332 100418 17
3333 140973 27
3334 169793 17
3335 112614 16
3337 158605 16
3338 99810 27
3339 138471 18
3340 150802 26
3344 112882 27
3347 148748 38
3350 139914 26
3352 172796 26
3353 189473 28
3354 163283 16
3355 184819 26
3357 112314 27
3360 137222 27
3363 174697 37
3364 110077 16
3366 136795 16
3367 184683 16
3368 162864 27
3370 112072 37
3374 114350 17
3376 130433 27
3379 109017 37
3383 100801 27
3389 107333 18
3391 122065 47
3393 108565 27
3397 107283 27
3399 175323 36
3402 146897 28
3403 123856 48
3404 144248 6
3407 156623 26
3408 101179 17
3409 186008 7
3410 183685 37
3411 177686 27
3412 141435 27
3414 190268 47
3415 99324 6
3416 155602 47
3418 138964 17
3420 120126 37
3424 139842 17
3426 154020 27
3427 184218 17
3433 99419 47
3435 163352 27
3436 172353 17
3438 111434 27
3441 148970 17
3442 110247 28
3443 127605 37
3445 165932 17
3446 133164 37
3450 183774 37
3451 132419 27
3453 168209 47
3455 124036 27
3457 120143 7
3458 176735 37
3459 133500 17
3462 159367 27
3463 193022 17
3468 139938 27
3469 169553 7
3471 150388 17
3472 180032 27
3473 161375 7
3476 127581 17
3477 160081 46
3479 99682 37
3482 160077 28
3483 146500 37
3484 97252 16
3487 116934 37
3488 136394 26
3489 160047 28
3491 172272 37
3492 181227 37
3494 111835 27
3495 187780 17
3496 108682 28
3497 164421 27
3499 156250 17
3500 131253 27
3502 142497 28
3504 177743 28
3505 171516 28
3506 162614 26
3510 142226 7
3512 167197 27
3513 109014 27
3519 109264 36
3521 106605 37
3524 173060 7
3525 125369 37
3526 163399 16
3527 124349 28
3528 138391 27
3529 191097 18
3534 141030 26
3535 160422 27
3536 151897 46
3541 182022 37
3545 115248 28
3546 119130 26
3549 168395 17
3550 116797 27
3551 115555 16
3554 130669 37
3556 128236 16
3558 101464 27
3564 188892 27
3566 98237 37
3567 191360 17
3568 108520 28
3571 176195 37
3572 97284 37
3573 183488 27
3578 149182 27
3579 101369 1002
3582 142382 38
3585 105539 38
3586 169811 37
3587 122748 38
3589 138643 27
3590 126238 27
3592 149573 37
3593 176176 26
3599 192285 16
3601 191407 17
3603 125227 27
3610 160694 26
3611 141926 36
3614 144596 17
3615 121854 27
3616 179337 27
3618 166777 17
3619 149378 27
3621 115890 28
3622 187998 6
3623 164035 37
3624 193812 26
3625 161142 37
3627 100977 17
3629 136275 17
3633 160957 47
3634 180172 28
3639 123789 27
3642 192685 26
3645 149377 37
3646 133536 27
3653 153869 27
3654 98793 18
3657 128946 37
3660 104678 7
3663 102497 37
3667 188405 17
3669 161565 17
3670 126981 36
3671 125940 18
3673 146752 28
3675 113764 27
3677 163528 37
3683 137084 26
3684 126182 38
3686 165749 7
3687 98465 27
3689 178566 27
3692 132658 27
3694 150688 28
3695 192499 27
3697 166556 38
3699 138936 17
3700 171661 38
3702 136091 37
3704 157605 37
3705 102201 18
3711 176277 27
3712 142317 37
3714 100260 27
3716 164512 37
3718 189988 37
3720 136897 26
3722 147823 16
3726 127571 27
3731 185878 27
3733 112674 16
3735 111675 27
3738 144105 27
3739 175774 37
3740 172724 28
3741 179299 27
3744 124811 28
3746 149740 37
3747 164515 7
3748 163278 37
3749 98587 7
3750 177823 27
3751 164921 8
3753 116694 26
3756 162460 17
3757 109162 27
3759 134284 17
3761 136464 7
3763 151147 28
3765 166166 17
3766 128244 26
3767 182472 26
3768 154726 27
3769 143752 7
3772 137225 38
3773 173509 27
3775 166178 36
3780 122184 47
3783 140820 27
3784 169620 47
3786 100718 17
3787 134697 27
3790 128309 18
3791 141528 27
3792 119848 26
3795 171889 27
3796 161551 7
3797 133278 18
3798 112624 17
3799 113830 17
3801 177439 17
3802 181582 27
3803 120163 27
3807 111466 28
3812 119524 17
3813 113011 28
3814 147117 16
3817 139783 38
3818 101457 46
3819 149081 38
3821 145842 47
3823 150232 1003
3825 188207 36
3827 164239 27
3828 171120 17
3831 99136 37
3832 100154 28
3838 122311 17
3839 120098 27
3840 132088 27
3842 141983 28
3843 148978 37
3845 150469 37
3846 157188 17
3847 102675 27
3849 126128 37
3850 149794 38
3851 186573 38
3853 193541 38
3856 148935 27
3860 114993 17
3862 156116 16
3863 108786 37
3865 163501 27
3866 101794 27
3867 144970 17
3872 164323 17
3873 152027 16
3877 139869 18
3878 158183 47
3879 121618 27
3880 130388 6
3882 148550 37
3885 151640 17
3886 136599 26
3890 111663 28
3891 132590 26
3894 172701 37
3896 105183 28
3898 165233 27
3899 114440 17
3900 174327 37
3905 115575 37
3908 170647 18
3909 175885 18
3910 160603 37
3911 189543 38
3912 154179 27
3913 148654 27
3914 171273 8
3915 120230 37
3916 113150 36
3918 107133 7
3919 163026 38
3922 168126 27
3926 112302 17
3928 168300 27
3929 157658 36
3930 118691 18
3941 101401 17
3948 134717 26
3949 104032 17
3951 171427 37
3953 170165 16
3955 140075 17
3956 153613 16
3960 143340 17
3961 181336 16
3968 105482 17
3969 120686 37
3970 98557 27
3972 148577 37
3978 166015 37
3979 140354 27
3980 138462 17
3981 147874 28
3986 144469 27
3989 185190 37
3991 107474 17
3993 182649 17
3994 143182 26
3995 111678 38
3996 158547 46
3997 172797 27
3998 182660 36
4000 130849 18
4001 136870 27
4002 118677 47
4004 189586 7
4005 100921 26
4006 99287 26
4007 143781 38
4009 100020 37
4013 128473 28
4014 161719 18
4019 173450 17
4020 100302 17
4022 169631 36
4025 129162 37
4028 149179 27
4029 135896 27
4030 107840 37
4031 175713 26
4032 170907 27
4035 162544 36
4038 174218 28
4039 138376 16
4043 98879 16
4047 169700 6
4048 98920 38
4052 127980 27
4054 165696 47
4057 174486 27
4062 118193 37
4063 114754 37
4066 151603 16
4069 180665 46
4076 159585 37
4077 142053 17
4078 130219 36
4079 136449 8
4080 136396 37
4083 182292 37
4085 110190 17
4086 185113 17
4088 177500 27
4092 172130 17
4094 143751 27
4096 178322 17
4097 117150 16
4098 128789 7
4099 170393 37
4100 178673 27
4102 184082 36
4105 126900 17
4110 135681 16
4112 100857 27
4113 178333 18
4115 174560 28
4116 120219 28
4120 113379 37
4122 141979 17
4123 181919 27
4124 180596 16
4127 159384 37
4130 120556 26
4132 126833 28
4137 99598 26
4141 132675 18
4144 108171 17
4146 134690 37
4147 142266 37
4148 145429 27
4149 117690 26
4150 173959 17
4152 124913 27
4153 174357 27
4154 128394 28
4158 104424 27
4163 116015 27
4165 193897 38
4166 149296 26
4167 126517 17
4168 174554 47
4170 116541 27
4171 135631 17
4174 100382 27
4179 190140 36
4180 190997 17
4182 159430 17
4184 192031 26
4186 154472 47
4187 136249 28
4190 147163 27
4191 173939 47
4193 154995 27
4195 190041 36
4201 162999 37
4204 148623 7
4208 108351 18
4212 97315 27
4214 156207 37
4223 133952 16
4225 189085 28
4226 112734 7
4230 185090 37
4231 136367 27
4234 103407 16
4235 189731 6
4236 110969 27
4237 187581 37
4241 174661 28
4244 188812 7
4246 158265 18
4248 107305 7
4249 120426 26
4253 117892 17
4254 165971 27
4256 109719 38
4257 98457 47
4262 136959 37
4263 192292 16
4267 158553 36
4269 189974 27
4270 188030 37
4272 115737 7
4273 167905 27
4278 126813 37
4279 154349 37
4280 189556 17
4283 155520 28
4285 125429 16
4286 149413 26
4287 119965 16
4289 131006 6
4290 139945 47
4291 158040 26
4295 109278 46
4298 165351 28
4300 155351 37
4301 157981 37
4304 129753 27
4305 124659 27
4306 97431 27
4308 165541 27
4309 177702 36
4311 152938 27
4312 107579 16
4314 146371 27
4315 163482 26
4317 121327 28
4319 103351 26
4320 113667 27
4321 102598 38
4322 111248 17
4323 105791 28
4327 189857 37
4330 142632 17
4331 120431 37
4332 121558 17
4334 140352 17
4336 98190 37
4339 124960 7
4346 111882 7
4348 167973 47
4352 116024 7
4353 147593 17
4355 129548 17
4360 161570 37
4362 109083 28
4363 190549 26
4365 125791 17
4367 111408 27
4368 127787 17
4369 140688 37
4371 132387 6
4372 189882 27
4373 162086 38
4376 123657 17
4377 125759 27
4379 136908 27
4381 146096 37
4382 158169 36
4384 151985 26
4387 144138 27
4388 149078 16
4390 138024 16
4391 141949 17
4392 108780 38
4394 124941 27
4402 134129 46
4404 108518 17
4406 157101 28
4407 147438 37
4410 157182 8
4411 193014 7
4414 98658 26
4415 111963 26
4419 162969 38
4421 123285 26
4424 99188 36
4427 107196 27
4433 167206 17
4436 138809 36
4439 181653 38
4440 125998 28
4446 133527 27
4447 124436 27
4448 161562 37
4449 157972 28
4450 127926 47
4452 167728 47
4455 172815 37
4456 147661 48
4461 110672 37
4462 135364 27
4464 104169 17
4466 119425 48
4467 98711 7
4469 117650 28
4471 175288 27
4477 145622 16
4478 136946 37
4483 108093 17
4486 130728 27
4488 121761 47
4494 137006 16
4495 111985 27
4496 110197 37
4499 98932 18
4500 166823 7
4501 139476 37
4504 128988 36
4506 153815 27
4507 175196 37
4510 126771 8
4518 117394 27
4519 176099 17
4522 193671 17
4523 147884 17
4524 156384 26
4526 172160 27
4527 155505 37
4530 122919 37
4533 126812 47
4534 141934 16
4538 137757 7
4539 189471 17
4541 186708 37
4546 110159 28
4547 176702 36
4548 124845 18
4552 181422 37
4553 118141 26
4554 185651 37
4555 118029 16
4556 145068 37
4557 104084 37
4561 183358 27
4562 111588 26
4564 150646 28
4567 183615 28
4570 177250 26
4571 157867 17
4573 170281 17
4576 169352 47
4577 136141 16
4580 108601 48
4581 184931 36
4583 173387 27
4584 126801 37
4585 156597 37
4586 108292 26
4588 191181 37
4593 99783 17
4595 110267 47
4598 112843 27
4600 150228 27
4602 154649 37
4604 137317 48
4606 110152 17
4611 166416 27
4612 146921 27
4615 152546 8
4616 126580 17
4619 168604 17
4621 132227 27
4622 180579 27
4623 153271 37
4625 112958 48
4628 160581 27
4629 171350 17
4630 175278 27
4631 167974 37
4632 111541 27
4635 153805 37
4637 134085 47
4639 153908 37
4640 98528 17
4641 109258 46
4644 139888 38
4647 115043 37
4650 143928 17
4654 109055 36
4655 110466 26
4656 149465 37
4659 181472 36
4662 163708 28
4664 109815 37
4665 111337 37
4666 168312 17
4669 183321 7
4671 175141 28
4672 164682 27
4673 170444 27
4675 169685 18
4676 142466 38
4677 167742 17
4678 154104 27
4680 122908 27
4682 137334 28
4683 137190 28
4687 123028 6
4688 130532 27
4691 108091 27
4696 127246 37
4698 124256 48
4699 111114 46
4700 189591 37
4701 133548 17
4702 108368 16
4703 186686 17
4705 183280 6
4711 142661 27
4712 148155 16
4715 154529 27
4716 144564 27
4718 165659 17
4720 98324 7
4721 178662 16
4722 116669 16
4723 168218 47
4724 140741 16
4725 151252 18
4731 170568 17
4732 126634 17
4733 189214 26
4735 178611 27
4737 116317 17
4739 149622 26
4742 151642 27
4743 103281 36
4746 116049 28
4747 176237 18
4749 100653 17
4750 151360 16
4751 141052 37
4752 161594 7
4753 190232 47
4754 129603 27
4757 166441 28
4760 114746 16
4762 99846 27
4768 187359 27
4769 134670 26
4772 119111 27
4774 131848 26
4776 146147 47
4777 175866 16
4778 124081 47
4781 98144 26
4783 167901 27
4786 140725 18
4787 102964 27
4788 106825 17
4790 123232 27
4791 169872 36
4794 134195 17
4798 180907 8
4799 119380 47
4800 98783 37
4802 101102 17
4804 140315 27
4807 159334 17
4808 182228 28
4810 105445 17
4811 177659 37
4812 141530 16
4814 114983 38
4818 138994 26
4820 127208 17
4821 126705 18
4824 134795 16
4825 98394 47
4829 181956 27
4830 176916 17
4832 105799 27
4835 180593 27
4838 183878 38
4839 121908 7
4840 131629 17
4841 131895 17
4842 179251 37
4844 130827 17
4862 110532 27
4864 157551 47
4868 177365 18
4870 105561 37
4877 182158 38
4878 131613 17
4880 163222 7
4881 112035 16
4882 103165 27
4884 134274 8
4886 121756 27
4887 163449 7
4888 149130 16
4892 124317 18
4893 162336 38
4894 162507 27
4895 114785 47
4896 167547 27
4899 127722 26
4902 187436 46
4904 183464 38
4905 185749 47
4907 108156 17
4908 97360 27
4911 123106 27
4912 169627 38
4914 152819 36
4916 126664 27
4918 139763 38
4919 138135 27
4925 152462 16
4926 188883 27
4927 174626 17
4929 170042 26
4931 173746 18
4932 181346 18
4933 144496 16
4934 162429 27
4935 97845 27
4936 143766 16
4940 180518 16
4942 122873 27
4944 184201 27
4948 112448 37
4949 106569 17
4950 108877 37
4953 173907 47
4955 167743 27
4958 147050 36
4962 101555 27
4964 176408 37
4966 161412 28
4968 132590 6
4969 109712 17
4971 190058 37
4972 108012 38
4974 164780 17
4975 136096 16
4976 180561 27
4980 120623 36
4981 169428 17
4984 177819 16
4985 151228 7
4987 124707 17
4988 171722 17
4990 161649 37
4992 101229 29
4993 140365 47
4994 169285 17
4995 144811 16
5003 105374 37
5004 165690 17
5006 99736 26
5007 111722 27
5008 179728 27
5010 127062 17
5011 186532 27
5012 186860 8
5014 161515 27
5015 100007 7
5017 175807 26
5018 105260 36
5019 140053 48
5023 119063 47
5027 112510 17
5033 170290 27
5034 100336 17
5039 190291 26
5042 135081 17
5043 169754 36
5044 122807 17
5046 118943 7
5048 164188 7
5049 131676 27
5052 149206 37
5054 152986 36
5056 123837 37
5057 99064 27
5060 122960 28
5061 163743 28
5062 107824 37
5065 147601 27
5068 103714 37
5070 193211 28
5071 153401 28
5076 175684 17
5078 189120 28
5079 160911 26
5080 161572 37
5082 133114 17
5084 130205 46
5085 187293 26
5086 97519 16
5089 137575 27
5092 100889 26
5095 156713 27
5096 137367 37
5097 140680 38
5099 106574 27
5101 112227 28
5103 162703 16
5104 165990 16
5105 170446 27
5109 162997 28
5112 143493 17
5113 161791 37
5118 102655 16
5119 141990 37
5121 135442 18
5123 120716 36
5127 147410 28
5128 190479 6
5129 140757 37
5134 112212 18
5136 115264 27
5138 102220 17
5140 131955 27
5141 187214 27
5142 160481 27
5146 178034 17
5148 107591 27
5150 132134 26
5151 98158 27
5154 127747 16
5155 152462 17
5156 137217 28
5158 184781 46
5160 186026 26
5162 97328 36
5164 172784 28
5165 148200 17
5175 107027 27
5178 178492 29
5179 115528 37
5180 150934 37
5181 147677 17
5186 134174 18
5191 177265 1004
5193 182724 37
5194 153792 27
5195 169081 37
5201 109258 37
5202 133301 27
5207 171469 37
5209 188518 6
5211 163689 7
5212 132535 17
5215 108424 38
5216 131450 8
5218 172416 28
5219 141299 46
5220 153550 27
5221 183037 27
5225 185966 27
5226 147441 17
5227 170492 38
5228 133567 27
5230 100861 17
5232 122178 28
5233 125737 37
5234 178356 17
5235 111817 28
5237 98421 26
5240 168723 27
5241 132220 27
5242 187705 37
5244 102871 16
5246 158957 17
5247 187064 38
5251 134421 26
5252 105183 27
5253 131211 47
5254 104385 26
5259 109075 1002
5260 179163 28
5261 127688 27
5262 167479 17
5265 157630 37
5266 119266 28
5272 192925 27
5274 109032 28
5277 99413 26
5281 132847 27
5283 109032 27
5284 169849 48
5285 97071 17
5288 192676 26
5289 156968 37
5290 186177 37
5292 159127 28
5293 102025 17
5294 113283 17
5300 122100 47
5306 121891 17
5308 185525 38
5311 175290 47
5313 112860 17
5316 191450 18
5319 151795 17
5320 186390 26
5321 134463 17
5323 184566 16
5324 153339 27
5326 104815 27
5328 115251 27
5329 134060 37
5331 136404 36
5332 162976 36
5333 151328 27
5335 144458 18
5337 149891 27
5338 158527 26
5339 176975 1002
5340 152515 48
5342 182376 28
5344 158803 16
5345 109953 27
5346 99224 26
5348 193504 7
5351 159844 27
5353 157117 38
5355 193927 27
5356 181408 17
5358 152092 37
5359 107207 18
5363 110098 27
5364 174373 27
5365 123695 46
5366 146452 26
5368 183346 7
5369 116141 46
5372 126097 38
5373 105623 26
5374 164266 27
5388 183456 6
5390 182146 38
5392 162733 27
5394 169023 27
5395 164913 26
5396 125463 47
5397 187603 37
5399 166460 36
5401 118523 28
5402 127089 16
5403 186486 27
5408 112053 28
5409 124311 27
5412 108454 16
5414 161173 37
5417 110082 28
5418 119101 27
5419 172888 37
5422 176321 27
5424 183580 18
5426 129521 27
5428 149751 26
5431 127012 18
5432 184327 48
5434 188849 26
5436 122882 17
5437 183191 37
5439 134242 18
5440 190275 47
5441 175749 27
5442 100261 37
5443 138415 17
5444 146262 17
5445 166271 37
5446 101539 37
5449 136901 27
5451 136326 47
5452 158506 37
5455 147043 27
5456 169645 7
5457 188117 27
5458 156386 17
5459 148825 27
5463 141894 37
5464 192155 17
5465 193433 27
5466 158964 47
5468 154943 27
5469 185246 16
5471 136909 26
5473 98911 26
5475 179664 26
5477 170547 17
5478 165581 16
5480 97032 27
5484 179242 27
5487 101437 27
5490 112526 27
5492 107434 37
5493 138474 38
5495 192001 16
5496 158128 8
5497 163761 27
5498 119265 27
5499 156978 27
5500 126638 28
5503 127232 37
5504 153777 17
5507 131610 28
5508 103159 37
5519 100467 17
5524 110910 26
5525 173560 27
5527 173528 28
5529 129269 36
5534 166738 28
5536 167112 26
5539 98105 27
5540 165918 26
5541 115498 26
5543 180411 37
5544 192071 36
5551 146848 26
5554 123311 1003
5555 100085 29
5557 150637 16
5559 186934 26
5560 101669 27
5561 181605 16
5565 147069 27
5566 132920 37
5567 115236 17
5569 104412 27
5570 168665 18
5571 189498 37
5573 177835 28
5574 104939 38
5575 105454 17
5581 97402 37
5582 174126 47
5583 126211 28
5584 104341 26
5585 145363 7
5587 112129 27
5588 153206 47
5589 162970 27
5590 187989 26
5591 152258 27
5593 184367 17
5594 127347 17
5597 106916 27
5598 172333 27
5599 151605 47
5601 100702 36
5604 134393 26
5605 131196 26
5609 124108 17
5610 119594 17
5613 156138 26
5615 97330 26
5616 153300 17
5620 176403 37
5621 110586 17
5622 121146 17
5626 161101 37
5627 143662 37
5629 168246 27
5630 136459 27
5636 120454 28
5637 121820 37
5638 183676 27
5639 184872 27
5640 168310 7
5641 192773 36
5644 139494 37
5645 127916 27
5646 145532 37
5647 125265 47
5648 175391 17
5649 97756 27
5651 185320 26
5653 105855 7
5654 99321 26
5661 117939 37
5662 180108 7
5663 131615 18
5665 191833 27
5666 186218 17
5667 103484 38
5669 182677 36
5670 114099 18
5671 173365 26
5677 151856 26
5683 102639 36
5684 160520 26
5685 180709 17
5686 98853 27
5687 111358 38
5689 187922 17
5690 173503 37
5691 115581 37
5692 102032 38
5693 151546 28
5696 116832 27
5697 127907 16
5699 106774 27
5703 162085 17
5704 112902 16
5705 131565 26
5706 141698 28
5708 184334 27
5709 126995 47
5714 172655 38
5717 118703 37
5719 154925 26
5725 186503 16
5726 103411 27
5727 144159 37
5734 100681 27
5737 164483 37
5738 130603 37
5740 101456 27
5741 164503 26
5742 122631 17
5747 180942 28
5748 154535 28
5749 160368 38
5751 193850 27
5754 97260 27
5759 106127 17
5768 121928 6
5772 153294 27
5776 109709 27
5777 153815 16
5779 149604 27
5783 151543 26
5786 182914 37
5788 132721 27
5791 173357 37
5795 127864 46
5796 99463 16
5798 150221 27
5800 173998 16
5801 139172 18
5805 117762 27
5807 182293 37
5808 114490 37
5809 144363 47
5814 158243 37
5815 111150 28
5817 119534 36
5818 169050 18
5820 189002 27
5821 153429 18
5822 158070 17
5824 177089 27
5829 166647 17
5833 110736 38
5835 113235 17
5838 140911 17
5841 167842 36
5842 158947 27
5844 166757 48
5849 167839 16
5850 112030 27
5851 102878 36
5853 114136 27
5857 99635 26
5859 138971 17
5860 180900 27
5861 149271 27
5862 152467 38
5864 154268 37
5866 127799 18
5871 167853 27
5874 175213 17
5875 180950 18
5880 118284 28
5883 163137 37
5885 165833 17
5886 170661 28
5887 149273 17
5889 192998 36
5890 176578 27
5891 108450 48
5892 178736 46
5893 116868 17
5895 100095 16
5897 170113 37
5899 169557 48
5902 122854 27
5906 124862 18
5907 111268 48
5908 144838 26
5909 127784 47
5910 146714 37
5911 155867 37
5912 163007 48
5913 125346 28
5915 175610 48
5918 192432 17
5919 120906 16
5920 100063 27
5921 164068 46
5922 131342 27
5927 155303 17
5928 161260 27
5930 183089 37
5931 126782 37
5935 133701 8
5936 185902 27
5937 183423 27
5939 127865 27
5940 131753 26
5942 120858 46
5943 138468 46
5944 99581 37
5945 155633 17
5946 140877 27
5948 119246 26
5949 98144 37
5950 176529 36
5951 144110 37
5952 113873 37
5953 139957 27
5954 153228 27
5955 144822 28
5956 187965 46
5959 144398 39
5961 159040 17
5963 133042 37
5964 106150 27
5965 166352 37
5968 133875 26
5971 190648 37
5972 136433 36
5973 130174 8
5977 134472 17
5979 189651 26
5980 192298 6
5982 155827 7
5984 149158 47
5987 176145 27
5988 118494 38
5989 166395 17
5990 185447 47
5992 142059 38
5993 163800 37
5995 140847 37
5999 164333 37
6000 106896 38
6001 179391 36
6004 108795 8
6005 107201 17
6010 163914 27
6012 127626 27
6015 129828 26
6016 150772 17
6018 118856 26
6019 125514 27
6021 101427 17
6022 126036 16
6025 159092 37
6032 120674 37
6038 166402 46
6040 156132 7
6043 140093 38
6045 177384 28
6048 150910 26
6049 141187 47
6050 115374 37
6051 135199 7
6054 125390 48
6056 158732 38
6057 131029 17
6058 150178 27
6059 151490 37
6062 117907 16
6063 150970 37
6064 122320 36
6067 109394 37
6068 147290 26
6071 107288 27
6076 113024 18
6079 189398 27
6081 171001 37
6085 141112 27
6086 107998 17
6089 182270 26
6090 99555 16
6092 106560 17
6093 117167 8
6097 180285 17
6098 118355 26
6101 171614 28
6102 114774 16
6105 142749 27
6106 160109 26
6108 136131 26
6109 169474 37
6110 98750 17
6112 174921 28
6114 193854 17
6115 120476 37
6116 138071 16
6117 126852 27
6119 108269 27
6121 151533 26
6122 140769 7
6123 152119 27
6126 170847 18
6127 102103 17
6130 108213 7
6132 186324 28
6133 178987 18
6134 101639 18
6135 169098 27
6136 139682 36
6139 109425 46
6140 100206 7
6142 167630 28
6145 165660 48
6146 187826 28
6149 150677 26
6152 142082 17
6154 188687 17
6157 158337 7
6158 163279 46
6160 119833 7
6161 158547 38
6163 117132 17
6165 135947 28
6167 176175 27
6172 167322 27
6173 179484 16
6177 193361 27
6178 183397 27
6179 100940 16
6180 170284 26
6183 156812 16
6185 162254 27
6188 158569 8
6190 170278 37
6192 121569 37
6193 108904 28
6196 104522 27
6198 136936 27
6201 111554 17
6202 181138 26
6203 133169 37
6207 154687 17
6208 165063 37
6209 97994 37
6210 101479 37
6211 117306 27
6212 125169 26
6219 135534 8
6220 109093 27
6222 110876 17
6225 130995 27
6228 117388 47
6229 124929 17
6230 163513 36
6231 143483 26
6235 133528 26
6236 148987 17
6237 127124 37
6238 125650 37
6240 136348 27
6242 152818 17
6244 125849 37
6245 119167 36
6246 105700 27
6248 111867 16
6249 144871 17
6253 168384 18
6256 99191 27
6257 176339 27
6258 173458 26
6260 184619 27
6262 184580 27
6263 178688 8
6264 140563 37
6265 108941 17
6267 168534 27
6269 131204 37
6270 153955 37
6276 139022 28
6277 187664 28
6278 191845 27
6279 121843 27
6281 150650 27
6287 112144 17
6289 123788 26
6290 188019 7
6291 149059 26
6292 165395 38
6294 102125 37
6296 114896 28
6297 191427 17
6298 137642 37
6301 140757 17
6306 133895 37
6309 126707 27
6310 165481 7
6312 157830 27
6313 177400 47
6314 107201 27
6317 147932 27
6324 190159 38
6325 177260 27
6326 145131 7
6327 175827 16
6328 138967 38
6329 108513 17
6333 135621 16
6337 192810 18
6340 181413 26
6341 138652 47
6342 109882 38
6343 180558 37
6348 126440 17
6353 174785 27
6358 137713 37
6359 181098 16
6360 187119 46
6363 116133 18
6364 173044 27
6366 175066 17
6368 139867 48
6369 175877 27
6371 180248 17
6372 163666 7
6374 104795 27
6375 191032 26
6377 175631 18
6380 137466 26
6384 115851 38
6385 113077 17
6387 184507 16
6388 185255 17
6390 143007 7
6392 156972 27
6393 155199 27
6394 183011 17
6395 101374 7
6396 128560 17
6397 133305 28
6400 101558 16
6401 102129 47
6405 134145 37
6407 145563 27
6409 163702 27
6411 167754 37
6413 108429 37
6414 113520 27
6416 155326 28
6417 150049 27
6419 171022 17
6420 164209 27
6421 183761 17
6423 188112 18
6424 180747 28
6426 173517 17
6427 114111 17
6428 115101 37
6432 176553 28
6439 104028 26
6441 106476 27
6442 193811 37
6445 131920 38
6446 113354 28
6447 174782 27
6449 159281 37
6450 100045 27
6453 160692 26
6456 122707 18
6457 135737 27
6462 101276 27
6464 102141 27
6465 140675 28
6471 158150 48
6472 157859 7
6473 185744 17
6474 111316 28
6477 189417 16
6479 152588 17
6480 97945 17
6482 135175 27
6483 187294 38
6485 171521 26
6491 102048 37
6492 143521 28
6494 114750 27
6497 102662 17
6498 154448 46
6500 193800 48
6503 132047 37
6504 145607 16
6505 188327 17
6506 191369 47
6507 112925 36
6508 158722 17
6511 102437 17
6515 164256 37
6516 98397 17
6517 109736 18
6518 172811 27
6519 111673 38
6522 120334 17
6527 103824 38
6528 134302 27
6529 177687 27
6531 176268 17
6532 99071 7
6534 97756 26
6535 153147 36
6536 111147 6
6538 152991 28
6539 191188 27
6540 143449 28
6541 127045 36
6542 168109 27
6543 121835 26
6545 183837 48
6546 131248 47
6548 124908 6
6551 163659 26
6553 138066 26
6556 178064 27
6558 186762 28
6559 120238 17
6560 145831 17
6562 187832 38
6565 146021 16
6568 155214 7
6569 146085 37
6570 190873 26
6575 189962 17
6577 192588 28
6578 129161 26
6580 163984 17
6582 163192 18
6584 160646 1002
6585 129159 37
6586 112330 27
6589 152324 38
6590 145516 27
6591 160218 26
6593 136219 27
6599 154969 27
6600 169853 17
6606 191412 17
6607 117946 38
6612 110215 38
6613 157937 27
6615 100942 47
6618 99753 26
6620 170935 36
6622 112487 27
6623 182394 6
6624 146744 17
6626 105048 17
6627 144553 26
6629 136594 28
6632 121643 17
6636 182418 26
6641 186771 7
6642 116231 27
6646 175195 48
6650 107474 18
6651 97132 27
6653 139814 38
6655 125763 18
6656 150803 27
6657 167044 27
6659 126580 38
6661 109419 37
6663 135719 27
6668 180098 27
6669 153501 38
6670 106613 47
6672 181324 37
6673 103040 38
6674 124640 17
6675 154050 46
6676 101596 6
6678 145335 28
6679 141730 27
6680 110838 28
6682 128618 17
6686 137059 36
6687 171837 37
6689 136676 17
6692 192552 18
6695 146898 27
6696 170095 27
6698 161060 36
6700 168597 27
6706 180262 16
6707 193275 7
6709 161400 38
6711 170161 17
6712 131918 17
6713 138201 28
6714 102435 27
6715 184928 1004
6716 106197 38
6717 141144 17
6718 123847 27
6720 107461 18
6721 139116 38
6725 179832 17
6729 120815 36
6730 147920 16
6732 154377 47
6734 157579 28
6735 100912 17
6736 112218 16
6738 149935 46
6740 119520 37
6742 123407 37
6746 121147 17
6747 148026 27
6749 150385 27
6753 136176 37
6755 123463 17
6756 109566 17
6759 114061 27
6763 132180 16
6768 176758 37
6769 191538 47
6772 147504 47
6773 164812 37
6774 150081 18
6775 177320 18
6779 166853 37
6784 100996 27
6785 141172 17
6787 113134 38
6788 170276 17
6789 169293 18
6790 126912 27
6791 172471 37
6793 110898 26
6794 169197 27
6796 125880 38
6797 135319 47
6799 115916 27
6800 148310 17
6801 172569 18
6803 161604 37
6806 174548 36
6808 120554 36
6809 100327 18
6810 133371 17
6811 161610 27
6812 187667 7
6815 177082 27
6819 189413 37
6820 105472 17
6823 103949 38
6825 145219 16
6826 133544 17
6827 193380 18
6833 178958 26
6836 127275 37
6837 187062 47
6841 122692 17
6843 164459 7
6846 161981 27
6848 188104 27
6849 112932 26
6852 106882 8
6854 149046 28
6855 172165 27
6856 173238 17
6862 174657 17
6863 152944 7
6864 133954 7
6868 191520 38
6870 110310 37
6873 115559 28
6876 106496 7
6877 109568 18
6879 130136 7
6880 184358 48
6882 165514 37
6884 111114 27
6886 173211 27
6888 182306 18
6893 179083 37
6895 128231 27
6896 172271 27
6901 172615 48
6903 108614 16
6908 148233 27
6910 138284 37
6911 168825 27
6913 124120 27
6916 125688 27
6919 170201 16
6920 131578 28
6922 151694 17
6923 151882 26
6924 119608 26
6926 161621 47
6927 129191 27
6929 147085 26
6930 160437 26
6933 161149 26
6934 154509 7
6937 146144 17
6938 171879 28
6941 97558 17
6942 100551 17
6943 178116 27
6947 163354 28
6948 124439 17
6950 103571 48
6953 113271 17
6956 177873 16
6959 99650 36
6963 104485 17
6964 140428 27
6970 149616 37
6974 125554 17
6975 165035 37
6977 147520 27
6978 182284 17
6981 170404 17
6982 186324 17
6983 142744 27
6985 161730 17
6991 152871 47
6992 175304 37
6993 145603 27
6996 103663 27
6997 185474 17
6998 124744 27
7002 160899 36
7004 159685 27
7006 172136 37
7009 121077 27
7011 186528 36
7012 175955 8
7016 132218 27
7018 161425 27
7020 126201 47
7021 160286 26
7022 178714 7
7028 189103 27
7031 187135 27
7032 159270 28
7033 126991 46
7034 166675 37
7035 155137 27
7037 122586 27
7038 166921 27
7039 152283 37
7040 161599 37
7041 99999 28
7048 177746 17
7049 107403 37
7050 180799 28
7051 142312 37
7053 142777 37
7055 145725 37
7057 107458 27
7058 119376 28
7062 115699 27
7063 164176 17
7066 111854 26
7068 172129 17
7072 153962 37
7074 120734 16
7076 130132 17
7077 147112 27
7079 170063 17
7080 151311 16
7082 141728 28
7084 174542 26
7085 118728 18
7086 103240 37
7092 128790 27
7093 104392 27
7095 122432 7
7098 191398 28
7100 107299 17
7101 184020 18
7106 123241 48
7112 114995 37
7114 153741 16
7116 181039 16
7117 97975 1003
7120 112350 26
7121 110735 37
7123 163268 17
7129 133240 17
7131 138211 27
7132 153859 17
7135 140566 16
7136 165975 37
7139 163437 17
7142 184635 28
7145 171430 27
7146 102010 27
7148 113827 37
7153 118860 28
7155 188591 27
7157 113579 27
7158 137771 36
7159 129800 16
7161 130432 27
7163 150208 16
7165 168326 48
7167 142278 26
7170 137939 26
7171 130828 26
7172 128406 18
7174 179013 27
7176 108336 27
7178 180596 26
7179 109362 38
7180 189026 17
7184 98348 17
7185 118077 7
7186 158738 17
7188 191182 37
7189 145662 37
7190 156253 37
7192 120062 17
7197 190300 26
7198 171711 47
7199 128379 28
7200 120188 37
7202 129337 27
7203 164908 27
7204 161198 27
7205 149608 38
7208 180962 27
7209 166034 28
7211 103184 27
7213 159228 17
7214 193121 37
7218 147497 37
7223 113135 17
7227 124335 47
7230 144460 17
7232 181975 7
7233 116659 27
7234 168520 27
7236 186024 27
7237 171915 27
7239 156626 18
7240 121228 17
7241 134281 27
7242 110787 27
7245 109287 17
7246 178415 18
7249 139548 27
7250 186568 36
7253 100578 18
7254 150247 47
7255 158180 17
7256 102547 47
7257 156004 27
7259 173548 37
7261 97886 36
7262 100680 26
7263 115849 1003
7266 156449 47
7267 111278 16
7271 178977 27
7273 163494 27
7274 146650 17
7275 115993 37
7276 171307 27
7277 151099 8
7280 181850 27
7281 177624 27
7282 119560 27
7284 141132 27
7287 139440 27
7289 135138 18
7290 123622 37
7291 159659 17
7292 142658 17
7297 108834 36
7300 136272 48
7303 149940 37
7304 182261 17
7305 174969 37
7310 139606 37
7313 157556 27
7316 169569 27
7317 142829 28
7320 148294 37
7323 127554 37
7324 123208 37
7326 173203 27
7329 178383 8
7333 193467 47
7334 149556 17
7336 179665 6
7339 107361 16
7340 159092 27
7342 139031 17
7343 103340 17
7344 123047 46
7349 172405 26
7351 181150 37
7352 112565 27
7355 190479 17
7356 136187 16
7357 157324 36
7358 181678 37
7359 193209 7
7362 152929 27
7367 116794 37
7369 125834 27
7370 121596 17
7373 150232 27
7374 107144 28
7379 131142 27
7383 111470 27
7384 112765 27
7385 100933 36
7387 164178 38
7390 105291 26
7394 97595 27
7395 101968 17
7397 124798 17
7400 162001 7
7402 151742 27
7403 180133 27
7404 101882 7
7408 111840 26
7410 176188 7
7411 150550 3
7412 160470 37
7413 174835 17
7418 161022 36
7420 105706 18
7424 129199 7
7425 158968 38
7426 99598 27
7428 186644 6
7431 185344 27
7434 168839 37
7439 159180 17
7440 154437 17
7441 145167 17
7443 193096 27
7444 138430 26
7446 172844 28
7447 111780 17
7450 106066 17
7453 180304 27
7454 156130 37
7457 131844 27
7458 118302 27
7460 148770 27
7463 135594 27
7465 118687 18
7466 131514 17
7467 139808 27
7468 182563 28
7470 114161 28
7476 130384 27
7477 193853 36
7478 149861 28
7480 117357 28
7481 113610 27
7483 134347 37
7484 189191 47
7485 148674 16
7487 147834 17
7488 189541 37
7489 170003 36
7490 109986 28
7491 152790 28
7494 126736 27
7495 159802 28
7497 193293 38
7499 137091 36
7501 192309 38
7502 111955 17
7503 180839 26
7505 107700 17
7507 139032 37
7508 134222 27
7510 129024 28
7511 111318 27
7512 104665 27
7514 155243 8
7516 157613 28
7518 186220 18
7520 167944 36
7521 140977 36
7523 193224 17
7526 172791 28
7528 166021 28
7532 126241 17
7535 154214 27
7538 183889 37
7540 159009 27
7542 182012 27
7545 123579 37
7547 178426 7
7549 138176 27
7551 107153 37
7552 184401 17
7553 165110 17
7555 145469 27
7556 176457 37
7559 171993 27
7561 161765 17
7562 151292 17
7564 130823 27
7566 111825 37
7567 133018 48
7568 181564 37
7573 109512 48
7574 117735 38
7576 165311 27
7580 123865 37
7583 167459 17
7584 156792 46
7585 166321 17
7586 115730 39
7588 166664 18
7590 156835 28
7591 163308 27
7594 110936 28
7596 163274 27
7598 142177 7
7599 108318 37
7600 161417 26
7604 130791 2005
7605 184023 26
7606 176380 17
7607 185189 38
7610 191326 38
7611 136911 47
7613 155467 27
7614 164686 37
7615 127966 6
7620 139841 27
7621 138628 16
7622 141992 27
7625 184259 27
7626 184632 37
7628 130183 27
7633 101554 17
7635 105010 27
7638 148275 17
7639 189312 36
7640 124202 7
7641 154446 27
7647 150514 26
7651 127216 47
7653 109462 17
7654 142211 27
7655 124135 16
7657 164480 37
7658 154366 37
7661 107883 28
7662 110204 16
7663 100557 27
7665 154212 27
7666 192981 27
7667 141901 7
7668 140721 16
7669 136331 17
7670 137813 7
7672 176683 27
7673 122082 26
7674 130559 36
7679 126506 28
7681 159994 47
7682 126224 7
7683 176428 27
7686 133087 36
7689 189762 17
7690 130593 28
7691 133469 27
7694 152497 28
7697 147905 36
7698 127222 37
7699 191256 27
7702 98820 17
7707 100951 27
7710 135799 17
7712 170586 17
7720 150944 29
7721 106275 27
7722 182859 26
7726 100183 26
7729 126946 7
7730 118645 27
7735 174302 28
7736 97334 36
7739 153232 26
7740 104617 18
7741 157936 17
7747 151817 37
7748 190442 28
7749 133270 7
7752 158663 28
7754 130261 37
7757 179371 17
7758 168237 16
7760 106409 16
7762 159098 37
7763 179790 7
7765 98670 27
7770 155427 26
7771 190836 17
7773 139694 27
7776 142651 17
7777 188067 37
7779 104574 38
7780 122096 27
7781 134819 36
7782 157721 17
7784 143464 38
7787 153877 27
7788 191579 27
7789 179805 27
7791 148331 28
7792 138188 47
7796 150347 27
7797 122330 28
7801 192121 37
7802 134509 18
7804 106557 28
7805 126913 37
7809 191029 17
7811 117196 37
7813 151619 37
7814 141670 6
7815 116419 38
7816 112492 27
7822 100565 17
7824 100084 26
7830 132288 37
7831 141922 27
7833 101816 47
7834 138425 37
7836 155001 37
7838 100825 27
7839 149713 37
7840 133118 27
7842 142078 18
7844 105787 17
7845 107029 36
7847 147282 26
7849 106555 27
7851 151503 27
7852 145237 37
7855 148077 27
7858 154795 27
7859 184321 26
7860 141013 37
7861 157706 27
7862 172153 36
7864 126343 27
7865 179156 28
7867 163709 37
7869 145751 37
7870 105919 17
7871 132785 27
7872 184567 28
7873 142270 27
7885 135880 27
7886 128418 17
7887 159266 27
7888 170502 17
7889 153083 27
7890 167653 27
7891 191534 27
7893 158372 38
7894 130880 17
7895 99625 37
7898 129202 16
7902 140205 26
7906 138183 37
7910 116613 28
7911 101601 27
7913 99867 47
7914 145745 28
7915 154821 27
7916 104458 27
7920 173597 27
7921 159992 28
7922 159751 7
7924 141196 37
7925 122160 37
7929 170689 37
7933 145886 36
7934 183584 27
7935 139638 36
7936 167808 38
7941 135082 27
7944 149717 37
7945 180561 47
7947 154299 27
7948 173329 26
7951 174952 17
7953 101931 28
7955 157346 7
7956 124003 27
7958 116610 26
7960 114030 37
7963 99585 18
7964 119568 28
7969 184249 27
7970 152013 27
7971 156972 26
7973 155377 38
7975 132918 27
7976 113683 47
7980 171758 27
7982 163634 37
7984 111541 27
7989 184327 16
7991 159259 27
7993 145091 27
7994 118623 17
7996 152120 17
7998 162009 47
7999 121427 28
8005 130011 26
8006 163748 6
8007 193620 27
8010 188166 27
8011 155352 27
8012 176577 17
8013 153909 27
8016 105699 37
8020 134906 26
8021 130476 38
8023 189362 17
8027 134427 27
8030 187965 27
8031 169283 27
8033 137550 37
8035 152227 36
8036 158796 28
8044 173075 38
8052 103997 28
8053 163703 37
8056 134787 17
8057 134164 27
8058 157750 26
8059 189047 7
8061 153832 17
8062 173655 38
8063 175980 8
8064 122902 26
8066 112045 27
8067 173266 36
8068 115618 16
8070 179630 36
8071 105042 26
8073 174647 27
8074 147927 17
8077 133779 6
8078 127565 28
8079 160028 16
8081 157209 28
8087 159669 8
8095 141380 27
8098 147991 17
8102 140850 27
8103 161670 27
8104 185584 36
8108 114691 37
8109 102494 37
8110 139602 17
8112 175384 17
8115 176662 27
8116 117834 36
8117 178388 26
8118 133770 8
8119 108799 37
8120 161774 27
8122 139454 17
8123 167988 37
8124 137418 26
8126 191500 26
8128 167202 27
8130 116467 37
8134 107702 27
8135 106663 27
8136 181463 26
8138 156089 6
8139 173304 1002
8143 122573 26
8146 105154 6
8148 111948 38
8149 184031 26
8151 140787 17
8153 166310 38
8155 127799 7
8156 129661 27
8157 176506 37
8158 136509 16
8159 188563 7
8161 101142 27
8163 190074 27
8165 150161 17
8166 142882 27
8167 159992 17
8168 104242 26
8169 100079 27
8171 176213 37
8172 126632 26
8174 116896 37
8176 99987 26
8177 185238 17
8179 140085 37
8180 166323 17
8185 117411 27
8187 136993 28
8188 143633 36
8190 120629 27
8191 110291 27
8194 98410 28
8197 156561 38
8198 107457 47
8199 173970 16
8201 136117 26
8202 141393 46
8204 101447 16
8208 97584 37
8209 142398 38
8210 159291 17
8211 143104 37
8212 138151 27
8218 97868 17
8219 143841 16
8220 188075 27
8226 116908 37
8227 172925 17
8228 130525 7
8229 139830 17
8231 190559 37
8232 114030 38
8234 139897 37
8235 128566 28
8236 138933 27
8237 134643 1003
8244 104825 36
8248 167185 36
8249 146873 17
8252 99984 38
8253 160062 1002
8255 115659 17
8260 99750 18
8263 147081 27
8265 142072 27
8266 134350 16
8268 180549 18
8272 177913 16
8273 103570 27
8278 132937 27
8279 175360 17
8280 112345 27
8285 158051 16
8286 117364 26
8287 156826 47
8288 147794 27
8289 165178 26
8292 109836 26
8293 173417 26
8294 175419 28
8295 122943 38
8296 124535 16
8297 114748 37
8298 114451 16
8300 141185 17
8302 123989 17
8306 119840 17
8310 186323 27
8312 173194 7
8314 138447 16
8315 140327 36
8317 160107 17
8318 145655 27
8319 107252 27
8321 136454 17
8322 155851 17
8324 179525 27
8325 150626 37
8326 97156 26
8333 124294 36
8336 181938 37
8337 121340 37
8340 151659 37
8341 147767 27
8344 187616 17
8345 98939 26
8346 97234 16
8347 99923 36
8355 170493 27
8357 148788 28
8361 182155 7
8362 130857 26
8364 156870 37
8365 123379 37
8368 129228 37
8369 128450 27
8370 187591 36
8371 109358 37
8374 123449 28
8375 118906 28
8378 156515 28
8380 98392 26
8381 103986 27
8383 138909 37
8385 185556 27
8387 162167 17
8388 101854 36
8391 161519 17
8393 170374 1002
8394 177993 37
8396 190905 37
8397 151488 28
8401 103082 37
8403 111725 27
8406 111875 27
8407 165375 46
8408 124153 7
8409 177396 38
8410 106616 27
8411 115638 8
8418 165837 27
8419 190067 37
8424 190624 27
8425 169366 27
8426 139435 37
8430 175998 47
8431 186451 27
8432 134844 16
8433 121040 27
8435 192156 28
8440 193227 17
8441 125183 27
8442 175323 17
8444 167281 27
8447 126505 27
8449 182022 26
8451 149004 37
8454 103870 47
8457 131512 17
8465 139314 28
8466 104982 47
8467 177169 27
8468 157196 27
8476 118799 38
8479 115367 27
8484 106415 28
8485 168830 37
8487 134193 26
8488 155130 27
8489 191753 27
8493 115614 37
8496 98357 17
8497 134662 37
8498 138463 37
8500 190240 38
8502 115403 38
8503 180512 16
8504 191963 26
8506 153078 27
8507 184118 27
8512 117421 27
8514 120234 27
8517 164687 39
8519 188251 18
8520 125919 46
8522 119075 17
8523 112428 27
8526 174831 37
8527 185397 27
8528 105335 36
8529 110392 17
8535 118782 27
8537 107895 18
8538 119861 37
8539 135059 6
8542 148910 37
8545 184229 46
8547 145051 26
8553 163933 36
8555 159310 37
8557 125043 37
8558 160665 37
8562 154093 37
8563 181315 37
8565 115028 37
8566 143349 17
8569 108743 37
8570 188823 17
8574 100764 16
8575 140272 27
8577 113750 18
8580 117616 37
8582 179391 38
8585 163644 47
8586 166969 16
8588 184333 7
8589 112704 27
8590 123447 16
8592 102071 37
8593 147992 26
8595 152055 8
8598 108593 27
8599 180505 46
8600 189268 27
8601 132783 47
8602 166974 26
8604 132862 26
8605 117928 17
8606 139314 17
8607 125680 18
8609 131344 37
8614 177505 18
8615 125707 17
8618 106235 37
8619 120810 16
8621 155266 26
8624 165865 16
8625 183040 37
8627 109365 26
8628 141321 27
8629 139277 28
8631 129764 6
8633 164595 28
8634 162201 47
8637 159340 17
8639 128526 17
8640 174124 28
8645 135124 37
8647 170635 28
8649 136772 27
8652 178756 27
8654 168725 47
8656 162432 18
8659 108534 27
8662 179034 27
8663 160261 27
8664 187848 16
8667 134957 27
8669 156812 36
8671 131485 17
8673 127030 37
8674 161935 18
8675 126145 6
8678 188548 27
8680 133704 27
8682 184174 17
8688 114542 38
8690 174986 36
8692 170929 27
8693 182966 17
8694 120217 37
8695 132863 27
8697 144918 27
8698 111224 37
8700 181742 27
8702 100733 47
8705 110191 27
8706 117899 6
8708 185696 38
8709 125558 17
8712 134612 17
8713 175794 38
8714 156104 17
8715 179779 27
8718 121360 27
8719 117343 38
8720 165002 47
8722 154642 37
8724 99552 26
8726 111250 27
8729 147114 37
8730 106568 27
8732 118836 37
8734 137324 7
8739 182872 27
8743 140313 36
8744 187338 26
8748 156835 28
8750 161967 27
8751 167989 18
8752 113274 16
8754 173296 17
8755 180663 47
8756 121914 38
8757 188202 18
8758 148929 27
8760 135904 27
8761 102984 26
8762 167907 6
8763 131912 7
8766 147882 16
8767 100581 17
8771 155960 36
8772 138614 17
8773 168091 17
8774 105924 16
8777 150592 38
8779 152125 36
8780 193384 27
8786 145749 7
8788 141940 27
8793 138181 27
8794 111297 16
8795 166128 37
8796 137865 17
8801 99538 37
8802 188926 26
8803 129063 26
8804 159263 46
8806 121007 18
8812 165852 27
8816 148123 27
8817 122895 26
8819 158009 27
8820 116404 18
8821 192599 7
8825 161312 16
8828 101126 27
8830 123629 37
8831 146131 38
8832 117339 46
8834 149682 27
8837 155491 27
8838 178218 26
8840 139139 27
8841 146986 37
8845 122730 27
8848 124914 17
8849 108408 26
8850 123168 27
8852 137155 17
8854 158484 16
8855 128281 37
8857 121543 6
8859 127299 26
8861 137350 17
8862 189609 27
8867 186384 6
8870 157315 17
8871 170218 47
8872 150757 37
8876 167522 48
8877 158683 37
8878 96989 26
8879 155705 47
8881 139834 37
8882 114269 16
8885 181080 18
8888 189377 18
8889 163695 37
8890 109707 7
8895 157451 27
8898 117378 37
8899 137311 8
8904 158782 17
8909 170872 17
8911 164101 16
8912 157408 37
8914 173860 26
8917 143767 26
8918 188393 27
8920 109736 26
8921 181347 16
8922 118947 46
8923 147564 7
8924 170967 27
8925 133880 28
8926 108572 7
8927 117811 28
8929 149143 17
8930 143019 17
8931 120417 28
8933 147866 27
8934 142982 18
8938 156754 37
8939 175133 7
8940 159856 37
8943 152578 17
8945 182140 47
8946 107245 7
8947 155326 27
8948 169159 16
8950 154817 18
8952 131278 38
8953 103793 27
8956 191858 37
8957 193149 1002
8958 165503 16
8960 174923 26
8961 150834 26
8969 125592 7
8971 177664 1003
8973 157905 36
8978 187543 18
8981 116843 27
8985 127757 38
8987 170306 18
8988 102507 38
8989 168744 37
8991 161041 27
9001 183733 27
9002 184749 37
9005 139687 26
9006 159987 27
9008 134468 27
9011 170201 37
9012 106752 27
9013 110578 17
9014 99485 28
9018 128776 36
9019 170430 27
9020 98779 37
9024 159083 18
9027 115395 28
9028 164157 17
9031 107286 36
9034 180800 37
9036 109311 7
9037 174216 17
9038 103007 18
9040 128486 27
9043 144151 37
9046 103374 18
9048 154012 17
9049 180542 27
9050 125130 27
9051 100054 28
9055 176790 7
9057 187827 18
9058 107661 26
9059 158355 7
9062 116076 37
9064 104145 38
9065 140662 28
9070 140104 27
9071 145686 17
9078 98672 37
9080 187598 27
9082 154642 38
9083 178686 36
9086 115224 26
9087 131986 17
9092 159463 28
9093 153372 28
9094 120345 28
9097 97520 16
9101 122376 17
9102 126250 37
9105 157110 27
9106 139628 26
9107 152867 18
9108 131480 16
9109 165096 6
9110 120314 27
9111 116341 26
9114 143595 37
9115 154222 7
9117 157689 17
9119 192307 26
9122 119415 6
9123 176768 37
9125 168569 7
9126 166230 27
9129 154856 38
9131 118556 18
9134 111995 17
9136 171393 18
9137 122986 27
9138 190232 27
9143 147966 47
9144 172279 28
9145 122338 27
9146 174751 37
9147 110673 26
9148 136200 16
9149 136749 27
9150 120788 46
9151 168734 26
9153 191118 28
9154 163931 27
9156 187115 17
9160 117438 27
9162 149408 27
9165 170700 36
9166 138940 26
9168 161912 37
9170 117857 16
9176 166605 27
9177 112926 27
9182 100117 18
9183 181416 37
9184 103197 26
9189 166584 17
9190 170459 26
9192 144304 27
9193 179029 26
9196 118441 28
9197 190508 27
9199 156289 19
9202 166680 38
9203 102145 9
9207 151742 47
9210 174052 27
9212 139324 18
9213 101186 17
9216 171170 6
9217 179030 36
9220 182905 17
9221 135479 17
9222 117910 27
9223 131041 37
9225 144216 47
9229 161181 36
9230 149655 37
9231 159856 16
9235 141898 27
9236 183593 27
9237 163041 16
9239 187006 7
9241 126763 47
9242 169537 16
9245 143432 38
9246 123173 38
9248 101749 16
9250 187325 16
9251 148948 38
9254 103999 7
9255 153857 28
9256 181244 28
9257 114940 27
9258 143329 17
9259 179922 17
9260 166260 27
9261 130663 26
9262 168137 17
9265 106585 17
9266 190335 17
9269 107320 37
9270 164698 27
9274 174357 36
9275 146272 37
9280 169895 27
9284 133270 17
9286 181585 26
9287 126197 27
9288 155227 7
9289 120765 6
9290 133671 17
9297 187775 8
9298 139949 38
9300 146532 18
9302 135322 47
9304 111694 26
9306 125039 27
9307 168145 27
9310 165942 17
9311 186116 17
9312 117529 8
9313 148255 37
9315 178437 28
9316 132121 27
9321 129368 28
9322 114113 27
9325 171807 17
9326 169266 17
9328 147982 38
9330 188235 27
9331 173178 17
9335 106952 17
9339 145492 16
9341 142521 17
9343 104056 37
9345 164511 37
9346 156807 46
9347 179085 27
9348 174243 7
9350 143021 27
9351 129785 37
9352 114957 27
9354 177072 37
9355 110793 36
9357 163968 18
9358 134319 27
9361 191176 17
9363 119176 27
9364 182088 48
9369 99769 17
9371 109477 46
9373 183276 27
9379 183477 27
9380 151451 18
9383 177576 27
9384 100637 17
9385 129026 37
9387 117466 18
9391 156084 27
9392 192672 26
9394 107590 16
9395 128140 17
9397 139194 18
9398 177482 17
9399 98710 37
9400 133960 26
9401 98690 38
9403 115932 17
9406 108364 47
9411 141291 37
9415 177288 26
9416 185121 37
9417 116358 16
9419 174775 37
9421 132172 26
9424 105698 48
9425 155180 46
9427 132547 47
9428 143259 17
9431 112095 28
9434 117425 37
9435 157071 37
9436 190894 37
9440 148555 18
9441 165665 26
9442 134675 37
9443 161619 6
9444 155156 26
9445 132382 27
9447 106960 38
9448 103853 8
9450 151674 17
9451 100178 37
9452 178926 28
9454 113201 27
9455 106975 48
9456 111643 6
9460 123587 28
9462 138301 37
9463 152894 27
9466 181308 17
9468 116442 26
9469 142089 27
9470 98140 17
9472 131752 28
9474 159091 17
9475 160498 16
9476 169222 17
9478 157804 17
9481 164731 37
9482 119082 16
9486 125053 27
9487 149410 27
9488 159602 28
9490 99162 17
9492 144685 18
9495 144631 47
9497 158976 37
9499 100258 38
9501 179233 18
9507 102386 17
9508 163119 37
9510 130612 27
9512 116429 8
9513 100739 37
9515 136407 27
9516 113560 7
9520 186731 38
9522 116402 18
9524 169242 27
9530 148637 27
9539 140194 27
9540 107245 27
9542 119864 27
9545 107225 37
9548 127792 28
9552 170686 26
9555 182409 27
9557 147060 36
9558 143261 6
9559 187513 28
9561 117659 37
9562 187875 17
9563 186060 17
9566 137961 26
9567 127698 37
9572 170471 26
9573 98134 27
9575 147055 27
9576 162221 16
9580 184663 27
9581 135951 17
9583 141135 36
9584 156861 38
9585 175799 26
9589 153597 26
9591 175723 27
9598 111432 7
9601 141459 18
9604 191962 17
9606 145396 7
9608 125906 37
9611 128015 27
9615 135431 27
9617 119078 17
9621 100185 16
9623 104916 7
9626 154694 37
9629 154290 36
9633 134727 37
9637 122187 47
9638 120688 27
9639 173410 18
9641 150490 27
9643 125861 17
9645 170654 17
9647 134467 27
9648 136400 27
9650 125165 37
9651 164351 39
9652 103887 26
9653 176876 37
9654 165156 28
9655 126506 18
9657 134727 47
9658 179038 27
9660 122870 17
9661 150876 27
9662 108609 7
9663 193856 17
9664 177411 28
9666 159763 36
9667 112525 6
9669 107643 17
9672 167448 27
9675 115538 17
9676 125911 26
9677 113982 47
9678 172153 26
9682 169042 26
9683 185684 7
9684 183108 27
9685 171750 18
9686 120777 27
9688 101410 27
9689 182851 46
9690 109094 37
9691 133037 18
9692 154195 16
9693 193507 7
9694 172403 36
9696 127778 37
9701 165808 17
9702 134917 37
9704 122549 27
9709 159600 28
9711 147751 37
9713 130086 27
9715 131156 36
9718 143618 37
9722 170642 28
9725 108118 27
9726 161478 16
9727 184385 36
9728 154507 16
9732 134627 38
9734 149993 37
9736 140353 27
9738 178244 8
9739 132703 28
9740 116695 27
9743 149781 47
9744 188082 16
9745 126467 18
9748 152820 17
9753 154240 37
9755 183363 37
9756 161903 28
9759 139956 26
9760 180276 37
9762 130171 37
9764 125756 37
9765 172650 47
9767 169860 18
9768 151339 28
9769 106868 37
9771 113936 37
9776 113850 26
9778 122816 17
9781 170933 28
9784 151885 17
9787 106900 18
9788 119344 37
9792 180950 26
9794 149600 18
9795 178902 17
9798 148013 27
9799 118938 26
9800 130010 27
9801 124814 16
9802 159462 26
9803 150877 36
9805 144787 17
9806 135149 38
9807 110775 28
9808 145575 17
9809 163944 28
9811 119904 27
9812 170328 27
9814 141814 7
9818 99659 17
9819 144334 26
9825 188446 26
9827 152231 37
9828 114214 27
9830 118919 16
9832 103652 26
9833 126944 18
9835 125661 36
9836 190975 37
9837 121575 27
9838 128295 36
9840 125067 37
9846 109228 6
9848 120041 28
9851 122297 7
9853 151093 37
9854 147234 48
9855 143435 7
9856 176717 48
9858 106797 26
9859 164114 27
9862 133528 26
9863 105985 16
9868 174427 17
9874 173446 27
9876 138258 27
9881 171188 26
9885 179403 26
9887 150374 38
9888 151155 18
9893 164203 27
9895 172022 27
9896 183901 28
9897 160654 27
9903 169403 27
9904 97424 27
9905 169294 26
9906 193107 36
9907 124568 28
9911 109815 7
9916 162142 16
9917 134866 37
9918 172907 17
9920 99516 16
9925 99871 17
9926 178566 27
9928 181989 17
9930 126945 17
9933 170809 37
9935 139229 27
9937 143058 37
9938 106550 18
9940 158591 27
9941 188127 38
9943 161574 26
9947 157279 36
9948 114004 26
9949 101152 17
9951 179592 18
9954 114633 47
9955 167330 27
9956 175193 28
9959 186917 18
9962 97599 27
9965 161860 27
9967 183171 26
9970 193693 27
9971 176595 37
9977 126244 16
9978 183601 36
9979 101652 36
9980 150157 37
9982 126296 26
9983 163494 36
9984 101144 27
9986 178051 27
9988 168921 37
9989 185438 17
9991 144706 26
9993 184946 7
9996 149579 27
9999 100972 27
10000 172063 37
10001 126988 17
10003 134263 37
10005 97524 27
10006 99428 37
10008 120186 27
10009 148590 27
10011 141524 48
10012 111702 19
10016 191909 28
10019 100434 37
10021 182161 26
10026 142858 28
10031 118514 27
10034 125602 7
10037 153249 37
10040 108698 16
10046 173991 18
10048 180275 37
10049 125842 16
10050 137133 27
10054 110193 37
10056 178800 17
10057 165871 27
10059 186287 28
10060 111192 28
10061 140041 27
10064 146570 27
10065 123427 18
10066 158585 18
10069 148474 47
10071 147145 47
10075 101702 27
10076 103543 37
10082 121746 46
10084 168538 17
10085 103601 27
10087 111089 27
10088 127074 17
10089 137318 37
10090 119946 27
10091 113635 27
10092 156267 18
10094 113831 27
10098 165603 8
10102 167344 37
10103 185786 17
10104 154884 27
10105 146475 27
10106 139415 18
10109 150031 16
10110 153544 27
10111 108264 37
10114 141881 36
10117 127594 17
10118 106147 17
10119 132668 26
10121 110089 37
10125 121083 18
10127 145700 26
10133 101641 7
10134 157130 37
10135 112236 17
10136 99531 47
10137 163414 26
10139 183377 7
10141 157792 1003
10142 193464 7
10144 138919 17
10149 180389 17
10151 185867 28
10152 188878 27
10153 129520 47
10154 111884 37
10155 165215 17
10158 161445 17
10159 150744 18
10160 154675 17
10161 103006 37
10165 142461 29
10166 136157 28
10167 119819 48
10168 170238 16
10171 123010 17
10173 187277 37
10174 187605 37
10176 142247 7
10178 156235 6
10179 135236 37
10180 130734 17
10181 148880 17
10183 162541 38
10184 99580 27
10185 188494 27
10187 143125 27
10188 185852 28
10189 186440 37
10191 162227 47
10195 179540 27
