X cord  |  Y cord  |  time[ms]
0 596 5.6
0 4407 9.0
3 6 2.4
3 4997 14.8
4 2023 12.0
4 2980 3.6
5 1978 3.8
5 3025 13.6
7 1737 21.0
7 3266 6.0
8 340 6.8
8 4663 16.4
9 2194 14.6
9 2809 12.4
11 1320 6.6
11 3683 26.2
12 303 4.6
12 4700 14.8
13 1307 12.6
13 3696 14.6
15 1168 11.6
15 3835 15.4
17 1221 10.4
17 3782 12.2
18 1650 11.0
18 3353 22.0
22 1596 16.6
22 3407 7.6
23 165 5.4
23 4838 15.6
24 2295 17.2
24 2708 21.0
25 2128 5.6
25 2875 9.2
27 2150 8.6
27 2853 16.4
29 2411 6.2
29 2592 23.4
31 1308 6.4
31 3695 12.0
33 601 11.0
33 4402 15.0
34 1084 2.0
34 3919 8.6
35 631 2.8
35 4372 13.0
37 189 6.0
37 4814 14.8
38 2230 13.0
38 2773 10.8
39 441 4.6
39 4562 21.4
41 2098 21.0
41 2905 8.6
42 1259 3.2
42 3744 16.4
46 357 3.4
46 4646 13.2
47 1022 21.8
47 3981 20.4
48 25 6.0
48 4978 26.0
50 2039 9.2
50 2964 10.6
52 1659 12.8
52 3344 15.4
53 2074 8.6
53 2929 12.4
56 553 11.0
56 4450 14.8
58 2292 8.4
58 2711 22.0
59 201 11.0
59 4802 22.0
63 1915 11.8
63 3088 7.6
64 2357 13.2
64 2646 21.4
69 2391 12.6
69 2612 5.8
70 546 4.0
70 4457 17.6
71 1405 9.2
71 3598 6.2
73 1093 8.4
73 3910 12.6
77 2127 12.0
77 2876 8.0
78 2123 11.8
78 2880 12.6
81 2083 8.6
81 2920 8.0
83 986 6.8
83 4017 10.0
84 328 7.6
84 4675 14.8
85 1709 4.0
85 3294 8.6
86 2017 8.8
86 2986 12.6
89 1411 5.0
89 3592 17.0
90 982 8.8
90 4021 12.0
95 1521 8.2
95 3482 12.2
96 1000 16.4
96 4003 14.8
98 1954 4.0
98 3049 11.2
99 2230 8.4
99 2773 16.4
100 2003 6.4
100 3000 13.2
103 1880 6.8
103 3123 26.8
104 1000 8.8
104 4003 21.8
106 425 3.4
106 4578 16.6
107 886 16.0
107 4117 22.0
108 338 5.8
108 4665 7.8
109 2188 10.8
109 2815 16.6
112 1594 11.0
112 3409 17.6
115 14 3.0
115 4989 14.8
116 101 6.0
116 4902 15.0
118 312 4.2
118 4691 14.0
120 2094 26.6
120 2909 12.2
123 0 3.8
124 530 5.0
124 4473 16.2
125 2094 2.8
125 2909 16.4
126 995 6.0
126 4008 12.2
127 1004 3.2
127 3999 21.8
128 653 3.2
128 4350 15.4
129 236 6.4
129 4767 20.8
131 1981 206.2
131 3022 12.4
134 1075 3.8
134 3928 13.8
135 2320 6.6
135 2683 9.4
136 65 7.0
136 4938 10.4
137 2164 7.4
137 2839 9.4
139 2334 9.2
139 2669 14.8
140 2298 9.8
140 2705 13.2
144 273 7.0
144 4730 15.2
148 831 3.0
148 4172 8.4
149 1641 7.0
149 3362 13.4
150 451 6.0
150 4552 27.0
152 3 4.2
152 5000 14.8
154 917 5.6
154 4086 15.6
157 2461 11.8
157 2542 14.2
158 1876 3.4
158 3127 4.4
160 2295 7.2
160 2708 12.2
162 663 3.4
162 4340 6.4
163 59 4.6
163 4944 20.6
166 792 8.6
166 4211 9.6
167 1482 10.6
167 3521 10.6
168 263 10.2
168 4740 15.0
169 2412 9.2
169 2591 11.2
173 693 7.2
173 4310 7.6
176 724 5.8
176 4279 9.0
178 438 11.0
178 4565 20.6
181 1853 16.6
181 3150 20.6
183 72 4.4
183 4931 20.6
184 1865 12.4
184 3138 19.4
185 643 5.8
185 4360 15.4
187 609 8.0
187 4394 9.4
188 1869 11.4
188 3134 12.0
189 2000 7.2
189 3003 10.0
190 2317 21.0
190 2686 8.8
191 2413 17.0
191 2590 9.0
192 2137 11.8
192 2866 9.0
195 1514 12.0
195 3489 7.4
196 2346 10.2
196 2657 14.4
197 1977 6.8
197 3026 212.6
198 385 3.6
198 4618 8.6
202 167 1.8
202 4836 11.0
205 1413 11.0
205 3590 9.6
207 2281 11.8
207 2722 9.8
209 1648 3.2
209 3355 8.0
211 818 9.2
211 4185 14.8
212 1405 5.4
212 3598 13.0
215 1454 5.2
215 3549 12.6
217 2264 8.6
217 2739 2.0
219 2000 10.6
219 3003 12.2
227 637 12.2
227 4366 7.6
229 1841 8.6
229 3162 21.2
230 464 6.0
230 4539 11.8
231 2250 209.6
231 2753 18.4
232 831 14.0
232 4172 11.0
233 85 4.6
233 4918 20.8
234 1656 11.4
234 3347 21.2
236 1905 11.8
236 3098 6.0
237 1642 9.2
237 3361 21.0
238 1505 16.0
238 3498 11.8
239 1070 3.4
239 3933 11.8
240 756 4.2
240 4247 9.6
241 1843 14.2
241 3160 8.8
242 282 4.6
242 4721 26.2
243 1489 5.8
243 3514 9.6
244 1206 8.6
244 3797 20.2
245 2394 8.8
245 2609 6.0
249 2349 10.2
249 2654 17.2
252 533 4.4
252 4470 15.4
253 2023 6.8
253 2980 8.4
256 1856 8.0
256 3147 14.8
257 1983 5.4
257 3020 8.4
258 1510 9.2
258 3493 16.4
262 768 6.2
262 4235 13.2
265 1373 11.8
265 3630 17.2
266 1357 10.8
266 3646 18.6
267 1975 10.8
267 3028 7.4
268 336 5.8
268 4667 10.8
269 489 6.6
269 4514 14.8
270 2169 9.0
270 2834 6.4
275 2103 12.4
275 2900 17.0
276 929 5.6
276 4074 22.0
277 1534 9.2
277 3469 8.6
279 840 6.0
279 4163 12.0
285 1429 26.2
285 3574 21.0
287 2089 12.6
287 2914 13.8
288 897 10.0
288 4106 14.8
289 1102 6.2
289 3901 26.0
290 1890 9.6
290 3113 9.0
291 321 6.0
291 4682 19.4
292 1378 6.0
292 3625 13.4
293 1687 9.2
293 3316 12.6
294 112 4.2
294 4891 20.4
296 946 8.6
296 4057 15.4
302 2132 8.6
302 2871 5.8
304 607 9.2
304 4396 15.6
305 35 9.8
305 4968 14.6
308 1361 3.0
308 3642 22.0
311 802 15.8
311 4201 11.8
312 2166 6.0
312 2837 9.4
314 1361 8.2
314 3642 9.0
316 683 6.2
316 4320 15.4
317 2032 11.0
317 2971 10.2
322 1704 4.8
322 3299 10.8
324 1115 15.0
324 3888 17.0
326 785 16.0
326 4218 26.0
327 74 2.8
327 4929 21.0
329 1674 5.8
329 3329 10.0
334 2243 26.0
334 2760 15.2
336 601 8.2
336 4402 15.4
337 246 10.8
337 4757 26.2
338 2184 5.6
338 2819 8.6
342 956 10.2
342 4047 17.4
347 240 10.2
347 4763 22.0
348 418 4.4
348 4585 12.8
355 1172 6.2
355 3831 8.0
356 1506 6.6
356 3497 16.6
357 2421 12.2
357 2582 11.0
358 1154 12.4
358 3849 21.8
359 1372 4.2
359 3631 8.2
360 982 15.8
360 4021 12.0
361 153 6.0
361 4850 20.8
362 1613 9.2
362 3390 16.4
363 1728 6.2
363 3275 7.0
365 2452 7.2
365 2551 8.6
367 950 8.0
367 4053 7.8
372 790 7.0
372 4213 17.6
375 1722 16.2
375 3281 18.6
376 1372 5.6
376 3631 17.4
378 1879 6.0
378 3124 21.0
379 2459 9.0
379 2544 14.0
380 2157 9.2
380 2846 21.8
383 63 3.0
383 4940 11.0
384 778 9.0
384 4225 11.0
385 1755 10.2
385 3248 12.2
387 1401 6.2
387 3602 11.6
389 2387 17.0
389 2616 16.0
390 1263 6.4
390 3740 17.0
391 1165 8.0
391 3838 21.8
393 1454 6.0
393 3549 14.8
394 2425 12.8
394 2578 7.6
395 2057 16.0
395 2946 12.2
396 1822 13.2
396 3181 8.0
397 290 1.6
397 4713 8.4
399 1965 12.2
399 3038 16.4
400 786 4.6
400 4217 21.0
402 661 10.0
402 4342 19.8
403 1222 10.8
403 3781 12.4
404 1156 7.2
404 3847 14.8
407 561 3.6
407 4442 11.4
408 1459 3.2
408 3544 11.2
410 2078 7.6
410 2925 19.0
412 551 2.8
412 4452 20.8
414 2134 3.2
414 2869 9.6
416 1855 3.0
416 3148 6.0
418 1506 12.6
418 3497 9.2
423 568 11.0
423 4435 21.0
424 464 6.0
424 4539 22.2
427 209 6.0
427 4794 20.8
430 892 6.0
430 4111 13.8
431 1293 10.6
431 3710 16.2
432 1409 4.4
432 3594 8.2
436 1041 11.4
436 3962 13.4
437 784 8.2
437 4219 14.8
438 1389 207.2
438 3614 16.0
439 1993 8.2
439 3010 6.4
442 1025 5.6
442 3978 8.8
444 2048 5.6
444 2955 12.2
448 2396 11.2
448 2607 21.0
450 2360 6.0
450 2643 9.0
453 1487 8.6
453 3516 5.6
454 968 8.4
454 4035 20.2
455 2434 21.2
455 2569 13.0
456 1189 5.0
456 3814 12.8
457 2010 18.8
457 2993 11.0
458 1941 6.8
458 3062 12.8
460 2416 11.0
460 2587 11.2
466 941 8.6
466 4062 14.8
467 1682 7.4
467 3321 9.8
468 757 7.0
468 4246 9.4
470 687 1.6
470 4316 10.6
474 1034 4.4
474 3969 11.0
475 1883 4.8
475 3120 8.8
476 191 1.6
476 4812 11.0
481 1836 16.8
481 3167 8.8
482 1300 3.4
482 3703 6.8
485 1746 10.6
485 3257 13.0
486 271 8.2
486 4732 26.0
490 2411 8.4
490 2592 9.4
491 645 6.2
491 4358 11.2
495 1073 12.4
495 3930 16.6
496 726 3.0
496 4277 13.2
497 785 3.0
497 4218 7.6
498 619 7.0
498 4384 20.4
499 2354 8.2
499 2649 7.2
500 960 5.8
500 4043 11.8
502 1335 5.0
502 3668 8.8
504 1095 8.6
504 3908 12.2
505 1165 16.6
505 3838 22.0
506 770 5.0
506 4233 14.0
507 2480 11.6
507 2523 10.8
510 1115 5.6
510 3888 18.4
513 1653 12.4
513 3350 16.6
516 286 6.0
516 4717 15.0
517 1301 8.4
517 3702 15.4
518 886 8.0
518 4117 17.4
519 936 10.4
519 4067 13.0
520 2150 11.8
520 2853 9.0
521 1305 10.2
521 3698 20.4
524 51 6.0
524 4952 14.8
525 2356 26.0
525 2647 16.6
527 1101 9.0
527 3902 9.2
531 2106 15.2
531 2897 12.8
532 1642 8.6
532 3361 22.0
533 869 4.4
533 4134 16.0
536 120 2.6
536 4883 9.4
537 357 11.0
537 4646 16.6
539 488 5.8
539 4515 5.8
542 189 7.8
542 4814 14.8
544 964 8.0
544 4039 11.0
545 1729 7.4
545 3274 11.6
549 1399 3.4
549 3604 8.8
552 841 10.2
552 4162 14.8
554 1532 12.4
554 3471 15.0
556 953 11.2
556 4050 6.2
560 1021 5.4
560 3982 16.6
563 1284 7.6
563 3719 14.4
564 2143 16.4
564 2860 12.4
566 1485 5.8
566 3518 5.6
567 1885 8.4
567 3118 17.0
568 687 2.6
568 4316 9.6
570 2323 8.4
570 2680 8.4
574 893 5.8
574 4110 17.0
576 2260 11.0
576 2743 11.2
579 1622 14.2
579 3381 7.2
581 1392 6.6
581 3611 16.6
582 188 3.0
582 4815 15.2
583 1356 11.2
583 3647 11.4
587 507 3.0
587 4496 14.6
588 1534 9.2
588 3469 16.4
589 11 3.0
589 4992 16.0
593 674 5.8
593 4329 21.4
596 662 4.6
596 4341 20.8
600 41 6.6
600 4962 10.4
603 31 1.6
603 4972 21.8
604 1592 8.4
604 3411 7.8
605 2242 14.2
605 2761 21.4
607 1406 10.8
607 3597 12.2
608 335 5.6
608 4668 16.0
610 1644 3.2
610 3359 11.0
613 244 6.8
613 4759 16.2
614 868 6.2
614 4135 11.4
617 732 4.6
617 4271 12.0
621 1968 8.4
621 3035 12.6
622 2369 26.0
622 2634 16.2
625 2090 26.0
625 2913 11.4
626 1012 5.0
626 3991 20.6
635 2033 3.2
635 2970 6.0
636 248 7.2
636 4755 15.2
637 2148 11.2
637 2855 21.0
640 152 6.0
640 4851 21.6
642 1808 6.4
642 3195 11.4
643 2386 8.6
643 2617 21.2
645 432 6.0
645 4571 26.0
646 645 4.4
646 4358 20.4
647 703 2.6
647 4300 5.6
648 1842 8.4
648 3161 19.6
649 942 12.4
649 4061 17.8
650 1720 8.6
650 3283 14.6
651 2028 14.8
651 2975 11.0
654 2305 9.4
654 2698 8.6
655 452 7.6
655 4551 26.0
658 1467 4.2
658 3536 3.8
659 1121 7.6
659 3882 20.4
660 872 6.0
660 4131 17.0
661 1060 9.0
661 3943 15.0
664 2279 16.2
664 2724 8.8
669 2347 16.6
669 2656 3.6
672 1400 7.4
672 3603 12.6
675 1929 5.8
675 3074 10.2
676 1830 8.8
676 3173 9.2
678 843 3.0
678 4160 8.8
679 22 207.6
679 4981 15.2
683 48 8.0
683 4955 14.6
684 662 3.2
684 4341 11.4
685 113 6.0
685 4890 26.0
686 2428 8.2
686 2575 7.8
687 1275 6.2
687 3728 20.4
690 153 2.6
690 4850 7.6
691 313 9.2
691 4690 14.8
693 1233 12.4
693 3770 5.8
694 1203 13.0
694 3800 10.4
695 1939 5.8
695 3064 9.0
697 1759 7.0
697 3244 9.6
698 1422 6.4
698 3581 5.4
703 2245 12.4
703 2758 12.6
704 584 6.0
704 4419 14.8
708 582 4.6
708 4421 26.0
709 314 5.8
709 4689 19.6
710 1286 7.6
710 3717 10.8
714 702 8.6
714 4301 14.8
716 1732 3.2
716 3271 12.2
717 85 6.0
717 4918 26.0
718 1509 12.4
718 3494 25.2
722 2462 8.8
722 2541 9.2
723 590 4.6
723 4413 21.0
729 1969 11.4
729 3034 8.6
730 235 1.6
730 4768 16.0
735 298 2.8
735 4705 15.2
737 1845 14.2
737 3158 5.8
738 2421 9.0
738 2582 21.0
739 288 6.0
739 4715 20.4
742 2212 8.6
742 2791 17.0
744 18 2.8
744 4985 20.4
746 681 2.8
746 4322 12.6
748 1229 4.4
748 3774 21.0
750 242 6.0
750 4761 15.0
753 924 4.6
753 4079 26.6
755 522 6.0
755 4481 14.8
756 821 1.6
756 4182 10.4
757 67 4.2
757 4936 14.8
758 122 8.6
758 4881 26.6
760 2062 11.0
760 2941 12.6
764 230 2.6
764 4773 20.4
767 670 6.0
767 4333 20.4
771 530 3.0
771 4473 8.4
772 957 5.6
772 4046 12.6
777 2355 11.4
777 2648 16.2
779 2299 4.4
779 2704 14.8
780 2117 4.2
780 2886 20.2
781 633 5.8
781 4370 11.8
782 1057 1.6
782 3946 10.8
785 1122 9.6
785 3881 20.2
786 2419 11.8
786 2584 7.0
788 377 15.6
788 4626 26.2
791 136 6.0
791 4867 11.8
792 1819 5.6
792 3184 18.8
794 2005 16.0
794 2998 14.4
796 2374 14.8
796 2629 12.4
801 382 3.0
801 4621 13.2
802 130 6.0
802 4873 26.0
803 2373 11.0
803 2630 8.6
806 222 8.6
806 4781 11.8
808 524 3.0
808 4479 15.2
809 222 11.2
809 4781 14.6
810 812 5.6
810 4191 21.0
812 54 2.6
812 4949 26.0
816 863 11.0
816 4140 20.0
817 1818 12.6
817 3185 14.8
818 497 4.6
818 4506 19.4
819 1472 9.6
819 3531 9.6
820 95 3.0
820 4908 10.0
822 1293 2.6
822 3710 11.6
824 598 8.0
824 4405 15.8
827 1819 7.2
827 3184 13.0
832 277 7.2
832 4726 16.4
833 1015 3.2
833 3988 11.8
834 1328 6.0
834 3675 26.0
835 1448 18.2
835 3555 11.6
837 901 6.8
837 4102 20.4
839 1433 8.8
839 3570 9.6
843 1731 8.4
843 3272 16.4
844 2234 13.4
844 2769 13.0
845 32 5.4
845 4971 14.8
848 106 4.6
848 4897 14.4
849 1160 3.4
849 3843 17.8
850 116 4.4
850 4887 20.6
851 1276 3.6
851 3727 11.0
852 486 6.2
852 4517 17.4
854 1027 7.2
854 3976 21.2
856 2264 5.4
856 2739 6.0
857 1076 6.4
857 3927 14.0
858 41 2.8
858 4962 10.8
861 37 8.8
861 4966 14.6
864 1685 8.6
864 3318 26.0
866 1712 5.2
866 3291 6.4
868 1635 5.2
868 3368 19.6
869 1053 6.0
869 3950 12.6
871 1632 3.0
871 3371 15.8
874 514 6.0
874 4489 19.4
878 84 6.0
878 4919 26.0
879 1537 6.6
879 3466 17.2
880 548 11.0
880 4455 14.8
881 1325 4.4
881 3678 5.8
882 479 6.2
882 4524 26.0
883 2222 16.0
883 2781 8.6
884 458 1.6
884 4545 16.0
885 592 11.0
885 4411 21.0
886 285 2.4
886 4718 14.6
887 1004 5.8
887 3999 20.4
890 677 11.0
890 4326 20.2
891 2002 6.0
891 3001 13.0
893 349 11.2
893 4654 13.8
895 1100 7.4
895 3903 18.0
896 473 5.0
896 4530 11.6
901 1558 8.2
901 3445 5.8
902 1531 8.6
902 3472 8.0
904 1076 8.6
904 3927 26.0
906 1807 11.0
906 3196 21.0
909 1798 8.4
909 3205 14.4
911 991 13.8
911 4012 16.6
912 2374 20.0
912 2629 13.4
913 908 8.4
913 4095 20.6
914 1154 8.4
914 3849 9.6
915 764 6.0
915 4239 17.8
918 2262 16.4
918 2741 8.6
919 1640 21.2
919 3363 13.0
920 508 6.0
920 4495 22.0
922 139 3.0
922 4864 21.8
924 2058 16.6
924 2945 16.0
927 1749 11.0
927 3254 8.2
928 657 3.0
928 4346 16.0
931 808 8.4
931 4195 14.4
934 2451 18.4
934 2552 21.0
935 1539 4.0
935 3464 15.4
936 257 6.0
936 4746 26.0
937 340 2.8
937 4663 14.2
939 1638 7.2
939 3365 12.4
940 1643 6.0
940 3360 12.4
942 112 10.6
942 4891 26.0
943 1436 2.8
943 3567 13.4
944 1366 3.8
944 3637 3.6
947 1791 5.8
947 3212 14.6
948 132 6.0
948 4871 14.2
949 1718 4.0
949 3285 19.2
952 2121 4.4
952 2882 5.6
953 1318 11.8
953 3685 21.0
958 1387 6.0
958 3616 16.8
961 1570 12.4
961 3433 12.2
965 1217 9.4
965 3786 13.8
967 909 12.4
967 4094 11.2
968 1797 6.2
968 3206 12.8
969 1731 14.8
969 3272 11.2
970 1930 9.0
970 3073 7.2
971 1246 5.4
971 3757 16.0
975 895 6.0
975 4108 7.8
977 1014 8.4
977 3989 9.2
983 1439 8.8
983 3564 9.4
984 1196 8.6
984 3807 21.2
985 2436 12.0
985 2567 3.0
987 1941 16.0
987 3062 11.4
988 1051 16.2
988 3952 20.4
989 306 3.0
989 4697 10.2
991 1504 3.0
991 3499 21.0
995 285 4.4
995 4718 20.8
997 1116 11.0
997 3887 21.0
998 1345 6.0
998 3658 11.6
999 907 8.4
999 4096 11.2
1001 1206 5.4
1001 3797 14.8
1002 214 2.6
1002 4789 15.0
1006 1911 16.2
1006 3092 13.6
1009 2097 16.2
1009 2906 411.2
1011 471 7.8
1011 4532 20.6
1012 323 3.0
1012 4680 16.0
1013 627 11.0
1013 4376 16.2
1016 1898 7.2
1016 3105 10.8
1017 744 8.6
1017 4259 8.8
1019 786 2.6
1019 4217 6.0
1020 2452 7.2
1020 2551 12.2
1021 33 4.6
1021 4970 26.0
1023 463 4.4
1023 4540 20.4
1027 185 4.2
1027 4818 20.6
1031 2199 11.0
1031 2804 21.0
1032 1691 10.2
1032 3312 20.0
1033 95 6.0
1033 4908 15.2
1034 248 7.0
1034 4755 22.2
1035 2239 9.6
1035 2764 5.6
1039 829 8.6
1039 4174 14.2
1041 1471 16.4
1041 3532 10.6
1044 1024 11.0
1044 3979 26.0
1048 714 3.0
1048 4289 15.8
1049 788 11.0
1049 4215 20.0
1050 1779 17.8
1050 3224 11.0
1054 2084 9.4
1054 2919 17.0
1055 441 7.2
1055 4562 16.4
1056 2003 6.4
1056 3000 11.4
1058 1164 8.8
1058 3839 16.2
1061 1607 3.4
1061 3396 13.2
1062 65 1.6
1062 4938 16.0
1063 703 4.0
1063 4300 5.8
1064 1281 11.0
1064 3722 19.8
1066 2500 8.8
1066 2503 19.6
1067 1698 16.0
1067 3305 11.6
1070 2405 11.2
1070 2598 10.8
1072 1796 5.0
1072 3207 10.4
1073 2325 13.8
1073 2678 9.2
1074 328 2.6
1074 4675 9.6
1075 1245 6.0
1075 3758 14.8
1076 2357 14.0
1076 2646 8.4
1077 2483 4.6
1077 2520 16.0
1079 778 8.4
1079 4225 26.2
1081 1259 4.0
1081 3744 7.4
1082 2290 10.4
1082 2713 5.4
1084 1654 8.8
1084 3349 15.2
1086 537 8.0
1086 4466 17.0
1087 2275 8.6
1087 2728 7.2
1088 523 5.4
1088 4480 20.0
1090 291 5.6
1090 4712 14.8
1091 8 1.4
1091 4995 16.0
1092 1452 5.4
1092 3551 15.8
1094 1211 12.6
1094 3792 12.6
1095 1526 21.0
1095 3477 16.0
1096 22 2.8
1096 4981 14.6
1097 1561 12.2
1097 3442 21.0
1100 1255 12.8
1100 3748 13.0
1102 619 1.6
1102 4384 10.8
1103 1876 8.2
1103 3127 8.2
1104 135 4.6
1104 4868 15.0
1106 1281 14.0
1106 3722 12.6
1107 2434 6.6
1107 2569 11.6
1109 433 4.6
1109 4570 17.6
1111 407 6.0
1111 4596 221.4
1112 1227 8.8
1112 3776 11.8
1114 391 9.6
1114 4612 16.8
1115 792 7.6
1115 4211 14.4
1117 837 8.8
1117 4166 9.4
1118 2222 8.8
1118 2781 7.4
1120 2015 13.0
1120 2988 16.4
1122 1617 9.2
1122 3386 21.0
1125 2483 8.6
1125 2520 11.2
1126 172 4.4
1126 4831 14.8
1131 382 1.6
1131 4621 11.0
1133 1020 11.0
1133 3983 26.0
1134 2154 21.0
1134 2849 16.0
1135 1686 6.0
1135 3317 11.4
1136 1363 6.0
1136 3640 209.8
1137 1525 17.0
1137 3478 16.4
1138 2336 11.0
1138 2667 9.2
1139 2281 6.8
1139 2722 8.0
1140 2420 11.0
1140 2583 9.4
1142 1530 16.6
1142 3473 9.4
1143 913 11.0
1143 4090 26.2
1148 724 3.0
1148 4279 8.2
1149 1120 6.2
1149 3883 16.4
1150 18 3.0
1150 4985 21.8
1151 1984 8.2
1151 3019 11.4
1153 1849 6.8
1153 3154 11.8
1158 150 2.6
1158 4853 20.2
1159 2162 16.0
1159 2841 12.2
1161 1835 8.0
1161 3168 16.0
1162 2039 5.6
1162 2964 11.2
1163 370 4.6
1163 4633 14.4
1164 2096 6.0
1164 2907 6.0
1166 919 6.0
1166 4084 21.0
1168 2078 16.0
1168 2925 12.2
1169 972 15.0
1169 4031 8.4
1170 941 6.4
1170 4062 14.2
1171 2132 6.4
1171 2871 20.6
1172 2119 12.4
1172 2884 16.0
1173 323 3.0
1173 4680 10.8
1174 2263 10.8
1174 2740 8.2
1175 908 8.6
1175 4095 8.8
1178 170 7.8
1178 4833 14.8
1182 1097 6.0
1182 3906 24.6
1183 1795 11.0
1183 3208 11.6
1190 920 8.6
1190 4083 14.8
1195 1300 8.0
1195 3703 16.4
1196 2051 6.4
1196 2952 16.0
1197 2077 6.0
1197 2926 212.6
1198 28 6.0
1198 4975 14.2
1199 2423 9.6
1199 2580 21.0
1200 1582 8.6
1200 3421 21.0
1203 1798 3.2
1203 3205 3.6
1204 839 3.6
1204 4164 16.2
1206 2044 5.6
1206 2959 10.2
1207 1049 8.4
1207 3954 12.0
1209 9 5.6
1209 4994 15.4
1210 729 6.8
1210 4274 9.0
1211 1005 7.6
1211 3998 13.4
1213 1286 10.0
1213 3717 16.4
1215 2383 6.0
1215 2620 7.8
1216 158 4.6
1216 4845 16.0
1220 1301 5.6
1220 3702 14.2
1221 1216 7.6
1221 3787 9.8
1227 1738 7.2
1227 3265 10.8
1228 2095 8.6
1228 2908 16.4
1232 1527 4.4
1232 3476 20.4
1233 1878 12.2
1233 3125 10.0
1234 383 3.0
1234 4620 20.4
1236 2254 14.0
1236 2749 4.4
1237 1918 14.2
1237 3085 11.6
1239 109 1.6
1239 4894 16.0
1242 1053 3.0
1242 3950 9.0
1245 107 7.0
1245 4896 26.2
1246 1804 5.8
1246 3199 11.8
1249 917 11.0
1249 4086 26.0
1251 1878 3.6
1251 3125 11.4
1259 1157 3.6
1259 3846 17.0
1262 2151 9.0
1262 2852 7.4
1264 1384 4.2
1264 3619 13.4
1269 1854 3.2
1269 3149 17.8
1270 1841 4.6
1270 3162 26.0
1272 809 5.8
1272 4194 14.8
1274 593 6.4
1274 4410 21.0
1277 1512 8.8
1277 3491 22.6
1281 404 3.0
1281 4599 21.8
1283 1634 8.2
1283 3369 11.4
1286 509 10.0
1286 4494 26.2
1287 215 2.6
1287 4788 14.8
1289 2389 3.6
1289 2614 7.8
1291 1892 5.4
1291 3111 11.2
1293 1707 8.0
1293 3296 5.4
1294 582 9.0
1294 4421 11.8
1295 2355 7.4
1295 2648 18.4
1296 985 5.4
1296 4018 16.4
1300 235 5.6
1300 4768 15.2
1302 1107 8.8
1302 3896 9.8
1303 1524 11.8
1303 3479 9.0
1305 1343 10.8
1305 3660 12.6
1307 1344 8.2
1307 3659 12.4
1308 1936 12.2
1308 3067 5.4
1309 784 5.8
1309 4219 19.4
1310 24 2.6
1310 4979 14.2
1311 1937 6.0
1311 3066 12.0
1313 147 4.6
1313 4856 8.6
1318 338 6.8
1318 4665 13.2
1320 1733 13.0
1320 3270 14.2
1321 900 5.8
1321 4103 13.6
1322 2229 14.4
1322 2774 16.2
1324 2402 6.2
1324 2601 16.0
1325 1686 6.2
1325 3317 12.4
1328 336 11.0
1328 4667 24.0
1330 509 4.4
1330 4494 21.0
1335 2492 8.2
1335 2511 3.4
1339 2367 12.2
1339 2636 12.2
1341 1698 11.4
1341 3305 11.6
1343 909 1.6
1343 4094 13.2
1344 1892 9.0
1344 3111 4.2
1346 752 10.0
1346 4251 14.2
1349 482 4.8
1349 4521 7.6
1351 2007 7.2
1351 2996 8.0
1353 2177 14.4
1353 2826 9.2
1354 1255 6.0
1354 3748 18.6
1355 1160 5.8
1355 3843 210.4
1356 670 10.8
1356 4333 13.4
1360 1919 8.4
1360 3084 9.2
1366 1613 6.2
1366 3390 13.4
1368 553 10.6
1368 4450 16.4
1370 1916 17.0
1370 3087 21.0
1371 17 5.6
1371 4986 20.2
1372 510 2.6
1372 4493 20.4
1373 1620 16.0
1373 3383 26.0
1377 1579 6.0
1377 3424 11.0
1379 2190 7.2
1379 2813 13.0
1380 504 2.6
1380 4499 14.0
1383 816 3.8
1383 4187 20.4
1386 1756 9.4
1386 3247 15.8
1389 899 11.0
1389 4104 14.8
1391 220 4.6
1391 4783 14.2
1393 598 3.2
1393 4405 17.8
1394 1402 2.4
1394 3601 19.4
1395 1147 11.6
1395 3856 21.0
1396 306 11.2
1396 4697 20.4
1398 1838 7.8
1398 3165 5.6
1400 1222 6.2
1400 3781 16.6
1401 1212 8.4
1401 3791 12.6
1402 2312 10.2
1402 2691 7.6
1403 68 7.2
1403 4935 14.2
1404 425 1.4
1404 4578 13.0
1406 1649 11.0
1406 3354 22.0
1407 1166 11.0
1407 3837 9.0
1412 1641 4.6
1412 3362 12.2
1418 2116 4.4
1418 2887 16.0
1419 730 2.6
1419 4273 16.4
1420 2389 16.2
1420 2614 11.8
1421 1468 8.8
1421 3535 9.6
1423 63 7.2
1423 4940 20.4
1424 1364 5.6
1424 3639 9.0
1428 2256 8.6
1428 2747 3.0
1429 648 4.2
1429 4355 14.6
1430 1299 5.8
1430 3704 14.6
1432 1545 11.2
1432 3458 14.2
1433 2167 5.2
1433 2836 15.8
1436 110 6.0
1436 4893 14.6
1437 2144 15.0
1437 2859 26.0
1440 2193 8.0
1440 2810 10.2
1441 885 8.4
1441 4118 9.2
1444 1628 8.2
1444 3375 16.0
1445 600 3.6
1445 4403 7.2
1447 2234 11.0
1447 2769 5.2
1451 590 6.0
1451 4413 26.0
1453 2195 3.0
1453 2808 10.2
1455 2299 5.2
1455 2704 7.0
1456 504 8.6
1456 4499 18.0
1459 2237 11.0
1459 2766 6.0
1463 1894 10.8
1463 3109 21.0
1465 907 5.2
1465 4096 20.4
1466 2193 11.0
1466 2810 16.0
1468 1462 8.4
1468 3541 8.8
1473 1739 4.2
1473 3264 3.6
1474 1464 6.0
1474 3539 21.0
1478 538 6.0
1478 4465 14.6
1481 2373 12.2
1481 2630 7.0
1485 551 6.6
1485 4452 12.2
1486 2386 8.2
1486 2617 16.0
1489 1424 12.4
1489 3579 16.0
1490 1002 11.0
1490 4001 12.2
1492 1984 8.4
1492 3019 13.6
1493 260 5.6
1493 4743 9.4
1495 1849 11.2
1495 3154 9.0
1496 1626 5.4
1496 3377 13.4
1501 424 10.6
1501 4579 21.0
1503 2465 14.8
1503 2538 13.8
1506 217 10.8
1506 4786 14.6
1510 1458 10.0
1510 3545 212.4
1511 711 2.8
1511 4292 6.4
1512 1482 6.8
1512 3521 7.0
1514 1303 2.4
1514 3700 7.2
1515 710 12.2
1515 4293 14.0
1516 962 8.6
1516 4041 12.2
1517 1310 2.8
1517 3693 8.0
1520 1950 7.4
1520 3053 2.8
1522 1412 3.2
1522 3591 14.2
1523 49 5.8
1523 4954 14.4
1527 1719 8.6
1527 3284 11.8
1529 839 5.6
1529 4164 22.0
1533 2350 16.0
1533 2653 11.0
1538 2123 11.8
1538 2880 10.2
1542 1246 6.0
1542 3757 16.4
1546 1756 5.8
1546 3247 5.2
1547 2396 11.4
1547 2607 15.8
1551 1592 2.4
1551 3411 9.0
1553 1011 16.0
1553 3992 8.6
1556 2480 16.2
1556 2523 6.0
1560 2298 9.2
1560 2705 7.2
1564 2392 17.4
1564 2611 4.4
1565 963 4.4
1565 4040 15.8
1568 170 1.6
1568 4833 7.8
1569 6 1.6
1569 4997 10.0
1575 1049 8.8
1575 3954 19.0
1578 1353 3.6
1578 3650 14.0
1581 608 3.6
1581 4395 14.2
1584 2293 7.2
1584 2710 11.6
1585 1274 7.2
1585 3729 221.2
1586 243 4.2
1586 4760 14.2
1587 1902 8.6
1587 3101 14.6
1589 942 5.8
1589 4061 17.2
1590 763 11.0
1590 4240 12.2
1591 2077 16.8
1591 2926 14.2
1593 243 1.6
1593 4760 16.0
1594 1226 8.8
1594 3777 7.0
1596 879 9.8
1596 4124 15.2
1598 2229 12.2
1598 2774 3.4
1599 1101 5.6
1599 3902 26.0
1600 1385 12.0
1600 3618 15.6
1601 1476 12.2
1601 3527 11.8
1604 246 3.6
1604 4757 11.6
1605 435 12.6
1605 4568 24.0
1606 384 6.0
1606 4619 20.2
1607 592 2.6
1607 4411 20.2
1608 865 6.2
1608 4138 11.0
1610 303 3.0
1610 4700 26.0
1612 2271 13.8
1612 2732 13.8
1614 284 2.8
1614 4719 14.0
1616 275 4.6
1616 4728 14.2
1618 1594 2.6
1618 3409 11.2
1619 2457 8.6
1619 2546 12.2
1620 2140 16.2
1620 2863 12.0
1624 379 7.0
1624 4624 26.0
1626 2036 16.2
1626 2967 8.2
1627 1771 8.0
1627 3232 8.4
1628 1869 16.0
1628 3134 18.2
1629 896 8.2
1629 4107 14.2
1630 220 4.6
1630 4783 14.2
1631 452 3.0
1631 4551 9.0
1632 2097 8.4
1632 2906 21.0
1633 837 8.2
1633 4166 19.2
1634 2028 6.0
1634 2975 14.8
1635 1569 12.0
1635 3434 13.0
1641 1524 9.4
1641 3479 7.2
1643 833 8.2
1643 4170 11.2
1648 1070 12.2
1648 3933 20.8
1649 1845 4.2
1649 3158 9.2
1650 412 4.0
1650 4591 17.4
1651 691 7.8
1651 4312 23.6
1653 2474 5.4
1653 2529 11.4
1655 1958 14.2
1655 3045 14.6
1658 51 6.2
1658 4952 15.8
1660 1299 5.0
1660 3704 13.2
1661 727 6.0
1661 4276 14.2
1662 1025 3.0
1662 3978 9.8
1663 1374 4.6
1663 3629 8.4
1664 1600 3.0
1664 3403 8.8
1665 566 4.2
1665 4437 20.4
1666 545 11.0
1666 4458 20.0
1668 1774 11.0
1668 3229 15.8
1669 1268 5.6
1669 3735 16.4
1670 842 2.8
1670 4161 11.6
1671 1588 12.6
1671 3415 5.8
1674 1008 6.0
1674 3995 10.0
1675 2042 6.8
1675 2961 18.8
1677 1295 16.0
1677 3708 21.0
1682 2378 21.0
1682 2625 8.2
1683 423 3.4
1683 4580 16.8
1687 484 8.4
1687 4519 20.0
1688 249 4.8
1688 4754 26.0
1690 2243 9.0
1690 2760 15.8
1692 1969 11.0
1692 3034 21.0
1696 985 403.8
1696 4018 10.0
1698 1818 3.6
1698 3185 6.8
1701 1476 6.0
1701 3527 9.2
1703 2010 11.4
1703 2993 12.6
1704 537 5.0
1704 4466 12.8
1705 1093 2.6
1705 3910 20.4
1706 1839 21.0
1706 3164 17.0
1708 2466 16.0
1708 2537 8.4
1711 1292 3.0
1711 3711 16.0
1713 956 2.8
1713 4047 11.4
1714 1320 5.0
1714 3683 14.6
1716 1122 5.6
1716 3881 15.0
1721 354 6.4
1721 4649 10.8
1725 1500 12.2
1725 3503 16.6
1728 1175 6.2
1728 3828 14.4
1731 519 14.0
1731 4484 14.4
1732 1104 11.2
1732 3899 8.6
1733 1440 2.8
1733 3563 11.0
1734 585 8.2
1734 4418 12.0
1736 1837 12.4
1736 3166 8.4
1737 1735 11.0
1737 3268 16.0
1738 1639 7.6
1738 3364 20.4
1739 798 8.8
1739 4205 11.2
1741 237 9.8
1741 4766 20.4
1744 1918 4.0
1744 3085 16.4
1746 1585 8.4
1746 3418 8.6
1748 1038 5.2
1748 3965 13.4
1749 1800 9.6
1749 3203 3.6
1751 1026 5.2
1751 3977 11.0
1753 1041 12.0
1753 3962 7.6
1754 2048 8.4
1754 2955 7.4
1757 939 3.0
1757 4064 8.8
1759 2252 11.4
1759 2751 12.2
1760 1767 8.0
1760 3236 8.0
1767 1075 4.6
1767 3928 14.6
1770 80 6.4
1770 4923 14.0
1771 1874 16.2
1771 3129 9.0
1772 2014 8.8
1772 2989 18.8
1773 1185 16.0
1773 3818 14.2
1774 1887 16.0
1774 3116 8.2
1775 360 6.4
1775 4643 16.2
1776 486 4.6
1776 4517 14.0
1777 796 4.8
1777 4207 11.8
1779 1325 14.4
1779 3678 14.2
1780 964 5.2
1780 4039 16.2
1785 99 5.0
1785 4904 26.0
1786 2323 7.6
1786 2680 12.0
1787 1539 5.0
1787 3464 7.2
1790 1007 3.0
1790 3996 11.8
1791 539 5.0
1791 4464 16.4
1794 637 3.6
1794 4366 16.8
1797 1685 7.4
1797 3318 16.0
1798 1911 16.0
1798 3092 9.0
1799 783 6.8
1799 4220 210.2
1802 2162 12.0
1802 2841 12.6
1805 206 9.4
1805 4797 26.0
1806 1881 8.2
1806 3122 12.2
1807 1188 5.6
1807 3815 9.0
1808 1489 3.0
1808 3514 10.8
1810 1965 5.4
1810 3038 9.0
1811 1579 4.8
1811 3424 8.6
1813 596 6.4
1813 4407 26.0
1815 1579 16.0
1815 3424 16.2
1816 272 3.0
1816 4731 14.8
1820 753 11.8
1820 4250 8.8
1822 1574 14.0
1822 3429 20.0
1823 2319 21.0
1823 2684 8.0
1824 243 3.2
1824 4760 25.4
1827 2285 11.0
1827 2718 12.2
1828 2343 12.0
1828 2660 20.6
1829 2096 16.0
1829 2907 11.0
1830 1359 3.4
1830 3644 21.8
1831 2059 21.0
1831 2944 8.2
1832 1164 8.6
1832 3839 12.6
1833 958 7.0
1833 4045 18.6
1835 1787 16.0
1835 3216 8.8
1836 2106 6.0
1836 2897 8.0
1837 869 12.8
1837 4134 11.2
1838 498 2.8
1838 4505 11.6
1839 45 6.0
1839 4958 14.4
1840 427 3.2
1840 4576 10.4
1841 1317 9.6
1841 3686 20.6
1844 271 8.2
1844 4732 9.2
1845 411 8.0
1845 4592 21.0
1846 791 4.6
1846 4212 14.2
1848 991 1.8
1848 4012 10.0
1850 1305 2.8
1850 3698 26.0
1851 2074 6.0
1851 2929 18.0
1852 1736 11.2
1852 3267 15.4
1854 597 14.8
1854 4406 20.2
1855 2275 20.0
1855 2728 9.0
1856 671 6.8
1856 4332 16.0
1857 2242 11.8
1857 2761 20.8
1858 924 5.6
1858 4079 14.4
1859 2024 12.4
1859 2979 11.0
1860 729 9.0
1860 4274 5.8
1861 574 6.2
1861 4429 16.6
1864 2279 16.0
1864 2724 5.8
1865 2416 22.6
1865 2587 3.6
1866 1367 5.8
1866 3636 9.6
1868 1261 10.8
1868 3742 20.8
1870 788 8.6
1870 4215 14.6
1872 829 1.8
1872 4174 12.8
1874 1640 5.6
1874 3363 12.2
1875 1133 11.0
1875 3870 20.6
1877 1085 11.0
1877 3918 11.8
1881 352 11.0
1881 4651 11.8
1883 805 9.0
1883 4198 26.0
1885 1244 8.2
1885 3759 12.2
1886 1610 9.0
1886 3393 12.2
1889 520 6.2
1889 4483 26.0
1891 1377 10.4
1891 3626 21.0
1892 1704 10.8
1892 3299 12.2
1898 129 3.2
1898 4874 26.0
1899 1848 16.2
1899 3155 20.6
1900 496 10.0
1900 4507 15.2
1901 381 6.8
1901 4622 11.4
1906 165 2.0
1906 4838 10.2
1909 2240 16.2
1909 2763 12.0
1912 1813 3.2
1912 3190 9.0
1913 1299 8.4
1913 3704 16.8
1914 1237 12.8
1914 3766 26.0
1915 1578 6.2
1915 3425 14.4
1917 1238 3.4
1917 3765 8.2
1919 2178 8.6
1919 2825 11.4
1920 1503 6.0
1920 3500 9.4
1921 1647 16.4
1921 3356 11.4
1926 23 3.0
1926 4980 20.6
1928 2265 6.4
1928 2738 16.4
1932 620 3.2
1932 4383 8.8
1933 729 8.4
1933 4274 15.0
1934 728 8.6
1934 4275 26.2
1935 308 6.0
1935 4695 12.2
1937 400 7.2
1937 4603 12.0
1938 505 7.4
1938 4498 11.6
1942 1348 7.4
1942 3655 12.0
1943 628 2.8
1943 4375 11.8
1944 1362 5.4
1944 3641 5.0
1945 1123 4.6
1945 3880 18.0
1946 836 4.4
1946 4167 8.4
1951 119 12.0
1951 4884 421.2
1952 304 6.2
1952 4699 14.4
1956 48 4.6
1956 4955 14.6
1957 1245 12.2
1957 3758 16.4
1960 2441 12.0
1960 2562 10.6
1962 185 3.0
1962 4818 20.8
1963 1337 11.2
1963 3666 14.2
1964 1314 8.6
1964 3689 12.4
1968 346 6.0
1968 4657 21.8
1969 1036 6.2
1969 3967 21.2
1970 1652 11.0
1970 3351 9.4
1971 1245 8.4
1971 3758 11.0
1974 212 8.2
1974 4791 21.6
1975 2214 8.6
1975 2789 17.0
1979 182 5.8
1979 4821 13.8
1982 220 3.4
1982 4783 14.8
1983 1326 8.2
1983 3677 12.0
1984 251 7.0
1984 4752 9.4
1985 944 6.4
1985 4059 12.2
1986 394 8.4
1986 4609 14.4
1988 1890 6.0
1988 3113 11.8
1989 1898 7.6
1989 3105 9.6
1993 1509 5.2
1993 3494 19.2
1994 881 3.4
1994 4122 26.0
1998 1898 6.6
1998 3105 9.4
2004 2448 20.8
2004 2555 21.4
2006 1870 6.0
2006 3133 15.0
2009 1970 5.8
2009 3033 16.6
2010 2096 16.6
2010 2907 8.4
2011 985 3.8
2011 4018 11.0
2012 2163 10.0
2012 2840 8.4
2013 812 202.4
2013 4191 16.6
2014 185 3.2
2014 4818 15.0
2016 1537 8.8
2016 3466 16.6
2018 2060 5.4
2018 2943 10.4
2019 2209 11.6
2019 2794 11.8
2021 1605 6.2
2021 3398 20.0
2022 1918 6.4
2022 3085 22.0
2025 629 3.2
2025 4374 20.6
2029 2033 6.2
2029 2970 19.2
2030 2385 8.6
2030 2618 22.0
2033 1472 8.8
2033 3531 13.0
2035 1871 11.8
2035 3132 22.0
2036 1422 9.2
2036 3581 13.0
2037 621 4.8
2037 4382 14.4
2038 750 4.6
2038 4253 20.4
2042 2162 3.6
2042 2841 16.2
2044 2196 16.0
2044 2807 12.0
2046 1901 3.0
2046 3102 19.2
2048 802 7.8
2048 4201 26.2
2049 2446 21.8
2049 2557 21.4
2052 2191 9.6
2052 2812 11.4
2059 1524 8.6
2059 3479 18.6
2060 329 7.4
2060 4674 13.6
2061 2275 6.8
2061 2728 5.8
2063 2337 8.4
2063 2666 16.6
2064 1955 12.2
2064 3048 22.0
2070 2159 12.2
2070 2844 14.2
2071 1756 13.2
2071 3247 16.8
2075 1891 6.0
2075 3112 9.2
2076 1409 16.8
2076 3594 21.8
2078 1568 9.0
2078 3435 14.4
2079 1548 12.0
2079 3455 19.8
2083 2229 16.6
2083 2774 8.0
2084 788 3.4
2084 4215 14.2
2085 1755 11.6
2085 3248 6.8
2089 1086 6.4
2089 3917 23.8
2091 1057 6.4
2091 3946 20.4
2092 829 4.6
2092 4174 20.6
2094 2249 5.2
2094 2754 11.8
2095 2112 12.6
2095 2891 4.8
2097 2193 9.0
2097 2810 8.0
2106 15 4.4
2106 4988 27.0
2108 1537 6.4
2108 3466 10.0
2109 2269 7.8
2109 2734 17.2
2110 2470 13.4
2110 2533 3.4
2113 1164 8.8
2113 3839 26.6
2115 512 4.0
2115 4491 20.6
2119 2440 8.4
2119 2563 5.8
2120 232 9.0
2120 4771 26.8
2121 159 7.0
2121 4844 14.6
2123 1812 16.6
2123 3191 14.4
2125 1168 8.8
2125 3835 26.0
2126 2370 21.8
2126 2633 8.6
2127 2489 12.8
2127 2514 15.0
2129 309 8.6
2129 4694 14.8
2130 1057 8.8
2130 3946 9.4
2131 2258 6.4
2131 2745 5.4
2138 1479 9.4
2138 3524 14.6
2140 2001 8.8
2140 3002 6.4
2141 1111 8.2
2141 3892 19.4
2143 318 3.0
2143 4685 20.8
2144 576 6.4
2144 4427 21.2
2145 1221 13.2
2145 3782 14.6
2147 2438 13.2
2147 2565 14.6
2151 1472 6.0
2151 3531 9.2
2152 1567 8.8
2152 3436 17.0
2155 2473 16.6
2155 2530 11.0
2156 650 6.2
2156 4353 9.2
2157 1737 3.2
2157 3266 17.2
2158 1350 3.2
2158 3653 8.6
2159 1973 8.4
2159 3030 7.8
2160 1609 13.2
2160 3394 14.8
2161 2026 7.8
2161 2977 3.8
2162 1781 11.0
2162 3222 12.6
2163 1650 9.6
2163 3353 16.4
2164 2008 8.2
2164 2995 6.2
2167 504 11.2
2167 4499 10.6
2169 2138 3.4
2169 2865 17.8
2172 929 4.4
2172 4074 22.4
2174 46 2.6
2174 4957 15.2
2175 1855 6.4
2175 3148 10.2
2179 1986 13.6
2179 3017 213.6
2180 812 8.8
2180 4191 22.8
2181 1451 5.8
2181 3552 21.2
2182 1888 21.6
2182 3115 5.2
2184 643 6.0
2184 4360 21.2
2185 2268 6.2
2185 2735 16.8
2188 2021 9.0
2188 2982 10.8
2190 485 5.8
2190 4518 9.4
2192 401 7.4
2192 4602 21.0
2193 607 5.2
2193 4396 11.0
2194 2414 10.2
2194 2589 8.8
2195 2463 13.4
2195 2540 11.8
2196 234 3.2
2196 4769 11.6
2197 2221 5.6
2197 2782 13.8
2198 115 6.0
2198 4888 26.6
2199 1911 9.6
2199 3092 22.0
2200 995 3.2
2200 4008 20.2
2201 1031 4.2
2201 3972 5.6
2204 292 6.4
2204 4711 16.8
2209 516 4.6
2209 4487 15.6
2210 1640 10.4
2210 3363 7.6
2213 537 5.4
2213 4466 22.0
2215 2077 7.0
2215 2926 12.2
2216 1900 17.4
2216 3103 17.0
2218 1656 6.0
2218 3347 16.6
2219 850 6.6
2219 4153 15.2
2220 1491 6.6
2220 3512 13.8
2221 1049 12.0
2221 3954 17.0
2226 604 6.2
2226 4399 12.0
2238 1478 17.0
2238 3525 16.0
2239 832 5.4
2239 4171 11.4
2241 587 8.6
2241 4416 20.4
2243 928 13.4
2243 4075 12.6
2244 991 6.0
2244 4012 21.2
2245 76 11.0
2245 4927 27.0
2246 1034 17.0
2246 3969 6.4
2247 1225 11.4
2247 3778 9.2
2248 1149 17.0
2248 3854 27.0
2250 171 6.4
2250 4832 14.4
2253 837 4.4
2253 4166 17.8
2254 1112 5.6
2254 3891 10.0
2256 1752 13.8
2256 3251 17.0
2257 170 6.2
2257 4833 17.2
2260 655 8.4
2260 4348 9.6
2261 1551 13.6
2261 3452 27.0
2262 974 6.2
2262 4029 16.8
2264 676 7.0
2264 4327 20.8
2265 2491 11.2
2265 2512 12.2
2268 2477 10.0
2268 2526 12.0
2269 1422 6.2
2269 3581 14.0
2270 839 4.6
2270 4164 17.4
2272 781 12.8
2272 4222 21.0
2273 639 4.2
2273 4364 20.6
2274 892 6.2
2274 4111 16.8
2276 1460 12.6
2276 3543 12.6
2277 647 7.0
2277 4356 21.8
2278 2384 21.6
2278 2619 8.2
2279 102 6.2
2279 4901 22.0
2281 1539 5.4
2281 3464 15.6
2282 252 2.8
2282 4751 15.0
2283 1034 6.6
2283 3969 15.4
2284 760 9.2
2284 4243 9.6
2287 2128 12.2
2287 2875 6.2
2289 1563 6.0
2289 3440 13.8
2290 1220 5.2
2290 3783 22.0
2291 2375 9.6
2291 2628 12.2
2292 1509 6.0
2292 3494 17.0
2293 219 3.2
2293 4784 21.2
2294 2389 8.0
2294 2614 12.0
2296 2226 17.0
2296 2777 8.8
2297 393 6.0
2297 4610 27.0
2299 892 3.4
2299 4111 8.4
2302 2208 13.0
2302 2795 6.0
2304 1094 12.0
2304 3909 27.0
2305 2415 8.6
2305 2588 5.8
2309 937 8.6
2309 4066 26.8
2311 500 5.8
2311 4503 14.6
2314 1517 3.6
2314 3486 16.4
2317 652 4.8
2317 4351 14.4
2319 1138 11.8
2319 3865 16.4
2320 1223 6.2
2320 3780 16.4
2322 52 205.0
2322 4951 15.4
2328 1846 14.2
2328 3157 14.8
2332 1294 8.6
2332 3709 17.0
2335 1963 3.2
2335 3040 8.0
2337 53 6.4
2337 4950 14.6
2338 223 3.6
2338 4780 19.4
2339 2033 9.6
2339 2970 7.2
2342 1685 8.2
2342 3318 14.0
2343 1325 8.0
2343 3678 17.0
2345 1954 16.2
2345 3049 9.2
2347 2152 6.6
2347 2851 19.4
2348 1992 4.6
2348 3011 12.4
2349 415 14.8
2349 4588 16.4
2353 197 6.2
2353 4806 26.8
2355 1849 8.8
2355 3154 15.0
2358 2333 16.6
2358 2670 12.8
2359 149 3.0
2359 4854 22.8
2360 1984 8.8
2360 3019 17.0
2361 2172 16.0
2361 2831 8.8
2362 2097 6.2
2362 2906 14.6
2364 48 1.6
2364 4955 16.4
2365 797 8.4
2365 4206 21.2
2368 1892 209.4
2368 3111 14.8
2369 2288 12.2
2369 2715 13.8
2371 195 2.8
2371 4808 21.2
2372 1355 9.6
2372 3648 17.0
2375 486 3.4
2375 4517 21.8
2380 1852 2.8
2380 3151 15.4
2383 2141 14.0
2383 2862 12.0
2385 2301 19.4
2385 2702 2.8
2386 2093 2.0
2386 2910 6.8
2387 509 6.0
2387 4494 17.8
2388 624 2.8
2388 4379 9.0
2392 924 9.2
2392 4079 18.4
2393 1978 5.8
2393 3025 12.4
2394 1110 7.8
2394 3893 15.4
2396 164 6.0
2396 4839 14.8
2398 1866 6.2
2398 3137 6.0
2399 2207 11.2
2399 2796 11.8
2404 959 2.0
2404 4044 11.0
2405 1938 11.4
2405 3065 8.6
2406 1159 12.4
2406 3844 12.4
2412 1855 10.6
2412 3148 17.0
2413 2251 7.4
2413 2752 13.8
2414 734 7.8
2414 4269 20.8
2415 450 6.2
2415 4553 14.6
2416 605 4.6
2416 4398 15.4
2418 1593 8.6
2418 3410 10.2
2419 1088 4.8
2419 3915 12.0
2423 1370 16.8
2423 3633 27.0
2424 1599 16.0
2424 3404 13.4
2425 1960 9.4
2425 3043 5.6
2426 979 3.6
2426 4024 14.6
2429 2049 12.2
2429 2954 14.6
2430 133 1.6
2430 4870 10.6
2433 1708 8.4
2433 3295 8.8
2434 1659 5.8
2434 3344 11.8
2435 213 3.0
2435 4790 9.4
2436 264 6.2
2436 4739 15.0
2441 2220 12.6
2441 2783 13.4
2443 2130 7.0
2443 2873 19.2
2444 697 11.2
2444 4306 15.2
2446 2126 18.4
2446 2877 8.8
2447 2031 8.4
2447 2972 13.0
2451 1671 6.0
2451 3332 9.6
2452 1785 8.2
2452 3218 16.8
2454 77 3.0
2454 4926 10.2
2457 1391 3.6
2457 3612 21.2
2461 998 6.2
2461 4005 18.4
2465 168 3.2
2465 4835 11.0
2467 2371 12.6
2467 2632 10.8
2468 114 7.0
2468 4889 16.0
2469 541 5.2
2469 4462 8.8
2470 2300 5.8
2470 2703 14.2
2475 2279 3.8
2475 2724 14.6
2479 1288 11.2
2479 3715 16.6
2485 2100 8.6
2485 2903 16.4
2487 1695 5.4
2487 3308 12.0
2488 1818 6.2
2488 3185 21.2
2489 735 4.0
2489 4268 16.4
2490 1246 12.6
2490 3757 5.6
2492 2073 5.4
2492 2930 16.0
2493 2379 16.0
2493 2624 19.6
2494 1646 6.8
2494 3357 10.2
2495 1409 4.4
2495 3594 9.2
2500 75 208.6
2500 4928 20.4
2501 610 4.6
2501 4393 11.8
2502 1122 9.0
2502 3881 6.0
2505 1108 6.2
2505 3895 12.4
2506 607 8.6
2506 4396 26.0
2511 592 9.0
2511 4411 14.8
2517 1659 15.8
2517 3344 8.8
2518 472 4.6
2518 4531 21.0
2519 1878 9.4
2519 3125 8.8
2520 1230 6.4
2520 3773 11.8
2522 563 6.2
2522 4440 17.4
2523 66 4.6
2523 4937 14.6
2525 914 11.0
2525 4089 16.2
2526 1833 9.2
2526 3170 5.2
2527 1443 6.8
2527 3560 21.4
2528 1323 6.4
2528 3680 11.2
2531 1858 6.2
2531 3145 26.6
2533 1755 17.0
2533 3248 6.0
2535 444 3.2
2535 4559 22.0
2537 1615 17.0
2537 3388 15.2
2539 907 8.6
2539 4096 20.4
2540 2324 15.0
2540 2679 22.0
2541 2242 3.4
2541 2761 11.8
2542 2366 12.2
2542 2637 12.4
2543 1686 11.0
2543 3317 21.8
2545 616 4.8
2545 4387 15.2
2547 1296 8.6
2547 3707 16.2
2549 1255 8.6
2549 3748 12.4
2550 1376 9.0
2550 3627 11.0
2551 1656 9.6
2551 3347 15.4
2555 929 3.6
2555 4074 17.6
2556 2311 16.2
2556 2692 9.0
2557 555 4.6
2557 4448 21.6
2558 1072 5.2
2558 3931 11.0
2559 1010 5.8
2559 3993 13.4
2560 1954 18.0
2560 3049 9.8
2566 2488 208.4
2566 2515 16.0
2567 675 8.4
2567 4328 15.0
2570 1375 9.8
2570 3628 16.6
2573 1884 6.2
2573 3119 12.4
2574 1243 10.2
2574 3760 9.6
2578 983 6.6
2578 4020 11.8
2582 1969 12.4
2582 3034 13.0
2585 854 6.0
2585 4149 15.4
2586 1182 9.4
2586 3821 16.4
2587 1239 20.8
2587 3764 15.2
2589 1254 3.2
2589 3749 21.8
2593 2286 13.0
2593 2717 3.0
2594 1063 8.6
2594 3940 16.8
2595 1698 16.4
2595 3305 11.8
2596 758 4.4
2596 4245 26.6
2599 861 4.8
2599 4142 12.4
2601 1571 3.4
2601 3432 21.8
2602 1557 8.8
2602 3446 21.8
2603 121 2.6
2603 4882 15.0
2605 1978 6.2
2605 3025 11.2
2610 1866 8.0
2610 3137 9.0
2616 78 5.6
2616 4925 14.6
2617 1845 6.2
2617 3158 16.2
2618 306 5.6
2618 4697 11.8
2620 1039 11.2
2620 3964 15.4
2627 10 8.2
2627 4993 14.6
2632 1305 3.2
2632 3698 12.2
2633 869 5.2
2633 4134 12.6
2634 643 4.6
2634 4360 14.8
2636 2106 12.6
2636 2897 16.6
2637 289 21.0
2637 4714 15.2
2638 1540 14.2
2638 3463 9.4
2640 535 4.6
2640 4468 11.0
2641 742 6.8
2641 4261 10.4
2642 1190 5.0
2642 3813 21.0
2644 802 3.0
2644 4201 14.4
2646 359 6.0
2646 4644 12.8
2647 2323 10.4
2647 2680 16.0
2650 549 3.0
2650 4454 15.0
2655 156 3.0
2655 4847 15.8
2657 2332 6.6
2657 2671 7.8
2658 2130 6.0
2658 2873 11.2
2662 475 6.0
2662 4528 12.2
2664 1269 6.6
2664 3734 16.6
2665 1630 16.2
2665 3373 12.2
2666 814 11.0
2666 4189 21.0
2668 1660 4.8
2668 3343 14.0
2671 2218 16.4
2671 2785 9.2
2673 271 9.4
2673 4732 14.8
2676 2430 9.4
2676 2573 16.0
2677 995 5.8
2677 4008 12.0
2678 2416 5.2
2678 2587 15.0
2679 964 16.0
2679 4039 16.0
2680 255 4.4
2680 4748 16.2
2682 1494 8.6
2682 3509 8.2
2683 2061 11.6
2683 2942 15.4
2690 269 2.6
2690 4734 9.4
2691 2128 16.6
2691 2875 5.8
2693 909 4.6
2693 4094 20.8
2694 296 3.0
2694 4707 15.4
2695 1096 8.0
2695 3907 14.8
2696 140 1.6
2696 4863 22.0
2697 889 4.8
2697 4114 14.0
2698 521 7.0
2698 4482 14.8
2699 1586 2.0
2699 3417 10.8
2703 162 5.6
2703 4841 10.4
2706 431 3.0
2706 4572 19.6
2708 2314 13.6
2708 2689 11.0
2712 2234 12.8
2712 2769 10.2
2713 50 4.6
2713 4953 14.8
2715 202 2.0
2715 4801 10.4
2717 452 2.0
2717 4551 11.0
2718 2028 8.0
2718 2975 4.0
2719 2373 7.8
2719 2630 8.0
2720 2246 7.8
2720 2757 8.8
2722 564 4.2
2722 4439 11.0
2724 367 14.4
2724 4636 12.0
2725 1890 9.6
2725 3113 6.6
2726 1260 8.2
2726 3743 9.0
2727 1556 4.6
2727 3447 13.2
2732 1599 4.6
2732 3404 17.4
2733 402 1.6
2733 4601 15.8
2735 297 6.0
2735 4706 11.8
2737 1003 5.2
2737 4000 11.4
2740 1583 13.0
2740 3420 21.0
2743 867 2.6
2743 4136 20.6
2745 1045 6.0
2745 3958 8.8
2748 1404 3.6
2748 3599 8.4
2752 2238 3.6
2752 2765 14.0
2757 2246 9.0
2757 2757 3.2
2758 1077 5.6
2758 3926 16.6
2759 1371 7.0
2759 3632 14.2
2760 1792 8.6
2760 3211 9.2
2761 589 8.8
2761 4414 15.4
2764 1414 7.0
2764 3589 22.0
2765 942 6.2
2765 4061 11.6
2767 2189 5.4
2767 2814 9.0
2768 1376 4.8
2768 3627 217.4
2769 2299 10.6
2769 2704 12.6
2770 815 11.0
2770 4188 26.6
2771 2326 11.0
2771 2677 11.0
2772 502 2.8
2772 4501 27.0
2774 426 4.2
2774 4577 20.6
2775 1167 4.6
2775 3836 12.0
2776 1280 13.2
2776 3723 9.4
2779 1071 8.8
2779 3932 5.8
2781 345 1.6
2781 4658 21.8
2782 775 6.0
2782 4228 14.6
2783 1380 5.8
2783 3623 15.0
2785 1785 6.0
2785 3218 9.4
2786 598 9.6
2786 4405 26.0
2787 773 6.0
2787 4230 27.0
2789 1704 20.8
2789 3299 5.6
2794 1965 6.4
2794 3038 8.6
2795 2146 21.0
2795 2857 18.2
2799 1160 11.4
2799 3843 25.8
2801 2483 21.0
2801 2520 16.6
2805 2048 1.8
2805 2955 10.2
2806 1434 3.2
2806 3569 11.8
2807 2280 3.4
2807 2723 10.6
2812 117 7.0
2812 4886 26.2
2814 1041 11.0
2814 3962 21.4
2818 323 6.0
2818 4680 14.6
2819 2288 9.0
2819 2715 14.4
2820 2379 8.8
2820 2624 17.0
2821 51 2.8
2821 4952 26.0
2822 1650 9.4
2822 3353 9.0
2824 754 5.4
2824 4249 11.6
2825 193 4.8
2825 4810 10.8
2826 2418 16.4
2826 2585 11.2
2827 34 2.6
2827 4969 22.0
2829 590 3.0
2829 4413 12.4
2830 676 6.0
2830 4327 9.6
2832 1145 8.6
2832 3858 8.2
2833 1281 16.0
2833 3722 26.0
2838 1999 6.0
2838 3004 18.4
2839 1737 11.0
2839 3266 20.6
2840 1451 8.6
2840 3552 14.8
2841 1221 5.2
2841 3782 14.2
2843 2010 3.2
2843 2993 8.2
2845 1867 8.8
2845 3136 14.2
2846 2008 3.0
2846 2995 13.0
2848 1592 7.6
2848 3411 22.0
2852 552 5.8
2852 4451 14.2
2854 623 8.4
2854 4380 21.2
2857 815 10.2
2857 4188 5.4
2858 1781 9.0
2858 3222 17.2
2859 2030 11.8
2859 2973 20.6
2860 1675 11.6
2860 3328 8.8
2862 540 9.2
2862 4463 19.0
2863 1168 8.4
2863 3835 9.2
2864 2146 11.0
2864 2857 9.4
2865 1129 8.0
2865 3874 15.2
2866 450 6.4
2866 4553 11.8
2870 2138 12.6
2870 2865 11.0
2874 2386 16.4
2874 2617 14.8
2875 2460 3.2
2875 2543 5.2
2877 1101 6.8
2877 3902 14.8
2878 2001 6.4
2878 3002 6.0
2880 670 8.2
2880 4333 11.8
2884 200 1.6
2884 4803 10.4
2885 348 4.6
2885 4655 14.0
2886 1583 11.8
2886 3420 12.6
2888 1952 9.0
2888 3051 10.6
2889 398 3.2
2889 4605 11.0
2891 1798 11.4
2891 3205 16.4
2892 1053 3.0
2892 3950 16.2
2897 1194 4.8
2897 3809 21.2
2898 1914 16.0
2898 3089 21.0
2899 1025 16.4
2899 3978 21.6
2902 1680 11.0
2902 3323 14.6
2903 210 3.0
2903 4793 16.0
2904 889 11.0
2904 4114 16.4
2905 1088 5.8
2905 3915 12.2
2908 2176 10.8
2908 2827 6.2
2909 71 1.6
2909 4932 22.0
2915 908 2.6
2915 4095 7.6
2916 1257 9.2
2916 3746 7.2
2918 2300 12.8
2918 2703 7.0
2919 1162 11.0
2919 3841 16.4
2921 2397 8.6
2921 2606 16.0
2923 1928 8.0
2923 3075 11.0
2924 834 2.4
2924 4169 9.6
2925 270 7.8
2925 4733 14.2
2926 1934 8.8
2926 3069 9.4
2929 198 5.0
2929 4805 15.8
2931 2355 16.0
2931 2648 16.0
2932 2456 16.4
2932 2547 8.4
2933 39 3.0
2933 4964 21.6
2936 873 5.6
2936 4130 12.0
2940 2480 12.8
2940 2523 11.0
2942 1769 12.8
2942 3234 9.6
2943 2358 18.4
2943 2645 12.8
2945 183 7.4
2945 4820 15.2
2946 1370 6.6
2946 3633 10.4
2948 956 6.0
2948 4047 12.2
2952 1489 11.4
2952 3514 12.2
2953 2037 9.2
2953 2966 11.4
2955 149 3.0
2955 4854 16.4
2956 1064 8.4
2956 3939 9.6
2958 1358 9.6
2958 3645 11.4
2965 737 2.4
2965 4266 16.8
2969 204 2.6
2969 4799 15.2
2970 552 2.6
2970 4451 13.2
2973 235 8.6
2973 4768 14.4
2974 1269 9.2
2974 3734 12.2
2975 2488 3.4
2975 2515 5.0
2976 1152 5.0
2976 3851 16.6
2977 547 8.4
2977 4456 12.6
2979 2243 6.0
2979 2760 12.0
2982 637 3.2
2982 4366 9.8
2983 2220 10.4
2983 2783 5.6
2985 556 12.2
2985 4447 9.2
2986 1623 11.2
2986 3380 20.2
2988 183 6.0
2988 4820 14.6
2989 1987 4.0
2989 3016 10.6
2992 1553 12.8
2992 3450 10.4
2996 938 3.0
2996 4065 22.0
3000 266 2.8
3000 4737 15.0
3001 582 10.8
3001 4421 11.0
3002 2222 9.2
3002 2781 7.0
3003 351 3.2
3003 4652 26.2
3004 1465 6.0
3004 3538 8.6
3006 439 1.6
3006 4564 10.2
3007 992 12.0
3007 4011 11.4
3008 2396 3.4
3008 2607 10.8
3009 1235 10.8
3009 3768 11.8
3011 287 1.6
3011 4716 10.4
3013 1623 6.2
3013 3380 8.8
3015 2384 8.4
3015 2619 12.4
3016 997 12.6
3016 4006 11.0
3017 1886 5.6
3017 3117 19.4
3020 1074 5.4
3020 3929 15.0
3022 2453 16.8
3022 2550 9.2
3023 1863 8.4
3023 3140 11.4
3026 695 3.0
3026 4308 20.8
3027 124 208.8
3027 4879 20.2
3028 302 6.0
3028 4701 26.2
3030 2076 10.8
3030 2927 13.0
3032 978 4.6
3032 4025 21.0
3033 1282 6.0
3033 3721 11.6
3034 1419 2.0
3034 3584 5.8
3037 2247 21.0
3037 2756 21.0
3038 1999 6.0
3038 3004 11.4
3041 1987 5.2
3041 3016 14.6
3044 1148 11.0
3044 3855 16.0
3045 1655 5.8
3045 3348 12.6
3046 978 3.0
3046 4025 16.0
3050 921 3.0
3050 4082 13.0
3051 1048 6.6
3051 3955 11.4
3054 1790 4.2
3054 3213 16.0
3056 2479 11.0
3056 2524 11.8
3060 807 7.4
3060 4196 13.8
3062 246 2.6
3062 4757 14.6
3064 1065 10.2
3064 3938 14.2
3066 1283 8.6
3066 3720 8.6
3067 2296 16.0
3067 2707 16.8
3069 1215 10.8
3069 3788 14.4
3070 578 4.6
3070 4425 11.0
3071 382 6.6
3071 4621 23.8
3074 165 3.2
3074 4838 10.8
3075 503 6.6
3075 4500 8.4
3077 254 7.0
3077 4749 22.0
3078 617 8.4
3078 4386 14.2
3079 735 4.4
3079 4268 15.2
3080 1286 11.2
3080 3717 12.2
3082 1559 6.0
3082 3444 12.2
3084 1651 9.0
3084 3352 4.6
3086 1908 26.0
3086 3095 12.2
3089 2102 5.8
3089 2901 17.2
3090 528 11.0
3090 4475 26.2
3094 2171 3.0
3094 2832 5.6
3095 2247 12.4
3095 2756 15.2
3099 2074 6.8
3099 2929 21.0
3100 269 3.4
3100 4734 15.6
3102 1075 8.2
3102 3928 19.4
3103 1575 8.2
3103 3428 9.4
3104 1197 11.2
3104 3806 14.0
3106 551 8.0
3106 4452 12.0
3108 1690 11.0
3108 3313 8.4
3109 18 1.6
3109 4985 21.8
3110 1580 11.0
3110 3423 12.0
3116 1070 8.4
3116 3933 20.4
3117 1799 8.6
3117 3204 11.4
3118 969 13.6
3118 4034 14.6
3119 2022 8.8
3119 2981 16.0
3121 723 8.2
3121 4280 16.4
3122 285 2.6
3122 4718 14.8
3124 1125 3.4
3124 3878 18.8
3125 308 5.4
3125 4695 26.0
3126 830 5.6
3126 4173 11.6
3128 239 11.0
3128 4764 26.0
3130 266 4.2
3130 4737 9.2
3133 1162 16.6
3133 3841 14.6
3136 1664 3.2
3136 3339 5.8
3139 1323 15.0
3139 3680 12.4
3140 395 4.4
3140 4608 26.0
3142 2345 8.2
3142 2658 11.8
3143 578 6.0
3143 4425 14.4
3148 1769 7.6
3148 3234 12.8
3149 2321 5.8
3149 2682 6.6
3150 95 7.2
3150 4908 20.2
3151 1442 4.8
3151 3561 10.6
3153 195 6.0
3153 4808 14.8
3155 1371 412.6
3155 3632 26.0
3162 81 11.0
3162 4922 20.0
3165 131 5.4
3165 4872 20.0
3168 1912 1.6
3168 3091 10.0
3169 2124 14.8
3169 2879 14.0
3175 2111 5.0
3175 2892 14.8
3176 698 5.6
3176 4305 5.0
3177 758 9.0
3177 4245 20.6
3179 454 17.6
3179 4549 26.0
3182 1322 6.0
3182 3681 18.6
3184 2388 11.2
3184 2615 8.6
3185 2449 9.0
3185 2554 11.8
3186 635 8.2
3186 4368 16.2
3187 1869 10.4
3187 3134 3.0
3189 954 6.2
3189 4049 11.6
3190 596 9.0
3190 4407 23.8
3191 1731 9.0
3191 3272 13.0
3193 516 5.8
3193 4487 14.2
3194 1170 1.2
3194 3833 10.0
3197 63 203.6
3197 4940 14.8
3200 1222 8.0
3200 3781 9.0
3202 880 6.2
3202 4123 14.0
3204 1776 12.4
3204 3227 21.0
3207 2019 2.8
3207 2984 3.4
3208 1828 5.2
3208 3175 11.0
3209 1605 16.0
3209 3398 16.0
3210 1814 9.6
3210 3189 8.8
3211 1272 1.4
3211 3731 10.2
3212 2091 6.2
3212 2912 14.8
3213 1180 5.8
3213 3823 9.6
3214 2324 9.8
3214 2679 8.6
3216 564 3.6
3216 4439 11.4
3220 1572 12.0
3220 3431 26.0
3225 1093 3.0
3225 3910 18.8
3226 614 16.0
3226 4389 19.2
3228 22 2.6
3228 4981 9.4
3230 2006 14.4
3230 2997 19.8
3232 1441 8.6
3232 3562 16.2
3234 1045 10.8
3234 3958 16.0
3236 381 3.6
3236 4622 14.0
3239 558 2.6
3239 4445 26.0
3241 1520 10.0
3241 3483 12.4
3242 1076 8.4
3242 3927 12.8
3243 1619 3.6
3243 3384 10.6
3244 1139 11.0
3244 3864 11.6
3245 1288 11.2
3245 3715 5.4
3246 927 6.6
3246 4076 9.4
3247 624 5.6
3247 4379 8.6
3249 115 7.0
3249 4888 20.2
3251 1477 12.2
3251 3526 21.0
3252 1428 12.4
3252 3575 12.0
3254 1723 9.0
3254 3280 6.0
3257 784 5.6
3257 4219 11.6
3258 2024 10.6
3258 2979 10.4
3265 762 10.0
3265 4241 17.8
3266 1301 12.8
3266 3702 12.4
3273 1594 14.6
3273 3409 8.6
3275 1613 8.0
3275 3390 15.0
3278 1320 8.8
3278 3683 11.4
3280 457 1.6
3280 4546 13.0
3281 1425 9.2
3281 3578 5.6
3283 1870 10.6
3283 3133 13.0
3285 685 213.0
3285 4318 26.0
3286 1358 12.0
3286 3645 19.0
3287 610 2.6
3287 4393 15.0
3288 1003 6.6
3288 4000 13.0
3289 1500 7.2
3289 3503 11.4
3291 380 3.0
3291 4623 12.8
3293 703 16.0
3293 4300 17.2
3295 2374 7.4
3295 2629 14.0
3297 1042 6.0
3297 3961 14.2
3300 1609 11.0
3300 3394 16.0
3301 1688 11.0
3301 3315 21.0
3303 2298 14.2
3303 2705 11.4
3307 1553 16.0
3307 3450 16.0
3308 640 2.4
3308 4363 7.6
3310 1178 8.4
3310 3825 14.4
3312 2035 11.0
3312 2968 5.6
3315 1904 3.0
3315 3099 8.2
3317 1814 4.6
3317 3189 15.2
3318 912 1.6
3318 4091 9.0
3319 2014 9.0
3319 2989 11.4
3320 203 3.0
3320 4800 20.2
3322 1455 26.0
3322 3548 16.2
3324 1482 8.0
3324 3521 16.4
3326 1300 4.6
3326 3703 14.0
3330 2493 2.8
3330 2510 13.0
3332 1988 3.6
3332 3015 5.6
3333 248 3.0
3333 4755 16.0
3337 2099 6.2
3337 2904 9.0
3343 528 3.0
3343 4475 7.8
3345 1888 8.8
3345 3115 11.4
3346 1032 12.6
3346 3971 12.0
3351 819 8.4
3351 4184 26.0
3352 456 16.0
3352 4547 26.0
3354 2093 6.0
3354 2910 14.0
3356 117 8.4
3356 4886 20.4
3359 1934 7.4
3359 3069 17.0
3360 1431 11.8
3360 3572 3.4
3361 2187 13.4
3361 2816 9.8
3363 658 8.6
3363 4345 13.8
3364 1511 2.8
3364 3492 14.4
3365 722 3.0
3365 4281 11.2
3366 849 8.4
3366 4154 15.0
3367 941 8.2
3367 4062 14.4
3371 742 5.4
3371 4261 21.0
3375 272 4.4
3375 4731 14.2
3379 1897 3.4
3379 3106 12.8
3381 303 6.0
3381 4700 26.0
3384 1819 9.6
3384 3184 7.6
3386 2441 7.8
3386 2562 15.0
3387 2123 11.6
3387 2880 11.0
3388 222 5.4
3388 4781 11.4
3391 1906 8.6
3391 3097 9.8
3394 1721 7.6
3394 3282 20.0
3395 2235 11.6
3395 2768 7.4
3396 2073 7.4
3396 2930 15.6
3397 1995 6.2
3397 3008 18.6
3403 619 6.0
3403 4384 21.0
3404 2370 11.0
3404 2633 14.2
3407 336 3.0
3407 4667 15.8
3408 925 15.0
3408 4078 12.0
3410 454 5.8
3410 4549 10.6
3411 2056 15.6
3411 2947 8.8
3413 871 6.0
3413 4132 13.6
3414 1478 6.0
3414 3525 7.8
3415 1887 11.2
3415 3116 18.2
3417 454 8.6
3417 4549 13.8
3418 493 4.4
3418 4510 25.8
3419 725 5.0
3419 4278 13.0
3420 2418 11.0
3420 2585 16.0
3421 1901 11.2
3421 3102 6.0
3425 2078 19.8
3425 2925 5.0
3426 1834 8.0
3426 3169 17.4
3427 351 8.6
3427 4652 26.0
3428 775 11.0
3428 4228 20.2
3429 467 12.0
3429 4536 14.6
3431 6 5.6
3431 4997 19.8
3432 2213 16.4
3432 2790 5.2
3433 678 7.8
3433 4325 26.0
3436 1833 6.0
3436 3170 11.6
3439 1445 7.6
3439 3558 13.2
3441 2434 11.0
3441 2569 9.8
3442 1641 5.6
3442 3362 20.4
3447 2337 16.0
3447 2666 21.0
3452 2473 21.0
3452 2530 9.2
3453 1616 3.0
3453 3387 9.6
3457 2456 7.0
3457 2547 21.0
3463 305 2.4
3463 4698 9.2
3464 2272 16.0
3464 2731 11.0
3465 275 5.6
3465 4728 12.4
3467 1893 6.0
3467 3110 7.6
3468 213 2.6
3468 4790 14.2
3469 1747 5.8
3469 3256 12.6
3470 1316 8.8
3470 3687 21.0
3471 2042 13.4
3471 2961 12.4
3472 1340 14.2
3472 3663 8.8
3473 2191 19.4
3473 2812 12.2
3474 402 6.0
3474 4601 9.8
3477 2118 9.6
3477 2885 11.8
3478 1379 8.2
3478 3624 16.4
3479 1814 16.0
3479 3189 11.8
3481 882 7.0
3481 4121 15.2
3484 971 6.0
3484 4032 20.2
3489 1961 3.0
3489 3042 16.0
3492 2442 7.0
3492 2561 7.6
3493 425 5.4
3493 4578 15.8
3497 134 6.0
3497 4869 26.0
3503 1683 6.0
3503 3320 18.8
3504 1841 11.0
3504 3162 5.4
3509 1764 9.4
3509 3239 20.0
3513 1438 1.6
3513 3565 10.0
3515 2430 15.8
3515 2573 211.8
3517 309 6.0
3517 4694 14.8
3522 760 5.6
3522 4243 9.2
3523 345 8.2
3523 4658 16.0
3524 563 11.0
3524 4440 21.0
3525 759 5.6
3525 4244 13.2
3527 850 4.4
3527 4153 20.2
3530 2132 8.2
3530 2871 14.4
3531 824 1.8
3531 4179 15.8
3533 184 4.4
3533 4819 25.8
3536 2238 8.8
3536 2765 6.2
3540 778 12.6
3540 4225 26.0
3541 279 2.4
3541 4724 13.2
3542 455 2.8
3542 4548 16.2
3543 650 8.2
3543 4353 21.0
3545 41 2.8
3545 4962 20.2
3546 202 6.0
3546 4801 26.0
3549 1291 5.8
3549 3712 8.2
3550 1699 5.2
3550 3304 11.0
3552 46 6.0
3552 4957 26.0
3553 265 2.6
3553 4738 9.2
3554 1924 9.4
3554 3079 8.6
3555 354 6.2
3555 4649 22.8
3556 2375 5.2
3556 2628 12.6
3558 1941 6.0
3558 3062 11.6
3559 341 8.4
3559 4662 21.0
3560 1871 9.6
3560 3132 16.0
3561 427 10.8
3561 4576 21.0
3562 1673 14.0
3562 3330 11.4
3564 80 5.2
3564 4923 26.0
3566 2302 11.0
3566 2701 14.0
3569 1087 6.2
3569 3916 8.6
3570 1270 9.0
3570 3733 12.2
3573 528 3.6
3573 4475 11.0
3576 351 5.6
3576 4652 20.4
3577 338 2.6
3577 4665 7.6
3579 553 9.2
3579 4450 20.2
3580 1881 12.0
3580 3122 26.0
3584 786 5.8
3584 4217 6.8
3585 1285 4.6
3585 3718 13.8
3586 474 11.0
3586 4529 25.8
3589 2429 5.6
3589 2574 9.0
3594 2004 6.0
3594 2999 9.4
3596 2027 9.6
3596 2976 11.6
3598 2407 12.2
3598 2596 12.6
3599 1458 10.2
3599 3545 11.8
3600 917 7.2
3600 4086 16.4
3601 1466 16.0
3601 3537 16.0
3604 70 6.0
3604 4933 14.2
3607 2301 11.4
3607 2702 3.6
3614 1726 10.4
3614 3277 12.2
3617 2456 12.0
3617 2547 9.0
3618 2452 7.4
3618 2551 8.2
3619 1359 11.0
3619 3644 7.2
3620 707 4.8
3620 4296 14.4
3622 1670 8.0
3622 3333 8.6
3625 119 6.0
3625 4884 14.8
3627 2448 10.4
3627 2555 12.8
3630 2471 21.6
3630 2532 16.0
3635 1364 2.6
3635 3639 5.6
3637 1175 15.4
3637 3828 16.0
3639 1174 7.0
3639 3829 14.0
3640 1563 3.0
3640 3440 7.2
3642 10 2.0
3642 4993 10.4
3647 1812 9.6
3647 3191 12.2
3648 292 6.2
3648 4711 15.8
3649 77 6.8
3649 4926 20.2
3650 827 5.8
3650 4176 9.2
3651 410 7.4
3651 4593 14.0
3652 2029 5.8
3652 2974 18.4
3655 1517 5.6
3655 3486 7.2
3656 281 6.6
3656 4722 11.8
3657 2281 6.8
3657 2722 10.0
3665 1341 7.2
3665 3662 16.2
3671 1697 9.8
3671 3306 10.8
3672 392 6.6
3672 4611 17.2
3673 78 6.2
3673 4925 20.0
3675 879 4.6
3675 4124 8.8
3677 798 13.6
3677 4205 26.0
3679 724 6.4
3679 4279 16.2
3680 2435 11.0
3680 2568 6.6
3682 2135 16.0
3682 2868 12.6
3683 2206 6.8
3683 2797 13.8
3688 579 6.0
3688 4424 17.0
3689 749 8.6
3689 4254 17.0
3692 846 2.6
3692 4157 25.0
3693 2110 10.4
3693 2893 11.2
3694 1585 3.6
3694 3418 11.8
3695 1241 9.4
3695 3762 18.8
3697 1971 12.0
3697 3032 15.6
3698 859 5.2
3698 4144 26.0
3702 345 4.0
3702 4658 20.0
3703 2385 25.4
3703 2618 8.6
3707 1553 9.8
3707 3450 21.0
3711 1248 5.8
3711 3755 13.6
3713 1143 2.8
3713 3860 8.2
3715 411 3.4
3715 4592 14.8
3716 1859 9.4
3716 3144 9.0
3717 78 10.6
3717 4925 20.2
3718 2238 8.8
3718 2765 11.8
3719 218 6.4
3719 4785 26.0
3720 719 3.0
3720 4284 20.2
3721 1934 11.0
3721 3069 10.6
3722 792 5.0
3722 4211 16.8
3723 662 10.8
3723 4341 14.6
3725 789 17.4
3725 4214 26.0
3726 2304 4.4
3726 2699 3.4
3730 1550 6.2
3730 3453 14.8
3731 1154 8.4
3731 3849 16.0
3734 1277 8.4
3734 3726 26.0
3735 1810 8.8
3735 3193 14.2
3737 10 4.4
3737 4993 26.0
3739 2362 5.6
3739 2641 8.0
3742 1876 5.0
3742 3127 9.6
3743 1574 6.0
3743 3429 9.2
3745 202 3.6
3745 4801 16.6
3747 1973 1.6
3747 3030 6.0
3749 1342 5.8
3749 3661 16.2
3750 1293 6.2
3750 3710 17.0
3754 68 6.0
3754 4935 14.2
3755 639 3.2
3755 4364 20.2
3757 2064 8.8
3757 2939 11.6
3758 1206 6.6
3758 3797 11.6
3759 2161 11.2
3759 2842 8.2
3760 2418 11.0
3760 2585 1.4
3762 1358 11.2
3762 3645 26.0
3763 963 14.8
3763 4040 14.4
3764 573 9.0
3764 4430 26.0
3765 179 4.2
3765 4824 25.8
3767 112 3.0
3767 4891 9.2
3769 891 8.8
3769 4112 14.8
3771 2034 12.6
3771 2969 14.2
3772 904 2.8
3772 4099 12.0
3774 1086 5.2
3774 3917 21.8
3779 1955 209.0
3779 3048 21.0
3781 1468 4.8
3781 3535 16.2
3783 1735 8.2
3783 3268 11.2
3788 1136 2.8
3788 3867 9.6
3789 1707 7.2
3789 3296 10.8
3791 2039 6.2
3791 2964 21.0
3792 855 7.8
3792 4148 20.4
3793 578 4.4
3793 4425 16.4
3795 774 3.6
3795 4229 16.0
3796 775 11.0
3796 4228 10.8
3797 186 2.0
3797 4817 21.4
3799 402 11.4
3799 4601 26.0
3801 1771 11.6
3801 3232 11.4
3805 65 7.0
3805 4938 14.0
3807 1827 14.2
3807 3176 20.2
3808 1295 11.6
3808 3708 11.2
3810 1744 10.2
3810 3259 7.8
3813 1608 7.8
3813 3395 18.8
3815 2430 11.0
3815 2573 5.6
3819 1820 10.4
3819 3183 14.2
3820 324 7.8
3820 4679 20.8
3821 550 5.0
3821 4453 7.4
3822 805 7.8
3822 4198 11.8
3829 1410 6.0
3829 3593 14.2
3830 2268 6.0
3830 2735 5.6
3832 1739 6.0
3832 3264 26.0
3835 1353 6.0
3835 3650 12.2
3836 389 4.8
3836 4614 11.4
3837 1040 5.8
3837 3963 11.0
3838 117 1.8
3838 4886 15.6
3840 1315 5.6
3840 3688 8.2
3842 1882 5.8
3842 3121 12.8
3843 1896 16.0
3843 3107 8.8
3845 328 1.8
3845 4675 7.6
3846 1693 5.2
3846 3310 12.0
3847 2003 8.8
3847 3000 6.6
3848 1742 11.0
3848 3261 14.2
3855 2402 16.4
3855 2601 16.0
3857 1310 13.8
3857 3693 7.0
3858 171 7.2
3858 4832 20.6
3859 526 14.4
3859 4477 20.8
3862 1976 7.2
3862 3027 16.2
3863 2357 9.2
3863 2646 12.0
3864 752 3.2
3864 4251 26.0
3865 2490 5.8
3865 2513 2.4
3866 645 5.2
3866 4358 23.0
3871 1545 7.2
3871 3458 12.0
3872 620 3.2
3872 4383 21.0
3873 708 5.2
3873 4295 12.4
3874 2247 21.0
3874 2756 21.0
3876 266 6.8
3876 4737 9.0
3879 412 7.6
3879 4591 14.8
3880 1259 12.6
3880 3744 26.2
3881 83 3.0
3881 4920 15.0
3888 404 11.4
3888 4599 20.0
3889 1354 5.8
3889 3649 13.8
3891 1959 5.6
3891 3044 5.8
3894 2153 10.0
3894 2850 12.6
3895 1264 11.0
3895 3739 11.6
3898 171 4.8
3898 4832 14.4
3899 531 3.2
3899 4472 14.6
3901 1385 5.2
3901 3618 20.2
3902 2409 12.6
3902 2594 16.4
3903 77 2.8
3903 4926 20.4
3904 388 2.8
3904 4615 16.2
3907 360 11.0
3907 4643 20.4
3908 2421 8.6
3908 2582 14.2
3909 441 3.6
3909 4562 11.8
3910 608 3.2
3910 4395 21.0
3911 2338 16.0
3911 2665 12.6
3913 1287 4.8
3913 3716 13.8
3915 626 10.6
3915 4377 21.2
3916 1769 6.0
3916 3234 10.0
3923 1838 10.6
3923 3165 15.4
3924 1894 12.2
3924 3109 12.2
3927 2420 11.2
3927 2583 8.8
3928 978 7.0
3928 4025 9.4
3929 150 7.4
3929 4853 14.8
3930 2264 3.2
3930 2739 16.2
3932 60 6.0
3932 4943 15.2
3941 28 9.8
3941 4975 26.4
3942 399 7.0
3942 4604 20.4
3943 1621 6.2
3943 3382 11.0
3944 753 5.6
3944 4250 21.6
3948 1211 11.4
3948 3792 10.8
3949 2444 14.6
3949 2559 8.0
3950 1176 3.2
3950 3827 14.8
3952 153 4.6
3952 4850 15.0
3954 1162 204.2
3954 3841 18.8
3958 190 8.0
3958 4813 26.2
3959 1587 9.2
3959 3416 24.4
3960 563 7.8
3960 4440 14.8
3962 250 6.4
3962 4753 20.8
3963 2131 5.8
3963 2872 16.8
3965 687 8.2
3965 4316 8.4
3966 253 6.6
3966 4750 22.2
3968 1636 407.2
3968 3367 14.6
3969 842 6.6
3969 4161 21.6
3972 1278 5.6
3972 3725 5.6
3976 1987 8.8
3976 3016 21.2
3978 639 6.0
3978 4364 26.8
3980 1711 10.4
3980 3292 20.0
3981 1003 16.6
3981 4000 20.2
3984 730 7.0
3984 4273 14.2
3986 2478 7.4
3986 2525 12.0
3988 2482 13.2
3988 2521 12.4
3989 1004 21.0
3989 3999 16.8
3990 1161 13.8
3990 3842 16.0
3991 2268 6.0
3991 2735 9.8
3994 742 9.0
3994 4261 21.8
3999 2427 21.2
3999 2576 16.2
4000 1415 16.6
4000 3588 6.6
4001 1903 10.0
4001 3100 15.6
4002 107 3.2
4002 4896 9.6
4005 646 8.8
4005 4357 5.2
4007 1623 6.8
4007 3380 14.4
4008 352 6.6
4008 4651 14.4
4009 1109 5.2
4009 3894 14.4
4013 437 4.6
4013 4566 15.0
4014 2301 8.6
4014 2702 8.6
4016 600 12.8
4016 4403 20.8
4018 1907 11.6
4018 3096 12.6
4019 1850 3.4
4019 3153 11.2
4023 2363 8.8
4023 2640 11.4
4025 594 8.8
4025 4409 9.6
4026 350 6.6
4026 4653 9.4
4027 1045 6.8
4027 3958 11.6
4028 1715 3.8
4028 3288 9.2
4031 1533 5.8
4031 3470 18.4
4037 1517 6.0
4037 3486 11.6
4039 2197 8.6
4039 2806 9.4
4041 2348 21.4
4041 2655 9.4
4042 1590 13.8
4042 3413 11.6
4044 1833 12.4
4044 3170 11.2
4046 1462 16.8
4046 3541 13.0
4048 2201 22.0
4048 2802 9.0
4049 940 6.0
4049 4063 25.8
4051 1251 6.0
4051 3752 14.4
4053 85 8.2
4053 4918 9.6
4054 1114 16.8
4054 3889 7.8
4056 1933 9.6
4056 3070 15.8
4058 340 5.2
4058 4663 20.4
4059 13 1.6
4059 4990 17.0
4060 1851 12.2
4060 3152 26.4
4061 2254 16.6
4061 2749 4.8
4062 12 4.6
4062 4991 10.6
4068 564 6.6
4068 4439 21.0
4069 2267 6.4
4069 2736 10.0
4070 2181 19.6
4070 2822 17.0
4071 1184 10.8
4071 3819 18.8
4073 183 6.6
4073 4820 14.6
4076 1330 3.4
4076 3673 16.6
4077 1563 5.2
4077 3440 15.4
4078 800 7.2
4078 4203 21.0
4086 347 7.0
4086 4656 26.4
4088 356 3.8
4088 4647 9.0
4089 809 8.6
4089 4194 8.6
4091 2466 9.8
4091 2537 11.8
4092 1371 7.8
4092 3632 9.0
4093 2261 5.4
4093 2742 11.4
4096 2081 9.0
4096 2922 14.0
4097 634 6.0
4097 4369 11.4
4100 1973 9.2
4100 3030 3.2
4102 2173 7.0
4102 2830 12.0
4103 213 3.2
4103 4790 20.8
4105 795 6.0
4105 4208 20.8
4106 743 6.0
4106 4260 16.4
4107 1165 3.2
4107 3838 8.8
4108 530 12.6
4108 4473 17.0
4109 583 3.2
4109 4420 14.8
4113 2475 17.0
4113 2528 11.2
4114 2104 13.0
4114 2899 15.4
4115 1052 8.4
4115 3951 14.0
4117 352 2.8
4117 4651 20.8
4118 2073 9.6
4118 2930 13.0
4121 1018 6.4
4121 3985 17.6
4123 2018 12.0
4123 2985 16.8
4126 1256 9.4
4126 3747 8.6
4127 933 2.8
4127 4070 8.6
4129 1982 9.0
4129 3021 16.2
4130 1999 18.2
4130 3004 5.4
4131 769 6.4
4131 4234 22.0
4132 2052 21.8
4132 2951 21.8
4135 1528 13.0
4135 3475 16.8
4138 1534 15.8
4138 3469 14.8
4143 1086 9.0
4143 3917 11.6
4147 2325 13.4
4147 2678 16.8
4152 1067 11.6
4152 3936 14.4
4154 292 2.0
4154 4711 11.0
4157 1132 11.2
4157 3871 16.6
4159 2375 6.4
4159 2628 22.0
4161 599 6.0
4161 4404 20.6
4163 1955 7.8
4163 3048 9.6
4169 1115 9.6
4169 3888 16.6
4173 96 6.0
4173 4907 12.6
4174 1083 3.4
4174 3920 15.0
4176 2457 14.0
4176 2546 8.2
4178 689 3.4
4178 4314 11.4
4180 785 12.4
4180 4218 20.6
4182 989 13.0
4182 4014 14.6
4184 552 6.4
4184 4451 20.8
4185 365 3.4
4185 4638 16.8
4188 1998 6.2
4188 3005 12.2
4189 1183 8.6
4189 3820 15.6
4191 2113 7.6
4191 2890 10.6
4192 1794 14.8
4192 3209 11.4
4195 225 16.0
4195 4778 22.0
4198 2432 204.6
4198 2571 19.6
4199 1457 4.4
4199 3546 16.6
4200 760 2.8
4200 4243 12.0
4201 902 2.6
4201 4101 19.2
4202 620 3.2
4202 4383 22.4
4207 2466 6.0
4207 2537 9.4
4209 86 5.8
4209 4917 14.8
4211 2457 10.6
4211 2546 8.8
4213 1219 6.6
4213 3784 16.6
4215 1549 3.0
4215 3454 6.4
4216 269 6.2
4216 4734 22.4
4218 610 6.0
4218 4393 22.6
4219 110 6.0
4219 4893 20.8
4222 1273 9.0
4222 3730 11.4
4225 1327 6.0
4225 3676 8.8
4227 9 2.8
4227 4994 15.4
4229 1506 14.0
4229 3497 8.8
4231 700 2.8
4231 4303 14.4
4232 1100 9.2
4232 3903 22.0
4233 758 8.4
4233 4245 14.6
4234 1642 5.8
4234 3361 12.8
4235 1030 12.4
4235 3973 11.6
4236 1812 11.8
4236 3191 4.8
4241 1212 8.8
4241 3791 17.8
4242 753 2.8
4242 4250 9.4
4243 1923 7.0
4243 3080 13.6
4248 1917 8.6
4248 3086 17.0
4251 211 5.8
4251 4792 21.2
4252 2324 23.8
4252 2679 15.2
4253 779 6.6
4253 4224 14.6
4260 850 11.0
4260 4153 17.2
4265 1526 10.4
4265 3477 13.2
4266 2093 16.0
4266 2910 11.4
4268 1372 3.2
4268 3631 9.6
4269 137 3.2
4269 4866 9.4
4272 1098 7.0
4272 3905 14.6
4273 2385 3.0
4273 2618 14.4
4275 2101 3.4
4275 2902 8.0
4278 1051 3.2
4278 3952 9.4
4280 46 6.4
4280 4957 27.0
4281 1043 5.2
4281 3960 16.8
4282 1288 11.2
4282 3715 22.0
4284 2486 12.0
4284 2517 14.8
4290 94 6.2
4290 4909 20.8
4294 2071 9.0
4294 2932 11.8
4297 2086 4.0
4297 2917 11.6
4301 805 2.8
4301 4198 12.6
4302 688 11.2
4302 4315 11.4
4303 2294 6.0
4303 2709 16.6
4304 146 3.2
4304 4857 20.4
4307 650 2.8
4307 4353 20.8
4308 166 2.8
4308 4837 9.4
4309 1456 7.0
4309 3547 10.4
4310 2303 5.0
4310 2700 9.6
4312 1909 3.6
4312 3094 11.6
4315 1829 16.0
4315 3174 21.0
4317 1765 11.0
4317 3238 17.0
4322 1236 7.4
4322 3767 21.0
4324 360 4.8
4324 4643 9.0
4326 2361 13.6
4326 2642 18.0
4331 1889 11.2
4331 3114 17.0
4336 2330 13.2
4336 2673 9.4
4337 397 5.0
4337 4606 20.8
4338 625 7.4
4338 4378 21.0
4339 1323 6.2
4339 3680 26.8
4340 1712 5.6
4340 3291 5.4
4342 1228 11.0
4342 3775 14.6
4343 656 4.4
4343 4347 14.6
4344 1951 13.2
4344 3052 6.2
4345 1179 12.8
4345 3824 18.0
4347 2146 8.6
4347 2857 20.6
4349 464 6.2
4349 4539 13.2
4350 1662 15.0
4350 3341 11.8
4351 110 3.0
4351 4893 14.6
4354 1478 5.2
4354 3525 8.8
4355 1247 9.0
4355 3756 17.0
4357 1525 13.4
4357 3478 8.8
4359 494 6.2
4359 4509 7.2
4360 309 9.0
4360 4694 18.4
4361 1290 7.0
4361 3713 17.0
4363 876 3.2
4363 4127 9.6
4364 1212 8.6
4364 3791 10.0
4367 842 16.8
4367 4161 11.4
4368 1269 8.4
4368 3734 11.8
4370 1696 6.0
4370 3307 16.8
4371 624 2.8
4371 4379 17.0
4373 2327 12.0
4373 2676 11.4
4375 2448 4.8
4375 2555 15.6
4376 529 2.8
4376 4474 8.8
4378 886 7.4
4378 4117 21.0
4379 815 6.0
4379 4188 7.4
4380 1583 10.4
4380 3420 17.0
4381 1361 5.6
4381 3642 16.8
4383 2390 16.4
4383 2613 9.2
4387 1899 6.2
4387 3104 5.4
4391 1368 9.0
4391 3635 9.4
4393 1669 11.6
4393 3334 11.6
4395 1454 1.8
4395 3549 13.8
4397 1667 9.0
4397 3336 14.6
4399 2473 12.2
4399 2530 14.0
4400 373 6.0
4400 4630 20.2
4401 132 4.6
4401 4871 14.6
4404 506 3.0
4404 4497 26.8
4405 889 11.6
4405 4114 17.0
4408 1054 1.6
4408 3949 14.8
4411 1871 3.6
4411 3132 7.4
4413 422 4.6
4413 4581 14.0
4418 1433 3.0
4418 3570 12.4
4420 357 7.0
4420 4646 20.4
4421 755 4.0
4421 4248 11.8
4423 1725 20.4
4423 3278 20.8
4424 189 4.6
4424 4814 16.4
4425 1480 16.8
4425 3523 7.4
4427 852 6.2
4427 4151 10.6
4429 780 6.0
4429 4223 21.0
4430 119 6.0
4430 4884 26.6
4434 863 9.4
4434 4140 13.0
4438 735 9.6
4438 4268 15.4
4440 320 8.6
4440 4683 26.4
4441 1574 16.2
4441 3429 17.2
4443 586 9.0
4443 4417 12.2
4444 2399 21.0
4444 2604 13.0
4446 411 4.4
4446 4592 14.0
4451 483 5.6
4451 4520 20.2
4452 949 3.2
4452 4054 21.0
4453 1017 8.0
4453 3986 14.6
4456 2150 13.0
4456 2853 18.4
4458 1055 7.4
4458 3948 21.0
4461 1622 6.6
4461 3381 14.4
4462 116 6.0
4462 4887 16.4
4464 976 8.8
4464 4027 14.0
4465 2488 17.8
4465 2515 5.6
4466 1356 4.6
4466 3647 8.8
4469 1117 3.0
4469 3886 9.0
4473 801 8.0
4473 4202 22.4
4475 1761 21.6
4475 3242 8.4
4476 2370 1.2
4476 2633 8.0
4477 412 1.6
4477 4591 21.8
4478 862 4.2
4478 4141 9.4
4479 1888 9.0
4479 3115 15.0
4481 2191 12.8
4481 2812 7.0
4482 195 6.0
4482 4808 27.0
4484 2411 12.0
4484 2592 6.0
4485 2090 5.4
4485 2913 24.0
4486 1735 5.4
4486 3268 16.8
4488 2 3.0
4488 5001 21.8
4489 2009 11.0
4489 2994 9.4
4492 1462 4.0
4492 3541 14.6
4493 1328 10.8
4493 3675 15.4
4496 2337 15.2
4496 2666 10.0
4498 473 3.2
4498 4530 26.0
4499 319 4.8
4499 4684 9.4
4502 445 8.2
4502 4558 26.8
4505 1385 6.0
4505 3618 20.8
4508 1127 6.8
4508 3876 26.0
4510 2216 6.6
4510 2787 8.0
4511 300 3.2
4511 4703 15.0
4512 1525 206.8
4512 3478 7.4
4513 936 10.0
4513 4067 12.2
4515 608 8.2
4515 4395 26.8
4516 1612 9.0
4516 3391 14.6
4521 1295 14.6
4521 3708 19.2
4522 443 4.0
4522 4560 13.8
4526 1513 8.8
4526 3490 14.6
4527 651 6.2
4527 4352 9.4
4528 38 6.2
4528 4965 14.8
4529 2246 5.4
4529 2757 8.8
4536 343 6.4
4536 4660 17.4
4538 2013 6.4
4538 2990 14.2
4539 1901 8.8
4539 3102 16.2
4545 600 16.0
4545 4403 20.8
4546 1609 6.4
4546 3394 7.2
4549 169 3.4
4549 4834 14.8
4551 1249 3.6
4551 3754 10.0
4552 174 6.0
4552 4829 10.8
4553 982 6.4
4553 4021 16.0
4554 1229 5.6
4554 3774 14.8
4556 2075 12.4
4556 2928 11.8
4557 1359 1.8
4557 3644 8.4
4559 115 4.6
4559 4888 26.8
4560 1518 5.6
4560 3485 18.2
4564 660 6.0
4564 4343 16.4
4565 192 4.0
4565 4811 7.8
4566 1585 3.8
4566 3418 8.0
4568 1532 9.6
4568 3471 22.0
4569 1501 7.4
4569 3502 12.4
4570 9 2.8
4570 4994 17.0
4574 2310 8.0
4574 2693 7.8
4578 1771 8.2
4578 3232 22.0
4579 2305 8.4
4579 2698 9.4
4580 684 6.2
4580 4319 17.2
4582 2220 17.0
4582 2783 11.8
4583 2211 5.4
4583 2792 21.2
4589 717 3.0
4589 4286 7.4
4590 798 7.2
4590 4205 13.4
4593 1353 13.2
4593 3650 14.8
4594 1872 8.0
4594 3131 9.2
4595 2000 8.6
4595 3003 16.8
4596 2248 5.6
4596 2755 5.4
4597 161 4.4
4597 4842 21.0
4598 1485 3.2
4598 3518 12.0
4601 478 5.2
4601 4525 23.0
4602 1701 6.0
4602 3302 16.0
4603 730 11.0
4603 4273 18.8
4604 516 3.4
4604 4487 10.8
4605 427 9.8
4605 4576 26.2
4606 668 2.8
4606 4335 21.4
4608 420 9.2
4608 4583 14.8
4610 335 1.6
4610 4668 16.0
4612 473 4.4
4612 4530 10.0
4613 739 6.0
4613 4264 21.0
4614 1499 8.8
4614 3504 18.8
4616 1142 9.4
4616 3861 8.8
4617 2498 5.2
4617 2505 12.2
4618 2300 8.6
4618 2703 12.4
4619 1894 6.0
4619 3109 11.4
4620 1881 4.6
4620 3122 11.8
4623 831 12.2
4623 4172 26.0
4626 1204 11.0
4626 3799 12.2
4627 298 9.6
4627 4705 16.2
4628 1780 6.6
4628 3223 21.0
4631 2496 16.4
4631 2507 9.6
4632 1310 9.4
4632 3693 11.8
4633 1016 13.0
4633 3987 27.0
4634 601 2.6
4634 4402 20.8
4637 1370 12.6
4637 3633 17.4
4639 1502 9.6
4639 3501 11.6
4641 1175 5.4
4641 3828 20.8
4643 2360 8.2
4643 2643 5.6
4644 298 5.4
4644 4705 26.0
4645 809 6.0
4645 4194 11.6
4646 1526 12.8
4646 3477 21.8
4649 138 3.4
4649 4865 27.0
4651 1861 21.0
4651 3142 6.2
4654 267 1.6
4654 4736 16.0
4657 132 2.8
4657 4871 9.4
4658 1312 7.0
4658 3691 12.8
4660 2441 5.6
4660 2562 15.0
4663 1666 5.0
4663 3337 6.6
4664 1056 3.4
4664 3947 15.2
4665 2372 22.0
4665 2631 8.2
4668 1392 3.4
4668 3611 21.8
4672 80 3.0
4672 4923 11.0
4673 468 9.8
4673 4535 14.8
4678 963 6.0
4678 4040 16.4
4679 1328 14.2
4679 3675 16.6
4680 887 2.8
4680 4116 9.6
4682 1088 17.8
4682 3915 26.8
4683 145 10.0
4683 4858 20.4
4685 1838 3.2
4685 3165 14.8
4687 446 3.0
4687 4557 9.4
4688 1376 10.8
4688 3627 23.8
4689 2369 11.0
4689 2634 5.8
4690 1554 3.8
4690 3449 9.2
4692 149 8.0
4692 4854 20.6
4693 2379 17.0
4693 2624 14.8
4694 116 1.6
4694 4887 8.4
4695 2369 7.4
4695 2634 10.4
4696 856 3.4
4696 4147 16.2
4697 977 4.6
4697 4026 11.4
4700 1144 8.4
4700 3859 20.8
4701 1739 8.4
4701 3264 10.8
4703 1545 3.8
4703 3458 11.2
4704 1229 8.2
4704 3774 17.0
4706 1481 13.0
4706 3522 12.4
4707 772 6.0
4707 4231 11.0
4709 2254 11.8
4709 2749 5.2
4712 487 6.2
4712 4516 20.4
4713 2384 12.8
4713 2619 8.8
4715 1103 5.2
4715 3900 20.2
4716 154 4.2
4716 4849 13.8
4717 1870 9.8
4717 3133 11.4
4718 1920 9.4
4718 3083 20.0
4719 826 3.0
4719 4177 22.4
4720 1405 8.8
4720 3598 8.8
4722 570 2.8
4722 4433 25.8
4723 175 3.2
4723 4828 21.0
4724 469 4.6
4724 4534 11.6
4725 450 4.6
4725 4553 26.6
4728 7 2.2
4728 4996 20.4
4730 354 8.2
4730 4649 20.2
4733 2145 11.4
4733 2858 16.0
4734 804 2.8
4734 4199 21.8
4735 879 5.0
4735 4124 11.6
4736 82 9.8
4736 4921 20.8
4738 2228 6.4
4738 2775 7.0
4739 679 3.2
4739 4324 21.0
4740 1051 8.2
4740 3952 21.0
4742 325 3.4
4742 4678 16.2
4745 1604 8.2
4745 3399 11.4
4746 2023 8.6
4746 2980 12.2
4749 1433 8.2
4749 3570 12.6
4750 1983 16.0
4750 3020 21.0
4756 863 11.0
4756 4140 27.0
4757 1392 14.6
4757 3611 8.6
4758 2094 11.8
4758 2909 19.4
4759 107 6.0
4759 4896 14.8
4762 1724 11.6
4762 3279 8.4
4763 595 2.8
4763 4408 20.4
4768 2445 12.2
4768 2558 9.6
4769 1785 6.6
4769 3218 8.0
4771 2157 18.0
4771 2846 8.6
4772 1627 12.6
4772 3376 8.8
4773 2305 8.8
4773 2698 6.2
4776 1605 3.8
4776 3398 7.8
4777 1844 16.2
4777 3159 9.0
4778 544 10.0
4778 4459 18.2
4780 712 11.0
4780 4291 26.0
4782 853 209.6
4782 4150 26.2
4784 1459 16.6
4784 3544 12.2
4786 2325 7.2
4786 2678 9.0
4788 335 4.6
4788 4668 20.8
4789 1427 13.0
4789 3576 16.4
4793 1200 11.8
4793 3803 14.4
4794 2186 16.0
4794 2817 8.4
4795 1805 8.6
4795 3198 19.8
4796 752 8.4
4796 4251 12.4
4798 157 7.0
4798 4846 14.4
4799 1082 6.4
4799 3921 9.8
4800 1712 8.8
4800 3291 17.0
4803 1000 16.0
4803 4003 21.0
4804 1468 6.4
4804 3535 13.0
4805 1944 11.6
4805 3059 9.2
4806 1140 9.0
4806 3863 13.0
4808 632 13.6
4808 4371 14.6
4809 1713 16.4
4809 3290 21.0
4810 2365 15.8
4810 2638 8.6
4811 1207 3.4
4811 3796 12.2
4814 1459 3.0
4814 3544 10.4
4815 272 8.0
4815 4731 20.6
4816 299 6.0
4816 4704 26.6
4817 1887 6.8
4817 3116 8.6
4818 2288 5.2
4818 2715 7.4
4819 2295 18.2
4819 2708 8.2
4824 1378 5.8
4824 3625 9.4
4826 181 6.6
4826 4822 10.8
4827 2402 11.8
4827 2601 8.6
4831 1687 9.2
4831 3316 15.4
4834 2404 12.4
4834 2599 16.8
4835 1816 11.0
4835 3187 8.8
4837 404 1.6
4837 4599 16.0
4841 1080 8.8
4841 3923 17.2
4842 1485 9.2
4842 3518 19.8
4843 1865 6.2
4843 3138 6.0
4844 364 5.2
4844 4639 11.8
4847 1047 9.0
4847 3956 26.0
4849 68 3.0
4849 4935 16.4
4850 1599 17.0
4850 3404 26.4
4853 705 14.0
4853 4298 15.0
4855 2157 8.6
4855 2846 17.6
4858 89 2.6
4858 4914 8.0
4859 2382 14.4
4859 2621 15.8
4860 2042 8.6
4860 2961 24.2
4864 2012 11.0
4864 2991 21.0
4866 2230 21.0
4866 2773 11.4
4867 28 2.6
4867 4975 15.0
4869 381 8.4
4869 4622 21.2
4871 1028 6.0
4871 3975 21.0
4872 615 5.6
4872 4388 20.6
4874 1198 4.6
4874 3805 9.6
4878 2394 14.0
4878 2609 16.4
4879 1100 6.2
4879 3903 14.6
4881 0 2.0
4882 1687 4.8
4882 3316 10.2
4883 2394 8.4
4883 2609 16.4
4884 1532 6.0
4884 3471 9.4
4888 2270 8.0
4888 2733 16.2
4889 2024 12.6
4889 2979 11.8
4890 1378 9.0
4890 3625 12.8
4892 1483 11.6
4892 3520 12.6
4896 2090 7.6
4896 2913 11.8
4897 1458 9.0
4897 3545 20.4
4898 1985 12.4
4898 3018 11.8
4900 1990 5.8
4900 3013 21.0
4904 2164 9.0
4904 2839 9.6
4905 2130 10.6
4905 2873 9.2
4908 416 2.8
4908 4587 20.8
4909 1492 5.4
4909 3511 12.2
4912 676 5.0
4912 4327 9.4
4913 2360 5.8
4913 2643 11.4
4914 822 4.2
4914 4181 14.8
4915 2014 17.2
4915 2989 8.8
4917 860 4.6
4917 4143 15.0
4918 2170 12.8
4918 2833 11.8
4919 150 1.6
4919 4853 10.0
4920 196 1.6
4920 4807 10.2
4922 61 1.4
4922 4942 22.0
4924 1707 5.8
4924 3296 12.4
4925 275 2.8
4925 4728 26.4
4929 765 6.2
4929 4238 17.2
4934 163 2.8
4934 4840 9.4
4938 2142 13.0
4938 2861 16.8
4939 2420 11.8
4939 2583 8.8
4940 2050 3.0
4940 2953 26.2
4944 1564 16.0
4944 3439 22.0
4946 308 4.4
4946 4695 14.6
4947 1364 10.8
4947 3639 21.0
4949 1860 6.0
4949 3143 15.0
4954 811 5.6
4954 4192 13.2
4955 930 5.4
4955 4073 14.6
4957 1356 5.6
4957 3647 9.4
4960 993 7.8
4960 4010 16.2
4962 2344 16.0
4962 2659 6.0
4964 1211 5.8
4964 3792 11.4
4965 2164 3.8
4965 2839 7.4
4966 1622 13.0
4966 3381 21.8
4967 2138 20.8
4967 2865 16.2
4969 562 5.4
4969 4441 14.8
4974 936 4.0
4974 4067 11.8
4979 1865 1.8
4979 3138 13.4
4981 738 6.0
4981 4265 20.6
4985 1451 12.6
4985 3552 16.2
4986 1781 6.2
4986 3222 5.8
4988 2001 11.0
4988 3002 6.2
4989 2287 14.8
4989 2716 20.4
4992 1500 8.8
4992 3503 18.0
4994 233 6.0
4994 4770 26.0
4996 2008 8.0
4996 2995 8.8
4998 1866 6.8
4998 3137 12.4
4999 1983 11.6
4999 3020 16.2
5002 0 2.0
