X cord  |  Y cord  |  time[ms]
1 122764 16
3 193933 25
8 117643 17
9 137458 16
10 158601 26
12 186583 16
13 105027 17
14 177609 16
15 193174 16
16 137965 15
17 142593 27
19 166635 16
20 184680 16
22 160708 6
24 190023 6
25 178830 16
26 154287 5
30 131104 17
31 122424 26
32 188383 6
33 154133 17
36 106207 5
41 106808 6
43 146986 16
45 140022 26
47 102241 26
48 180856 6
49 184345 16
50 183164 15
51 163000 25
53 111519 6
54 134582 25
56 172532 7
57 163780 6
58 138109 16
59 125181 6
60 110025 16
67 130277 16
71 107780 5
75 138792 15
76 153873 6
78 103138 16
80 151780 16
81 114538 26
82 151897 15
85 188633 16
88 141068 5
90 109026 17
91 102921 6
94 110882 17
96 119803 16
97 189862 15
99 138337 16
101 154179 6
102 176660 16
106 156537 15
107 150427 15
111 193308 15
112 108411 6
118 166005 16
119 98584 27
121 156907 26
122 193019 16
125 191445 6
128 160294 26
129 103846 7
130 111662 6
131 191668 16
132 176935 16
134 110587 16
137 192276 16
138 148087 16
140 112601 26
142 146211 16
146 118226 15
147 97967 7
152 190760 16
153 188573 15
155 192465 15
158 173305 26
159 179522 7
160 128875 26
162 151070 7
165 176561 16
167 114401 16
168 123386 16
177 164323 16
178 182702 27
180 143944 16
192 104651 15
193 127025 16
194 127146 17
195 130999 7
196 182173 16
199 165207 5
202 187224 26
203 104231 17
204 175060 15
206 184493 17
210 167905 17
211 158012 26
212 138452 16
215 167725 16
217 112881 16
218 140648 17
219 123123 16
223 164803 16
226 117781 25
228 120623 7
230 118938 5
231 142036 16
233 193282 16
235 136353 17
236 137827 16
237 163293 15
240 166110 17
242 152330 26
243 150824 6
245 147271 6
246 149596 16
247 190184 16
248 151734 7
249 107282 16
251 100154 16
252 152448 5
255 189268 16
258 185884 6
263 144833 7
265 130964 26
266 125648 6
269 172753 16
270 125234 27
272 150847 16
273 176490 26
275 113877 26
276 145316 6
277 140285 16
279 130493 26
282 166259 6
284 117886 27
285 154776 6
288 126038 16
292 165853 16
293 167225 27
294 104979 5
295 139423 6
297 121170 26
299 173018 7
300 115731 26
301 173540 17
303 151053 6
306 157898 16
307 183628 6
309 175904 16
310 148874 16
311 118749 16
312 112061 7
313 145697 17
316 105848 16
318 120279 16
319 172462 16
320 129927 17
324 127382 6
326 184864 16
328 126187 6
330 103975 25
332 129595 26
333 103665 7
335 127974 27
339 103983 16
340 166154 17
342 101006 16
349 178855 1003
350 147877 15
352 182799 26
353 169353 26
354 152703 17
359 120278 17
361 118059 15
367 143832 17
369 191966 16
370 156150 17
372 173949 6
373 166095 26
374 132821 26
375 178457 7
379 167091 26
381 159798 16
383 132910 25
385 138485 15
386 127513 15
389 140646 17
390 125454 27
391 134137 17
393 163194 6
395 134520 16
397 148053 6
398 160819 26
401 104249 16
405 102964 6
406 120359 17
407 127001 15
408 161338 17
409 172191 26
410 142615 27
414 102428 6
416 174551 16
423 173016 26
425 145509 6
427 183103 7
428 148058 16
432 139597 5
436 104167 6
437 150052 17
438 101774 15
440 156763 6
442 151873 16
444 177430 6
445 164567 16
447 131125 16
448 173707 6
449 150710 27
451 163812 26
456 169325 26
458 103338 27
461 123282 16
463 133874 17
466 121903 7
469 140232 27
470 157738 7
471 106181 16
472 156797 27
474 157125 26
475 139245 16
476 186490 17
478 151954 16
483 101625 16
484 150142 16
485 155102 25
489 147810 17
491 148937 27
493 123055 15
494 155667 15
495 156943 16
496 166938 5
498 165580 15
499 154748 16
502 97071 16
504 108620 15
505 126756 16
508 140498 6
512 164654 17
515 102382 6
516 134114 16
520 156821 26
522 106282 26
523 99626 26
525 120884 16
526 125982 17
528 146752 17
529 157953 6
530 147122 25
531 155537 16
532 176683 27
534 159176 6
535 127703 26
539 174485 16
540 178589 6
541 191244 26
543 118608 27
545 158304 26
546 147763 16
547 136596 16
549 155935 27
550 166508 16
558 116224 16
562 190848 7
565 99070 6
572 134634 16
573 174768 16
574 189338 16
575 101307 15
576 136258 6
577 163035 26
578 139029 16
579 186162 27
580 108636 15
582 173973 25
584 180202 16
585 191724 16
588 138286 26
589 100334 16
590 193500 15
593 192111 16
594 150578 16
595 132466 26
596 124757 26
598 178075 16
600 191269 25
602 131146 6
603 161334 6
604 128159 7
606 161168 16
609 181564 17
611 137420 5
613 106542 27
614 176971 26
616 176594 5
619 98021 17
621 183547 26
622 105538 15
624 181430 16
625 105436 5
626 131948 16
627 174814 26
634 148247 6
638 101347 26
639 134025 6
641 137160 16
642 175790 26
644 158521 16
646 132973 16
648 148332 6
649 179713 7
652 167140 16
653 114839 16
655 162440 26
656 156298 17
657 162873 26
658 119677 25
661 108851 16
662 176872 16
663 193213 7
664 145250 17
666 173863 6
667 121190 16
668 100673 17
669 135201 5
670 149967 15
671 127980 17
677 108476 16
680 139832 6
681 140094 7
683 108211 6
684 152983 6
686 178459 26
687 156179 26
690 100134 16
693 125260 25
696 107430 16
698 97762 16
700 156440 17
702 137012 27
703 104625 17
705 126080 27
711 167662 7
712 153299 6
714 177304 6
715 166636 16
720 182767 16
721 137579 16
725 191653 16
727 180985 16
728 168395 16
731 147206 6
732 142400 6
733 129467 17
737 114189 26
738 124948 15
739 102639 25
740 106427 15
743 149624 17
744 172484 27
745 105698 27
750 162264 16
751 141146 16
757 142501 26
758 120195 16
760 120690 6
763 119747 15
764 155703 6
769 162865 6
770 157049 15
771 164783 16
772 182193 16
773 186748 6
774 133974 25
775 131871 25
777 132506 27
778 111916 6
781 173011 17
786 126817 26
790 160388 17
791 143743 16
792 129197 25
793 109426 16
796 135604 25
798 165647 16
801 166272 26
802 124272 17
803 103510 17
811 163599 26
813 138519 16
814 121587 16
815 100708 17
816 137536 16
817 98656 7
818 144294 26
820 179168 6
821 117314 26
822 139720 16
823 121430 17
825 176588 7
829 144650 16
830 167903 26
833 187752 6
837 125531 17
841 149106 6
843 193904 15
846 136940 16
848 111891 26
849 114420 27
852 187407 16
855 147496 15
858 168722 16
859 100465 27
860 171283 26
864 137603 16
868 175474 27
869 141290 1002
871 144109 26
872 155603 25
873 104716 27
874 111173 15
875 137382 16
876 170899 6
877 156333 17
878 132227 16
879 177711 17
881 151957 16
882 159339 6
883 150117 6
884 157656 6
885 144720 16
886 106934 16
887 126502 6
888 147174 26
890 165665 16
891 171195 26
892 184560 26
896 114323 15
898 99286 27
899 143607 17
900 163473 7
903 126470 26
908 113703 17
911 138630 6
917 179057 6
918 136772 17
921 153182 26
922 104586 6
923 189309 7
924 164375 16
926 130939 26
927 175341 26
928 148150 26
929 103242 16
930 192263 6
931 173134 6
932 147784 6
934 158499 17
935 124841 15
936 169190 15
938 120319 15
939 177204 16
941 184931 16
942 165412 16
946 117882 16
947 135818 6
949 169495 16
950 187424 27
955 119346 26
958 134007 17
959 142673 16
960 119458 15
961 179859 26
963 133666 16
964 102308 16
965 118383 25
967 148102 17
968 162085 6
969 114619 26
971 113062 6
974 167009 7
976 156517 6
977 128919 16
981 117067 17
984 101158 25
987 189180 5
988 146085 16
990 143909 6
992 189546 26
993 164665 15
995 119147 5
997 123115 15
999 183976 6
1000 128567 17
1001 184683 16
1006 122227 17
1008 153666 16
1010 140410 6
1012 106331 26
1014 127275 6
1022 150577 17
1024 164689 16
1025 99518 15
1026 147953 16
1033 192881 26
1036 190014 6
1040 147119 7
1041 130240 17
1043 130361 26
1044 107891 26
1045 112167 16
1048 128832 6
1049 179833 16
1050 117704 26
1055 140000 16
1057 192060 17
1058 102034 5
1060 118213 6
1064 178671 16
1068 168655 25
1070 141211 16
1072 145054 16
1073 169392 17
1076 105922 26
1079 177840 17
1082 137113 26
1083 137164 16
1084 145005 26
1086 145886 26
1088 147567 26
1091 140598 6
1092 153545 27
1093 100995 17
1094 136040 17
1095 128795 6
1096 104947 15
1097 122955 17
1098 118050 26
1107 98334 6
1108 97802 7
1109 124215 16
1110 154624 7
1112 191565 16
1113 192842 7
1114 166148 16
1115 170671 6
1118 140896 7
1122 160606 16
1123 182167 6
1125 157150 26
1126 178455 16
1135 117512 16
1136 134526 15
1140 100294 26
1141 182588 15
1146 97187 16
1147 119535 7
1149 129200 16
1151 126318 26
1154 167519 16
1156 184739 5
1157 106004 6
1158 153095 7
1159 116147 6
1162 189511 16
1164 116174 25
1165 128338 6
1166 191020 26
1167 160966 16
1168 104721 16
1170 193680 26
1175 187763 7
1176 121646 26
1178 189905 16
1183 142004 26
1185 103689 6
1187 165049 26
1188 175253 6
1189 182857 6
1191 179346 6
1193 192953 26
1195 170673 17
1198 154374 6
1202 137886 17
1203 125840 16
1204 181104 17
1205 105762 16
1209 120786 17
1213 171811 5
1216 169713 16
1218 135595 26
1219 103859 17
1221 185175 16
1224 123884 17
1229 125491 25
1231 161898 26
1232 182694 7
1233 118563 16
1236 157130 6
1240 134998 16
1241 193529 17
1242 176698 17
1244 155685 26
1248 132807 16
1251 130784 26
1254 179058 27
1255 128948 17
1257 102100 17
1259 167778 7
1261 106205 16
1262 173121 17
1266 153979 6
1267 123909 6
1269 183415 27
1271 149554 16
1273 162715 16
1274 163568 25
1275 166327 15
1276 147830 6
1279 104110 16
1281 167022 16
1282 165077 16
1283 97897 6
1285 141397 17
1288 163164 26
1290 99156 7
1292 121960 7
1293 137151 16
1295 148052 26
1297 105586 27
1302 135564 26
1304 178562 26
1305 171913 7
1307 145892 16
1308 118447 6
1310 155977 16
1312 144508 26
1320 165541 16
1321 131609 26
1322 155428 6
1323 135761 6
1324 127113 15
1325 125330 26
1326 179355 27
1327 118650 26
1331 98131 16
1332 130518 16
1334 170973 17
1335 181678 6
1336 163220 16
1337 192390 15
1338 132219 15
1340 101957 16
1345 178716 26
1346 129222 27
1347 103745 6
1350 144466 7
1352 144630 26
1355 97912 17
1356 96991 26
1357 129888 6
1359 119149 25
1360 171534 6
1361 109532 6
1362 162741 16
1363 148993 26
1364 134988 16
1368 133668 26
1372 114051 7
1373 133072 28
1375 103863 16
1376 183120 6
1382 189114 7
1383 139984 16
1384 114513 25
1385 190737 26
1388 146758 16
1389 156905 26
1391 118973 6
1393 137159 16
1397 172239 16
1399 142594 16
1403 143406 26
1407 152316 27
1409 104497 16
1410 140369 6
1412 125049 17
1413 115733 27
1415 121486 7
1418 151416 16
1420 133740 15
1423 170918 16
1424 144234 26
1425 118932 27
1426 113771 16
1427 133778 16
1431 126709 16
1433 175765 6
1434 105762 6
1435 132083 15
1436 161759 16
1439 189636 26
1445 121960 6
1450 114281 25
1451 191824 6
1453 101330 6
1454 136750 7
1456 155079 6
1457 184318 6
1459 122944 16
1460 168106 6
1463 107978 16
1464 140282 16
1466 106672 7
1467 179806 17
1472 103130 17
1473 118319 26
1474 119089 15
1475 149932 6
1477 145689 26
1478 108551 16
1479 139499 7
1481 118173 17
1482 104432 17
1483 136863 16
1488 128059 6
1492 116934 17
1494 112111 16
1497 161243 26
1499 109583 16
1500 167884 16
1503 114451 16
1506 174447 27
1511 158303 16
1512 149564 16
1513 172528 16
1515 159916 16
1517 162753 16
1520 169551 7
1522 156964 15
1523 124556 17
1526 181228 27
1528 118896 27
1530 182442 16
1531 149585 26
1532 99678 15
1534 140357 6
1539 158765 16
1540 155160 27
1543 174233 27
1544 157067 26
1546 150622 6
1552 105131 16
1560 125343 17
1561 116073 7
1565 131993 16
1566 129108 17
1568 163530 17
1575 112578 17
1580 171497 17
1583 110789 27
1586 192097 16
1591 156267 17
1592 155148 17
1594 107856 16
1595 106243 6
1596 191016 26
1597 163519 5
1598 165851 16
1600 106163 6
1601 101882 15
1603 117005 25
1607 106072 16
1608 141451 15
1609 139601 27
1613 140516 5
1616 171111 26
1618 121985 16
1619 97157 16
1620 183887 17
1621 98580 17
1622 108762 7
1623 140948 1003
1624 102264 7
1630 151677 16
1633 193929 6
1634 163924 27
1637 154040 17
1638 149456 6
1640 179393 6
1641 154531 27
1642 107022 26
1643 111574 6
1645 150355 27
1649 117650 6
1650 172001 16
1651 172312 16
1652 120875 26
1654 109953 26
1655 128285 16
1658 185734 7
1660 134735 16
1661 164335 27
1662 185015 17
1667 126866 25
1669 150878 6
1670 191367 16
1671 174955 15
1673 117406 17
1674 120046 17
1675 158831 17
1677 160959 26
1680 160901 17
1681 101183 17
1683 127286 26
1685 109571 16
1687 183984 27
1690 124836 17
1692 112580 17
1693 97565 26
1695 155745 15
1696 110034 17
1697 125583 6
1698 161382 16
1699 155115 25
1706 119276 17
1707 99202 6
1708 186851 16
1710 152577 6
1715 143725 16
1716 182248 16
1718 119389 26
1720 133186 16
1722 103020 16
1723 184755 26
1724 108938 16
1727 164217 6
1729 118963 6
1730 153537 26
1731 157935 16
1732 108572 16
1733 105860 16
1735 142982 16
1737 132084 26
1740 190815 16
1741 107193 16
1744 179587 6
1746 155782 16
1748 178641 6
1749 134801 17
1752 109495 17
1756 128213 7
1758 164987 17
1759 161476 7
1760 149478 15
1763 185459 16
1765 175234 26
1767 161498 16
1770 168846 15
1771 184616 5
1772 178660 26
1773 148257 16
1774 128440 16
1776 167346 16
1779 107719 16
1783 179179 17
1784 178137 27
1787 108681 26
1788 141380 16
1790 152752 7
1792 172608 6
1793 121133 17
1796 135273 16
1797 159187 6
1799 164200 6
1800 111662 17
1802 105272 6
1804 96983 7
1806 154248 16
1808 141424 16
1809 144182 26
1810 126945 16
1812 120208 16
1815 100088 6
1824 119425 16
1825 170737 26
1826 127471 7
1829 142248 15
1830 128591 16
1831 103208 25
1832 127977 15
1833 138212 6
1835 113427 7
1837 147755 7
1838 180306 16
1842 191745 16
1844 154656 27
1845 175123 7
1846 159594 16
1847 171124 7
1849 174519 25
1850 148212 26
1851 131051 16
1856 175775 15
1857 158542 7
1858 134921 16
1860 113771 16
1861 183339 26
1862 140469 17
1865 149067 7
1866 135401 17
1867 134798 7
1870 170720 7
1871 111778 6
1872 148035 16
1874 191707 16
1876 123877 27
1880 112660 26
1887 188337 17
1889 112281 16
1891 138649 6
1892 123318 16
1894 163432 1003
1896 172137 17
1897 157708 26
1901 136905 7
1905 169799 26
1907 97839 7
1910 98613 25
1914 114297 17
1919 112671 6
1920 169684 18
1921 173770 7
1922 191583 16
1923 189584 25
1924 176351 26
1932 143915 26
1935 113378 5
1937 132850 6
1938 114180 26
1941 107436 17
1943 160372 27
1944 128936 16
1945 165410 16
1948 170948 27
1950 101605 26
1951 108220 16
1952 182713 17
1953 174069 17
1956 165436 16
1960 164508 26
1962 163105 26
1965 101480 7
1966 137109 16
1967 168062 15
1971 182011 16
1974 176763 27
1976 120225 27
1977 136741 26
1978 135259 16
1979 99344 6
1980 168492 16
1981 128123 17
1982 124117 6
1983 178670 6
1985 172428 26
1987 97816 16
1989 185733 16
1994 171679 16
1995 133189 27
1996 106195 26
1999 115824 6
2000 118208 17
2001 164302 16
2002 162265 26
2006 122368 6
2009 135749 27
2010 164312 6
2011 153065 27
2016 176668 26
2017 123698 16
2020 143654 26
2021 137671 16
2022 180754 26
2023 141963 7
2024 185537 6
2028 129423 17
2030 104099 16
2033 144024 17
2039 132270 6
2040 144238 16
2043 189355 17
2044 181085 16
2045 126852 16
2048 179642 17
2049 146445 6
2051 106989 27
2054 148752 16
2058 133150 6
2060 154221 17
2064 187509 16
2065 174915 16
2067 139895 6
2068 120595 16
2070 143539 16
2072 171220 26
2074 122724 26
2075 159280 27
2076 173813 26
2079 131608 7
2081 132152 16
2082 136207 7
2083 108475 17
2084 112089 16
2085 114634 16
2086 167921 27
2087 184143 6
2088 149488 26
2090 102161 16
2091 116858 27
2093 146267 16
2094 149543 27
2095 191492 16
2097 176924 6
2101 98440 5
2103 135728 6
2111 152537 16
2113 130748 27
2115 150206 17
2117 144840 25
2118 193379 16
2120 110595 26
2121 111667 17
2123 130931 16
2127 150618 26
2128 145427 17
2136 107667 27
2137 188601 5
2139 116699 17
2141 116589 27
2142 184765 17
2147 154337 27
2149 147193 6
2150 128532 6
2151 100299 6
2155 119059 27
2156 190949 16
2158 101889 6
2164 147990 6
2166 109712 17
2167 112926 17
2169 97189 6
2171 136506 7
2174 121370 16
2176 143763 17
2177 169859 16
2180 108004 17
2183 124258 16
2184 172524 16
2188 106060 16
2190 138268 7
2191 188495 26
2192 152860 7
2193 104726 17
2195 137339 17
2196 102267 7
2197 182175 17
2198 189507 17
2199 149399 8
2201 140319 7
2202 171619 26
2203 99668 27
2204 115558 17
2205 146465 27
2206 119182 27
2207 109872 16
2208 193883 6
2209 111610 6
2210 179480 26
2211 124823 6
2213 134939 6
2216 109613 16
2217 192381 1003
2219 134831 26
2221 122504 26
2222 120010 16
2226 107929 26
2230 190007 16
2231 146728 16
2232 192887 16
2235 129798 17
2237 166828 27
2238 103322 16
2241 122005 16
2243 176988 16
2244 117161 17
2245 172345 17
2249 189981 7
2251 123938 17
2253 104112 26
2256 136555 7
2257 143182 17
2258 110015 17
2259 129758 7
2260 115949 16
2261 151377 16
2263 142663 26
2264 129349 17
2266 142881 27
2267 186984 17
2268 134071 7
2269 179283 17
2270 158499 6
2271 111292 7
2272 140815 6
2273 179911 26
2274 107301 26
2279 167854 16
2280 163451 16
2281 163064 6
2282 162459 17
2283 110138 16
2287 123949 6
2290 135556 26
2291 138895 16
2293 124717 6
2296 187053 16
2302 170036 7
2306 154308 16
2307 131431 16
2308 130238 7
2310 180904 16
2311 150764 6
2314 119505 16
2315 141812 16
2316 98246 26
2317 175262 17
2322 138849 6
2323 173642 16
2330 179969 16
2331 156521 16
2332 124405 6
2333 155304 6
2334 166178 17
2335 176820 6
2336 167244 17
2342 150327 16
2343 136974 16
2344 104771 17
2348 165904 16
2349 102621 27
2351 124869 16
2352 164746 6
2357 188671 16
2358 104163 7
2363 142593 26
2364 109643 5
2367 99919 15
2368 134931 27
2369 141167 16
2371 108094 6
2374 162001 17
2376 163260 16
2377 150023 6
2379 193664 16
2381 192503 17
2382 102145 16
2384 167097 16
2385 153078 15
2387 173438 7
2388 191041 7
2391 176836 6
2392 179039 17
2393 175238 6
2394 139813 5
2396 148024 26
2397 99213 16
2398 103588 16
2405 131666 16
2407 162364 27
2408 171353 17
2410 114478 17
2414 121602 16
2417 97240 25
2418 119102 6
2419 115815 5
2421 192370 27
2423 192605 16
2424 159603 6
2425 98600 6
2427 149830 6
2432 193108 27
2434 130073 16
2436 106434 16
2439 139962 26
2440 135552 16
2441 154498 7
2442 170710 16
2444 141929 16
2445 164746 26
2454 157689 6
2457 149372 16
2462 115850 17
2463 151176 16
2464 142052 16
2467 129489 15
2468 186132 17
2472 153568 6
2478 179431 26
2480 169394 17
2482 101298 27
2483 150296 6
2487 120681 18
2488 139820 6
2492 189328 16
2495 113370 16
2497 126220 17
2498 185127 6
2499 160922 16
2503 168899 26
2506 163355 16
2507 149944 17
2509 171916 16
2512 98943 16
2516 138490 6
2517 166274 6
2519 135819 17
2524 105633 17
2525 131106 16
2526 115892 16
2528 179240 6
2529 129174 26
2530 107332 16
2532 162286 27
2533 111969 15
2534 101202 16
2536 139240 15
2537 165542 26
2540 181935 16
2542 146382 26
2543 174290 16
2546 151228 6
2547 186941 25
2549 112327 17
2552 124881 17
2553 159824 26
2558 132526 16
2559 147164 16
2563 176169 7
2564 110266 16
2565 128445 17
2567 138333 17
2569 142451 26
2571 161209 16
2572 159575 6
2573 109214 17
2575 123952 16
2576 174911 16
2577 190085 26
2579 101732 27
2582 156750 16
2583 116292 27
2584 123184 16
2586 107336 16
2587 120225 16
2589 119268 16
2599 137787 5
2600 157548 6
2601 169546 16
2602 130852 16
2605 144915 6
2606 177430 27
2609 178558 16
2610 181837 26
2611 167969 6
2613 128516 16
2615 171779 16
2616 100072 6
2620 165782 16
2622 145264 7
2623 179958 16
2625 157002 16
2626 189226 17
2627 181933 16
2632 154715 17
2634 156417 16
2636 149869 16
2637 161542 16
2639 98883 27
2640 117820 7
2641 134587 17
2642 137474 6
2643 101427 16
2644 133613 5
2646 116967 27
2647 189225 26
2648 169939 26
2649 103824 17
2651 179468 17
2652 137021 7
2653 108395 17
2654 112915 26
2656 178809 16
2659 105993 6
2660 139146 16
2661 138447 17
2662 173545 16
2664 186111 17
2668 192248 6
2669 171549 6
2670 173438 16
2671 123408 16
2672 148258 5
2673 175186 15
2674 135780 7
2675 139485 16
2678 191261 16
2684 176837 26
2686 179056 6
2688 118031 6
2689 111240 16
2692 144769 17
2693 100327 27
2694 133533 27
2695 117009 16
2697 99280 16
2698 150398 6
2700 99971 16
2701 108772 6
2704 121726 16
2707 119019 26
2708 154694 8
2709 139584 16
2713 189861 25
2714 131889 25
2716 135727 27
2717 126329 17
2718 131589 16
2721 178893 17
2722 177211 17
2724 145028 16
2725 111922 26
2728 121830 6
2730 162457 16
2732 172667 26
2735 128239 16
2736 168413 15
2737 128491 17
2739 143097 16
2740 123357 16
2743 98056 16
2744 167812 27
2748 119356 7
2751 172608 17
2752 133022 26
2753 131741 16
2756 151141 26
2760 117979 17
2762 110556 26
2764 152723 16
2765 157958 17
2768 191030 17
2770 144168 26
2772 147788 1003
2775 127487 26
2780 124073 16
2781 130544 6
2782 112104 17
2783 179089 6
2784 136385 26
2786 120581 6
2789 181581 17
2791 163526 6
2793 172006 17
2794 138417 7
2798 188049 26
2800 187271 26
2801 118999 17
2802 138283 26
2803 142806 6
2805 122793 16
2806 185885 16
2807 99614 26
2808 125130 17
2814 159740 17
2815 109268 27
2816 156187 15
2817 191716 26
2818 113252 7
2819 137054 6
2821 141326 27
2831 99050 26
2833 167868 16
2834 188749 6
2836 158479 27
2840 172591 16
2841 170550 16
2842 160879 16
2843 109766 6
2844 156414 6
2845 187745 26
2848 149369 17
2852 173071 16
2854 107165 17
2856 179837 27
2857 133676 17
2862 187173 17
2864 136849 6
2865 101108 6
2866 162704 7
2867 176642 17
2868 97683 26
2873 192845 17
2877 119435 26
2879 122224 16
2880 163282 6
2884 172654 26
2886 124356 6
2887 181859 16
2888 170485 6
2889 185349 16
2890 193378 26
2891 98335 6
2892 160446 17
2893 134741 26
2894 100677 7
2895 149016 17
2896 183912 16
2897 165195 16
2899 117629 15
2903 140180 16
2904 138180 6
2907 122205 7
2909 131922 17
2910 167386 17
2912 165897 17
2913 147134 26
2914 177938 6
2915 184897 16
2916 185456 16
2919 174328 15
2920 157691 16
2922 100899 16
2923 143289 6
2925 159729 6
2926 138731 26
2927 139288 27
2929 136534 26
2931 153471 26
2932 157862 16
2933 165212 7
2935 128870 16
2938 173005 6
2939 137252 16
2940 104818 17
2943 170349 26
2944 157090 17
2946 133708 16
2948 186130 17
2949 150370 6
2951 161652 16
2952 150350 5
2953 152703 16
2959 163515 6
2960 165565 7
2962 154465 16
2963 184512 16
2965 143157 26
2967 136604 6
2970 189467 15
2972 116767 17
2979 190003 17
2983 154261 16
2985 120864 17
2987 104095 27
2990 170927 7
2994 144366 17
2995 118975 16
2996 112643 16
2997 188676 27
2999 130458 16
3000 167032 16
3002 191460 6
3003 102325 16
3005 174691 17
3008 141073 26
3011 137977 16
3013 147346 26
3014 140089 17
3015 189606 6
3016 183393 27
3017 189253 16
3018 176023 16
3019 140596 25
3020 142476 17
3024 107978 8
3025 171369 16
3029 101595 16
3032 140386 26
3033 150770 16
3034 181629 17
3038 178692 6
3039 163891 6
3040 138469 17
3042 191171 7
3045 148310 16
3048 129608 17
3051 124335 26
3053 124022 27
3054 176730 17
3055 183932 26
3056 113243 6
3059 112341 16
3062 108704 27
3063 173305 17
3064 160891 26
3067 184416 17
3068 189804 16
3070 166435 6
3071 105257 6
3073 179146 6
3075 158687 16
3076 189015 16
3077 179700 26
3078 129201 16
3080 105599 7
3082 176969 6
3083 161491 16
3085 182220 6
3087 109018 26
3088 186567 17
3089 138747 16
3091 155620 6
3093 162793 16
3094 160966 5
3096 138258 17
3097 119867 17
3098 188727 26
3101 120221 6
3105 103433 16
3110 144046 25
3112 164227 26
3115 150177 16
3116 130348 16
3121 181615 16
3126 162324 16
3127 105014 17
3129 144593 16
3137 167625 7
3140 191632 27
3145 125099 17
3146 113353 26
3147 136305 7
3150 121375 16
3153 188930 17
3154 108753 16
3155 171587 27
3158 97189 15
3159 156955 6
3160 161751 26
3166 174729 17
3167 151138 6
3168 100702 6
3170 114915 16
3174 186487 16
3176 152547 26
3177 123488 17
3178 147480 26
3179 110717 16
3181 148773 27
3183 173981 17
3186 123859 16
3187 121968 6
3193 98272 16
3194 166700 7
3196 144871 16
3198 98813 17
3199 190074 16
3200 168797 26
3202 98145 17
3203 155831 26
3204 126256 6
3205 132899 17
3206 148142 27
3209 152070 16
3211 193551 6
3212 129157 6
3213 98269 6
3217 130131 17
3219 154491 17
3221 116503 7
3225 121952 16
3226 139320 16
3228 132796 7
3229 120141 16
3231 178776 16
3232 154270 26
3233 139740 17
3234 126225 16
3235 128720 17
3236 120193 16
3237 118245 17
3238 154350 15
3240 150750 16
3242 107247 17
3247 115538 7
3248 115674 27
3249 143359 16
3250 166185 15
3252 131967 16
3254 151703 17
3256 172962 16
3257 151559 16
3258 113767 16
3267 151249 17
3270 122793 16
3271 145189 16
3275 193886 16
3276 115459 15
3277 111360 16
3279 98950 16
3286 141568 26
3290 130701 26
3294 118406 27
3300 131886 26
3302 182897 16
3304 141518 16
3305 119098 16
3306 100291 15
3308 140657 17
3310 174101 16
3312 143582 16
3315 167348 16
3316 103177 6
3317 125284 16
3318 189550 6
3319 138549 17
3323 140957 16
3324 121373 7
3327 135222 16
3330 129415 16
3332 100418 17
3333 140973 16
3334 169793 6
3335 112614 16
3337 158605 17
3338 99810 27
3339 138471 17
3340 150802 16
3344 112882 16
3347 148748 26
3350 139914 16
3352 172796 27
3353 189473 17
3354 163283 27
3355 184819 6
3357 112314 5
3360 137222 16
3363 174697 26
3364 110077 16
3366 136795 16
3367 184683 16
3368 162864 16
3370 112072 16
3374 114350 16
3376 130433 26
3379 109017 17
3383 100801 16
3389 107333 16
3391 122065 16
3393 108565 16
3397 107283 6
3399 175323 17
3402 146897 27
3403 123856 16
3404 144248 26
3407 156623 18
3408 101179 17
3409 186008 17
3410 183685 17
3411 177686 16
3412 141435 17
3414 190268 26
3415 99324 6
3416 155602 6
3418 138964 6
3420 120126 26
3424 139842 16
3426 154020 26
3427 184218 6
3433 99419 16
3435 163352 27
3436 172353 26
3438 111434 15
3441 148970 6
3442 110247 6
3443 127605 17
3445 165932 6
3446 133164 26
3450 183774 17
3451 132419 16
3453 168209 6
3455 124036 26
3457 120143 17
3458 176735 7
3459 133500 6
3462 159367 15
3463 193022 16
3468 139938 16
3469 169553 16
3471 150388 25
3472 180032 6
3473 161375 16
3476 127581 16
3477 160081 16
3479 99682 26
3482 160077 16
3483 146500 27
3484 97252 6
3487 116934 6
3488 136394 27
3489 160047 16
3491 172272 17
3492 181227 26
3494 111835 17
3495 187780 17
3496 108682 26
3497 164421 6
3499 156250 7
3500 131253 27
3502 142497 26
3504 177743 17
3505 171516 26
3506 162614 6
3510 142226 26
3512 167197 7
3513 109014 27
3519 109264 26
3521 106605 17
3524 173060 16
3525 125369 16
3526 163399 16
3527 124349 27
3528 138391 7
3529 191097 6
3534 141030 16
3535 160422 16
3536 151897 17
3541 182022 16
3545 115248 17
3546 119130 27
3549 168395 27
3550 116797 16
3551 115555 17
3554 130669 16
3556 128236 7
3558 101464 6
3564 188892 26
3566 98237 26
3567 191360 7
3568 108520 6
3571 176195 16
3572 97284 26
3573 183488 6
3578 149182 16
3579 101369 6
3582 142382 16
3585 105539 6
3586 169811 26
3587 122748 26
3589 138643 16
3590 126238 17
3592 149573 17
3593 176176 16
3599 192285 1003
3601 191407 6
3603 125227 16
3610 160694 27
3611 141926 26
3614 144596 27
3615 121854 17
3616 179337 26
3618 166777 27
3619 149378 6
3621 115890 6
3622 187998 26
3623 164035 16
3624 193812 26
3625 161142 16
3627 100977 7
3629 136275 6
3633 160957 26
3634 180172 16
3639 123789 27
3642 192685 27
3645 149377 17
3646 133536 17
3653 153869 16
3654 98793 6
3657 128946 16
3660 104678 16
3663 102497 6
3667 188405 17
3669 161565 27
3670 126981 27
3671 125940 16
3673 146752 6
3675 113764 6
3677 163528 7
3683 137084 6
3684 126182 16
3686 165749 7
3687 98465 6
3689 178566 16
3692 132658 26
3694 150688 6
3695 192499 16
3697 166556 26
3699 138936 16
3700 171661 6
3702 136091 16
3704 157605 26
3705 102201 16
3711 176277 26
3712 142317 7
3714 100260 16
3716 164512 16
3718 189988 17
3720 136897 16
3722 147823 16
3726 127571 6
3731 185878 16
3733 112674 17
3735 111675 27
3738 144105 27
3739 175774 6
3740 172724 16
3741 179299 16
3744 124811 6
3746 149740 16
3747 164515 15
3748 163278 17
3749 98587 16
3750 177823 16
3751 164921 26
3753 116694 16
3756 162460 7
3757 109162 16
3759 134284 16
3761 136464 26
3763 151147 17
3765 166166 16
3766 128244 16
3767 182472 16
3768 154726 17
3769 143752 16
3772 137225 17
3773 173509 27
3775 166178 17
3780 122184 27
3783 140820 27
3784 169620 6
3786 100718 16
3787 134697 16
3790 128309 26
3791 141528 6
3792 119848 17
3795 171889 26
3796 161551 6
3797 133278 6
3798 112624 7
3799 113830 17
3801 177439 27
3802 181582 27
3803 120163 16
3807 111466 7
3812 119524 26
3813 113011 6
3814 147117 16
3817 139783 27
3818 101457 27
3819 149081 16
3821 145842 16
3823 150232 17
3825 188207 16
3827 164239 16
3828 171120 26
3831 99136 26
3832 100154 17
3838 122311 27
3839 120098 26
3840 132088 7
3842 141983 16
3843 148978 16
3845 150469 26
3846 157188 6
3847 102675 16
3849 126128 16
3850 149794 16
3851 186573 27
3853 193541 25
3856 148935 7
3860 114993 16
3862 156116 26
3863 108786 16
3865 163501 15
3866 101794 6
3867 144970 26
3872 164323 17
3873 152027 16
3877 139869 6
3878 158183 17
3879 121618 26
3880 130388 27
3882 148550 27
3885 151640 6
3886 136599 6
3890 111663 26
3891 132590 6
3894 172701 26
3896 105183 27
3898 165233 27
3899 114440 27
3900 174327 26
3905 115575 6
3908 170647 26
3909 175885 6
3910 160603 16
3911 189543 7
3912 154179 16
3913 148654 7
3914 171273 17
3915 120230 6
3916 113150 17
3918 107133 17
3919 163026 27
3922 168126 15
3926 112302 17
3928 168300 16
3929 157658 16
3930 118691 17
3941 101401 7
3948 134717 26
3949 104032 16
3951 171427 16
3953 170165 6
3955 140075 7
3956 153613 16
3960 143340 16
3961 181336 16
3968 105482 17
3969 120686 17
3970 98557 16
3972 148577 15
3978 166015 16
3979 140354 15
3980 138462 6
3981 147874 28
3986 144469 26
3989 185190 17
3991 107474 26
3993 182649 16
3994 143182 6
3995 111678 15
3996 158547 1002
3997 172797 16
3998 182660 7
4000 130849 26
4001 136870 5
4002 118677 16
4004 189586 17
4005 100921 16
4006 99287 16
4007 143781 26
4009 100020 6
4013 128473 17
4014 161719 16
4019 173450 6
4020 100302 16
4022 169631 17
4025 129162 7
4028 149179 16
4029 135896 5
4030 107840 17
4031 175713 6
4032 170907 27
4035 162544 6
4038 174218 7
4039 138376 26
4043 98879 25
4047 169700 16
4048 98920 15
4052 127980 18
4054 165696 17
4057 174486 5
4062 118193 26
4063 114754 26
4066 151603 6
4069 180665 15
4076 159585 16
4077 142053 16
4078 130219 16
4079 136449 18
4080 136396 5
4083 182292 7
4085 110190 18
4086 185113 16
4088 177500 7
4092 172130 26
4094 143751 27
4096 178322 16
4097 117150 16
4098 128789 16
4099 170393 6
4100 178673 17
4102 184082 7
4105 126900 17
4110 135681 27
4112 100857 27
4113 178333 26
4115 174560 17
4116 120219 16
4120 113379 17
4122 141979 26
4123 181919 17
4124 180596 16
4127 159384 6
4130 120556 16
4132 126833 16
4137 99598 6
4141 132675 27
4144 108171 16
4146 134690 7
4147 142266 6
4148 145429 6
4149 117690 16
4150 173959 16
4152 124913 7
4153 174357 27
4154 128394 17
4158 104424 26
4163 116015 27
4165 193897 6
4166 149296 16
4167 126517 16
4168 174554 25
4170 116541 7
4171 135631 6
4174 100382 27
4179 190140 16
4180 190997 6
4182 159430 25
4184 192031 7
4186 154472 6
4187 136249 5
4190 147163 27
4191 173939 27
4193 154995 16
4195 190041 6
4201 162999 16
4204 148623 6
4208 108351 16
4212 97315 6
4214 156207 25
4223 133952 16
4225 189085 6
4226 112734 16
4230 185090 7
4231 136367 6
4234 103407 26
4235 189731 16
4236 110969 7
4237 187581 15
4241 174661 17
4244 188812 16
4246 158265 26
4248 107305 16
4249 120426 26
4253 117892 16
4254 165971 16
4256 109719 17
4257 98457 27
4262 136959 16
4263 192292 17
4267 158553 26
4269 189974 26
4270 188030 16
4272 115737 16
4273 167905 16
4278 126813 6
4279 154349 6
4280 189556 17
4283 155520 17
4285 125429 16
4286 149413 17
4287 119965 6
4289 131006 6
4290 139945 26
4291 158040 16
4295 109278 6
4298 165351 17
4300 155351 15
4301 157981 27
4304 129753 15
4305 124659 16
4306 97431 26
4308 165541 17
4309 177702 7
4311 152938 16
4312 107579 27
4314 146371 26
4315 163482 16
4317 121327 26
4319 103351 16
4320 113667 16
4321 102598 7
4322 111248 16
4323 105791 16
4327 189857 15
4330 142632 15
4331 120431 17
4332 121558 6
4334 140352 6
4336 98190 16
4339 124960 16
4346 111882 6
4348 167973 27
4352 116024 16
4353 147593 16
4355 129548 6
4360 161570 16
4362 109083 16
4363 190549 6
4365 125791 5
4367 111408 26
4368 127787 17
4369 140688 6
4371 132387 17
4372 189882 6
4373 162086 26
4376 123657 17
4377 125759 17
4379 136908 16
4381 146096 26
4382 158169 5
4384 151985 17
4387 144138 16
4388 149078 27
4390 138024 16
4391 141949 26
4392 108780 16
4394 124941 15
4402 134129 16
4404 108518 17
4406 157101 17
4407 147438 26
4410 157182 5
4411 193014 16
4414 98658 5
4415 111963 26
4419 162969 15
4421 123285 26
4424 99188 26
4427 107196 16
4433 167206 27
4436 138809 17
4439 181653 16
4440 125998 15
4446 133527 17
4447 124436 16
4448 161562 5
4449 157972 6
4450 127926 7
4452 167728 26
4455 172815 6
4456 147661 27
4461 110672 6
4462 135364 17
4464 104169 7
4466 119425 7
4467 98711 15
4469 117650 17
4471 175288 18
4477 145622 27
4478 136946 16
4483 108093 6
4486 130728 15
4488 121761 6
4494 137006 16
4495 111985 16
4496 110197 17
4499 98932 6
4500 166823 16
4501 139476 16
4504 128988 27
4506 153815 16
4507 175196 16
4510 126771 6
4518 117394 16
4519 176099 6
4522 193671 18
4523 147884 26
4524 156384 15
4526 172160 7
4527 155505 26
4530 122919 17
4533 126812 6
4534 141934 26
4538 137757 17
4539 189471 6
4541 186708 17
4546 110159 26
4547 176702 25
4548 124845 26
4552 181422 16
4553 118141 16
4554 185651 26
4555 118029 7
4556 145068 6
4557 104084 16
4561 183358 26
4562 111588 26
4564 150646 6
4567 183615 17
4570 177250 26
4571 157867 26
4573 170281 8
4576 169352 27
4577 136141 17
4580 108601 16
4581 184931 6
4583 173387 6
4584 126801 26
4585 156597 17
4586 108292 16
4588 191181 26
4593 99783 15
4595 110267 6
4598 112843 5
4600 150228 26
4602 154649 28
4604 137317 7
4606 110152 26
4611 166416 17
4612 146921 17
4615 152546 7
4616 126580 6
4619 168604 16
4621 132227 26
4622 180579 17
4623 153271 17
4625 112958 6
4628 160581 6
4629 171350 7
4630 175278 26
4631 167974 6
4632 111541 17
4635 153805 26
4637 134085 16
4639 153908 15
4640 98528 17
4641 109258 17
4644 139888 26
4647 115043 17
4650 143928 27
4654 109055 16
4655 110466 16
4656 149465 6
4659 181472 5
4662 163708 26
4664 109815 7
4665 111337 7
4666 168312 7
4669 183321 26
4671 175141 27
4672 164682 16
4673 170444 17
4675 169685 16
4676 142466 5
4677 167742 26
4678 154104 16
4680 122908 16
4682 137334 17
4683 137190 6
4687 123028 16
4688 130532 27
4691 108091 26
4696 127246 5
4698 124256 6
4699 111114 17
4700 189591 17
4701 133548 16
4702 108368 5
4703 186686 26
4705 183280 27
4711 142661 16
4712 148155 26
4715 154529 26
4716 144564 16
4718 165659 26
4720 98324 17
4721 178662 16
4722 116669 28
4723 168218 17
4724 140741 16
4725 151252 16
4731 170568 16
4732 126634 27
4733 189214 15
4735 178611 16
4737 116317 26
4739 149622 17
4742 151642 16
4743 103281 27
4746 116049 17
4747 176237 27
4749 100653 27
4750 151360 16
4751 141052 16
4752 161594 15
4753 190232 6
4754 129603 16
4757 166441 16
4760 114746 17
4762 99846 27
4768 187359 17
4769 134670 6
4772 119111 27
4774 131848 6
4776 146147 6
4777 175866 6
4778 124081 17
4781 98144 6
4783 167901 16
4786 140725 16
4787 102964 15
4788 106825 26
4790 123232 6
4791 169872 16
4794 134195 16
4798 180907 26
4799 119380 26
4800 98783 16
4802 101102 16
4804 140315 16
4807 159334 16
4808 182228 15
4810 105445 7
4811 177659 6
4812 141530 27
4814 114983 16
4818 138994 16
4820 127208 17
4821 126705 26
4824 134795 6
4825 98394 27
4829 181956 17
4830 176916 16
4832 105799 17
4835 180593 16
4838 183878 26
4839 121908 17
4840 131629 6
4841 131895 16
4842 179251 5
4844 130827 17
4862 110532 26
4864 157551 16
4868 177365 25
4870 105561 27
4877 182158 6
4878 131613 15
4880 163222 15
4881 112035 6
4882 103165 26
4884 134274 7
4886 121756 17
4887 163449 16
4888 149130 17
4892 124317 17
4893 162336 16
4894 162507 16
4895 114785 27
4896 167547 16
4899 127722 27
4902 187436 17
4904 183464 17
4905 185749 16
4907 108156 26
4908 97360 6
4911 123106 27
4912 169627 16
4914 152819 7
4916 126664 16
4918 139763 17
4919 138135 26
4925 152462 17
4926 188883 17
4927 174626 7
4929 170042 6
4931 173746 16
4932 181346 16
4933 144496 7
4934 162429 25
4935 97845 16
4936 143766 26
4940 180518 17
4942 122873 15
4944 184201 6
4948 112448 16
4949 106569 17
4950 108877 16
4953 173907 27
4955 167743 16
4958 147050 17
4962 101555 16
4964 176408 6
4966 161412 27
4968 132590 16
4969 109712 17
4971 190058 17
4972 108012 6
4974 164780 6
4975 136096 16
4976 180561 26
4980 120623 17
4981 169428 27
4984 177819 6
4985 151228 16
4987 124707 6
4988 171722 26
4990 161649 15
4992 101229 16
4993 140365 26
4994 169285 16
4995 144811 7
5003 105374 7
5004 165690 7
5006 99736 6
5007 111722 26
5008 179728 16
5010 127062 7
5011 186532 16
5012 186860 7
5014 161515 6
5015 100007 16
5017 175807 26
5018 105260 2003
5019 140053 17
5023 119063 16
5027 112510 15
5033 170290 16
5034 100336 26
5039 190291 26
5042 135081 7
5043 169754 16
5044 122807 26
5046 118943 17
5048 164188 26
5049 131676 16
5052 149206 16
5054 152986 26
5056 123837 17
5057 99064 25
5060 122960 17
5061 163743 16
5062 107824 27
5065 147601 17
5068 103714 28
5070 193211 26
5071 153401 26
5076 175684 27
5078 189120 16
5079 160911 7
5080 161572 16
5082 133114 16
5084 130205 27
5085 187293 16
5086 97519 26
5089 137575 6
5092 100889 27
5095 156713 27
5096 137367 16
5097 140680 26
5099 106574 6
5101 112227 6
5103 162703 6
5104 165990 26
5105 170446 16
5109 162997 6
5112 143493 25
5113 161791 17
5118 102655 7
5119 141990 17
5121 135442 7
5123 120716 26
5127 147410 26
5128 190479 16
5129 140757 26
5134 112212 7
5136 115264 16
5138 102220 27
5140 131955 28
5141 187214 7
5142 160481 16
5146 178034 7
5148 107591 16
5150 132134 26
5151 98158 6
5154 127747 17
5155 152462 16
5156 137217 16
5158 184781 16
5160 186026 26
5162 97328 16
5164 172784 27
5165 148200 6
5175 107027 17
5178 178492 6
5179 115528 7
5180 150934 16
5181 147677 16
5186 134174 17
5191 177265 16
5193 182724 16
5194 153792 27
5195 169081 16
5201 109258 6
5202 133301 16
5207 171469 7
5209 188518 6
5211 163689 26
5212 132535 16
5215 108424 16
5216 131450 6
5218 172416 17
5219 141299 6
5220 153550 17
5221 183037 17
5225 185966 7
5226 147441 26
5227 170492 6
5228 133567 16
5230 100861 6
5232 122178 16
5233 125737 26
5234 178356 16
5235 111817 16
5237 98421 15
5240 168723 27
5241 132220 16
5242 187705 27
5244 102871 16
5246 158957 27
5247 187064 6
5251 134421 27
5252 105183 26
5253 131211 16
5254 104385 16
5259 109075 17
5260 179163 26
5261 127688 26
5262 167479 27
5265 157630 17
5266 119266 6
5272 192925 17
5274 109032 16
5277 99413 25
5281 132847 7
5283 109032 17
5284 169849 6
5285 97071 17
5288 192676 15
5289 156968 16
5290 186177 5
5292 159127 6
5293 102025 6
5294 113283 26
5300 122100 6
5306 121891 16
5308 185525 6
5311 175290 17
5313 112860 6
5316 191450 16
5319 151795 5
5320 186390 6
5321 134463 16
5323 184566 16
5324 153339 6
5326 104815 27
5328 115251 26
5329 134060 17
5331 136404 26
5332 162976 16
5333 151328 15
5335 144458 7
5337 149891 16
5338 158527 16
5339 176975 27
5340 152515 26
5342 182376 26
5344 158803 6
5345 109953 17
5346 99224 17
5348 193504 16
5351 159844 16
5353 157117 5
5355 193927 17
5356 181408 15
5358 152092 26
5359 107207 17
5363 110098 17
5364 174373 16
5365 123695 26
5366 146452 26
5368 183346 17
5369 116141 16
5372 126097 16
5373 105623 6
5374 164266 16
5388 183456 16
5390 182146 6
5392 162733 26
5394 169023 16
5395 164913 7
5396 125463 17
5397 187603 16
5399 166460 28
5401 118523 16
5402 127089 26
5403 186486 2003
5408 112053 26
5409 124311 16
5412 108454 6
5414 161173 7
5417 110082 15
5418 119101 16
5419 172888 15
5422 176321 6
5424 183580 6
5426 129521 6
5428 149751 15
5431 127012 16
5432 184327 7
5434 188849 6
5436 122882 17
5437 183191 27
5439 134242 16
5440 190275 26
5441 175749 27
5442 100261 15
5443 138415 26
5444 146262 8
5445 166271 6
5446 101539 16
5449 136901 7
5451 136326 17
5452 158506 27
5455 147043 16
5456 169645 6
5457 188117 26
5458 156386 6
5459 148825 17
5463 141894 5
5464 192155 6
5465 193433 16
5466 158964 26
5468 154943 15
5469 185246 17
5471 136909 17
5473 98911 5
5475 179664 17
5477 170547 17
5478 165581 16
5480 97032 16
5484 179242 26
5487 101437 16
5490 112526 6
5492 107434 6
5493 138474 16
5495 192001 16
5496 158128 26
5497 163761 16
5498 119265 7
5499 156978 6
5500 126638 28
5503 127232 26
5504 153777 27
5507 131610 16
5508 103159 17
5519 100467 6
5524 110910 6
5525 173560 16
5527 173528 16
5529 129269 26
5534 166738 17
5536 167112 7
5539 98105 16
5540 165918 6
5541 115498 25
5543 180411 6
5544 192071 17
5551 146848 16
5554 123311 17
5555 100085 16
5557 150637 17
5559 186934 7
5560 101669 27
5561 181605 6
5565 147069 26
5566 132920 27
5567 115236 18
5569 104412 16
5570 168665 16
5571 189498 16
5573 177835 7
5574 104939 27
5575 105454 17
5581 97402 6
5582 174126 16
5583 126211 26
5584 104341 26
5585 145363 27
5587 112129 16
5588 153206 6
5589 162970 26
5590 187989 27
5591 152258 17
5593 184367 7
5594 127347 16
5597 106916 16
5598 172333 16
5599 151605 16
5601 100702 15
5604 134393 27
5605 131196 17
5609 124108 7
5610 119594 16
5613 156138 26
5615 97330 16
5616 153300 17
5620 176403 6
5621 110586 6
5622 121146 27
5626 161101 26
5627 143662 16
5629 168246 6
5630 136459 16
5636 120454 16
5637 121820 7
5638 183676 26
5639 184872 26
5640 168310 26
5641 192773 16
5644 139494 6
5645 127916 17
5646 145532 6
5647 125265 27
5648 175391 17
5649 97756 6
5651 185320 27
5653 105855 16
5654 99321 6
5661 117939 17
5662 180108 6
5663 131615 16
5665 191833 27
5666 186218 6
5667 103484 16
5669 182677 27
5670 114099 16
5671 173365 16
5677 151856 26
5683 102639 17
5684 160520 26
5685 180709 17
5686 98853 5
5687 111358 6
5689 187922 16
5690 173503 16
5691 115581 27
5692 102032 17
5693 151546 17
5696 116832 26
5697 127907 25
5699 106774 17
5703 162085 16
5704 112902 17
5705 131565 15
5706 141698 8
5708 184334 17
5709 126995 27
5714 172655 6
5717 118703 15
5719 154925 27
5725 186503 6
5726 103411 26
5727 144159 17
5734 100681 6
5737 164483 17
5738 130603 6
5740 101456 15
5741 164503 16
5742 122631 26
5747 180942 16
5748 154535 27
5749 160368 26
5751 193850 16
5754 97260 16
5759 106127 17
5768 121928 26
5772 153294 17
5776 109709 16
5777 153815 26
5779 149604 16
5783 151543 15
5786 182914 17
5788 132721 7
5791 173357 16
5795 127864 16
5796 99463 16
5798 150221 17
5800 173998 6
5801 139172 6
5805 117762 17
5807 182293 25
5808 114490 17
5809 144363 17
5814 158243 16
5815 111150 7
5817 119534 16
5818 169050 26
5820 189002 17
5821 153429 17
5822 158070 26
5824 177089 6
5829 166647 17
5833 110736 26
5835 113235 6
5838 140911 7
5841 167842 27
5842 158947 26
5844 166757 6
5849 167839 27
5850 112030 7
5851 102878 6
5853 114136 16
5857 99635 17
5859 138971 26
5860 180900 16
5861 149271 26
5862 152467 26
5864 154268 6
5866 127799 17
5871 167853 17
5874 175213 7
5875 180950 16
5880 118284 16
5883 163137 16
5885 165833 17
5886 170661 27
5887 149273 17
5889 192998 15
5890 176578 16
5891 108450 17
5892 178736 16
5893 116868 16
5895 100095 16
5897 170113 16
5899 169557 16
5902 122854 6
5906 124862 16
5907 111268 16
5908 144838 7
5909 127784 26
5910 146714 15
5911 155867 26
5912 163007 15
5913 125346 17
5915 175610 6
5918 192432 17
5919 120906 16
5920 100063 6
5921 164068 16
5922 131342 27
5927 155303 26
5928 161260 16
5930 183089 6
5931 126782 16
5935 133701 27
5936 185902 17
5937 183423 16
5939 127865 5
5940 131753 15
5942 120858 26
5943 138468 17
5944 99581 27
5945 155633 17
5946 140877 26
5948 119246 26
5949 98144 6
5950 176529 26
5951 144110 17
5952 113873 6
5953 139957 16
5954 153228 5
5955 144822 16
5956 187965 17
5959 144398 16
5961 159040 16
5963 133042 6
5964 106150 6
5965 166352 15
5968 133875 6
5971 190648 27
5972 136433 26
5973 130174 26
5977 134472 27
5979 189651 26
5980 192298 6
5982 155827 26
5984 149158 5
5987 176145 7
5988 118494 17
5989 166395 6
5990 185447 16
5992 142059 16
5993 163800 16
5995 140847 26
5999 164333 17
6000 106896 16
6001 179391 16
6004 108795 26
6005 107201 15
6010 163914 17
6012 127626 26
6015 129828 6
6016 150772 26
6018 118856 17
6019 125514 16
6021 101427 27
6022 126036 17
6025 159092 16
6032 120674 6
6038 166402 16
6040 156132 26
6043 140093 16
6045 177384 6
6048 150910 16
6049 141187 17
6050 115374 17
6051 135199 16
6054 125390 27
6056 158732 26
6057 131029 5
6058 150178 26
6059 151490 16
6062 117907 27
6063 150970 16
6064 122320 16
6067 109394 26
6068 147290 16
6071 107288 27
6076 113024 16
6079 189398 16
6081 171001 26
6085 141112 26
6086 107998 16
6089 182270 16
6090 99555 16
6092 106560 27
6093 117167 7
6097 180285 25
6098 118355 26
6101 171614 16
6102 114774 16
6105 142749 27
6106 160109 26
6108 136131 16
6109 169474 7
6110 98750 7
6112 174921 26
6114 193854 15
6115 120476 26
6116 138071 26
6117 126852 15
6119 108269 16
6121 151533 17
6122 140769 27
6123 152119 6
6126 170847 26
6127 102103 1002
6130 108213 26
6132 186324 16
6133 178987 16
6134 101639 17
6135 169098 17
6136 139682 16
6139 109425 16
6140 100206 6
6142 167630 7
6145 165660 27
6146 187826 17
6149 150677 6
6152 142082 6
6154 188687 17
6157 158337 27
6158 163279 15
6160 119833 16
6161 158547 16
6163 117132 17
6165 135947 16
6167 176175 17
6172 167322 26
6173 179484 16
6177 193361 15
6178 183397 16
6179 100940 26
6180 170284 16
6183 156812 6
6185 162254 15
6188 158569 25
6190 170278 17
6192 121569 5
6193 108904 27
6196 104522 16
6198 136936 15
6201 111554 6
6202 181138 6
6203 133169 26
6207 154687 7
6208 165063 17
6209 97994 6
6210 101479 16
6211 117306 17
6212 125169 6
6219 135534 6
6220 109093 16
6222 110876 16
6225 130995 26
6228 117388 16
6229 124929 7
6230 163513 6
6231 143483 17
6235 133528 5
6236 148987 6
6237 127124 27
6238 125650 17
6240 136348 17
6242 152818 16
6244 125849 17
6245 119167 16
6246 105700 27
6248 111867 17
6249 144871 17
6253 168384 7
6256 99191 26
6257 176339 17
6258 173458 17
6260 184619 27
6262 184580 7
6263 178688 17
6264 140563 17
6265 108941 25
6267 168534 27
6269 131204 16
6270 153955 26
6276 139022 17
6277 187664 6
6278 191845 6
6279 121843 15
6281 150650 17
6287 112144 16
6289 123788 26
6290 188019 26
6291 149059 17
6292 165395 16
6294 102125 16
6296 114896 16
6297 191427 17
6298 137642 6
6301 140757 16
6306 133895 17
6309 126707 17
6310 165481 7
6312 157830 27
6313 177400 16
6314 107201 7
6317 147932 16
6324 190159 6
6325 177260 7
6326 145131 16
6327 175827 27
6328 138967 6
6329 108513 26
6333 135621 17
6337 192810 26
6340 181413 16
6341 138652 16
6342 109882 16
6343 180558 16
6348 126440 27
6353 174785 27
6358 137713 16
6359 181098 16
6360 187119 16
6363 116133 7
6364 173044 6
6366 175066 26
6368 139867 17
6369 175877 27
6371 180248 26
6372 163666 17
6374 104795 5
6375 191032 16
6377 175631 17
6380 137466 17
6384 115851 6
6385 113077 15
6387 184507 17
6388 185255 16
6390 143007 16
6392 156972 17
6393 155199 6
6394 183011 27
6395 101374 17
6396 128560 6
6397 133305 27
6400 101558 6
6401 102129 26
6405 134145 17
6407 145563 17
6409 163702 28
6411 167754 26
6413 108429 17
6414 113520 16
6416 155326 15
6417 150049 17
6419 171022 27
6420 164209 6
6421 183761 16
6423 188112 6
6424 180747 17
6426 173517 6
6427 114111 16
6428 115101 27
6432 176553 25
6439 104028 15
6441 106476 27
6442 193811 6
6445 131920 16
6446 113354 26
6447 174782 26
6449 159281 26
6450 100045 17
6453 160692 16
6456 122707 16
6457 135737 16
6462 101276 16
6464 102141 16
6465 140675 26
6471 158150 6
6472 157859 6
6473 185744 17
6474 111316 16
6477 189417 17
6479 152588 16
6480 97945 16
6482 135175 6
6483 187294 17
6485 171521 27
6491 102048 6
6492 143521 26
6494 114750 26
6497 102662 16
6498 154448 6
6500 193800 26
6503 132047 6
6504 145607 16
6505 188327 27
6506 191369 27
6507 112925 5
6508 158722 17
6511 102437 16
6515 164256 26
6516 98397 26
6517 109736 17
6518 172811 17
6519 111673 16
6522 120334 17
6527 103824 15
6528 134302 7
6529 177687 27
6531 176268 6
6532 99071 16
6534 97756 5
6535 153147 26
6536 111147 17
6538 152991 28
6539 191188 16
6540 143449 26
6541 127045 16
6542 168109 17
6543 121835 5
6545 183837 7
6546 131248 16
6548 124908 6
6551 163659 16
6553 138066 26
6556 178064 17
6558 186762 16
6559 120238 6
6560 145831 18
6562 187832 5
6565 146021 16
6568 155214 17
6569 146085 17
6570 190873 16
6575 189962 6
6577 192588 5
6578 129161 26
6580 163984 17
6582 163192 7
6584 160646 17
6585 129159 16
6586 112330 16
6589 152324 27
6590 145516 16
6591 160218 16
6593 136219 27
6599 154969 7
6600 169853 25
6606 191412 27
6607 117946 17
6612 110215 5
6613 157937 6
6615 100942 17
6618 99753 27
6620 170935 17
6622 112487 16
6623 182394 17
6624 146744 16
6626 105048 27
6627 144553 15
6629 136594 16
6632 121643 27
6636 182418 16
6641 186771 16
6642 116231 16
6646 175195 17
6650 107474 16
6651 97132 26
6653 139814 16
6655 125763 25
6656 150803 16
6657 167044 6
6659 126580 7
6661 109419 6
6663 135719 16
6668 180098 16
6669 153501 15
6670 106613 7
6672 181324 26
6673 103040 6
6674 124640 16
6675 154050 17
6676 101596 16
6678 145335 17
6679 141730 27
6680 110838 7
6682 128618 18
6686 137059 26
6687 171837 6
6689 136676 16
6692 192552 7
6695 146898 16
6696 170095 17
6698 161060 26
6700 168597 17
6706 180262 17
6707 193275 16
6709 161400 17
6711 170161 17
6712 131918 16
6713 138201 17
6714 102435 16
6715 184928 16
6716 106197 27
6717 141144 17
6718 123847 6
6720 107461 16
6721 139116 16
6725 179832 7
6729 120815 26
6730 147920 26
6732 154377 6
6734 157579 26
6735 100912 16
6736 112218 6
6738 149935 16
6740 119520 6
6742 123407 16
6746 121147 6
6747 148026 16
6749 150385 16
6753 136176 27
6755 123463 6
6756 109566 26
6759 114061 15
6763 132180 27
6768 176758 6
6769 191538 26
6772 147504 6
6773 164812 27
6774 150081 16
6775 177320 26
6779 166853 6
6784 100996 26
6785 141172 16
6787 113134 26
6788 170276 17
6789 169293 16
6790 126912 6
6791 172471 16
6793 110898 27
6794 169197 26
6796 125880 6
6797 135319 7
6799 115916 6
6800 148310 16
6801 172569 27
6803 161604 16
6806 174548 16
6808 120554 7
6809 100327 16
6810 133371 5
6811 161610 16
6812 187667 16
6815 177082 16
6819 189413 17
6820 105472 27
6823 103949 16
6825 145219 17
6826 133544 27
6827 193380 26
6833 178958 16
6836 127275 26
6837 187062 6
6841 122692 16
6843 164459 17
6846 161981 6
6848 188104 16
6849 112932 7
6852 106882 17
6854 149046 16
6855 172165 26
6856 173238 7
6862 174657 26
6863 152944 27
6864 133954 26
6868 191520 26
6870 110310 16
6873 115559 18
6876 106496 7
6877 109568 16
6879 130136 16
6880 184358 26
6882 165514 6
6884 111114 16
6886 173211 16
6888 182306 17
6893 179083 17
6895 128231 16
6896 172271 16
6901 172615 26
6903 108614 26
6908 148233 17
6910 138284 17
6911 168825 26
6913 124120 26
6916 125688 6
6919 170201 6
6920 131578 16
6922 151694 26
6923 151882 27
6924 119608 5
6926 161621 16
6927 129191 6
6929 147085 6
6930 160437 15
6933 161149 16
6934 154509 16
6937 146144 26
6938 171879 16
6941 97558 26
6942 100551 27
6943 178116 17
6947 163354 17
6948 124439 6
6950 103571 16
6953 113271 16
6956 177873 16
6959 99650 6
6963 104485 6
6964 140428 26
6970 149616 7
6974 125554 15
6975 165035 17
6977 147520 16
6978 182284 6
6981 170404 16
6982 186324 17
6983 142744 16
6985 161730 6
6991 152871 16
6992 175304 26
6993 145603 17
6996 103663 16
6997 185474 6
6998 124744 6
7002 160899 16
7004 159685 26
7006 172136 15
7009 121077 6
7011 186528 6
7012 175955 26
7016 132218 15
7018 161425 7
7020 126201 17
7021 160286 6
7022 178714 17
7028 189103 16
7031 187135 15
7032 159270 6
7033 126991 7
7034 166675 26
7035 155137 26
7037 122586 6
7038 166921 26
7039 152283 16
7040 161599 5
7041 99999 16
7048 177746 7
7049 107403 26
7050 180799 16
7051 142312 27
7053 142777 16
7055 145725 16
7057 107458 16
7058 119376 15
7062 115699 6
7063 164176 7
7066 111854 6
7068 172129 26
7072 153962 26
7074 120734 16
7076 130132 16
7077 147112 6
7079 170063 16
7080 151311 26
7082 141728 7
7084 174542 16
7085 118728 15
7086 103240 26
7092 128790 17
7093 104392 27
7095 122432 16
7098 191398 27
7100 107299 6
7101 184020 16
7106 123241 16
7112 114995 15
7114 153741 7
7116 181039 15
7117 97975 5
7120 112350 6
7121 110735 17
7123 163268 26
7129 133240 16
7131 138211 16
7132 153859 8
7135 140566 6
7136 165975 16
7139 163437 26
7142 184635 16
7145 171430 26
7146 102010 6
7148 113827 17
7153 118860 6
7155 188591 16
7157 113579 16
7158 137771 27
7159 129800 6
7161 130432 27
7163 150208 16
7165 168326 26
7167 142278 16
7170 137939 16
7171 130828 7
7172 128406 27
7174 179013 16
7176 108336 17
7178 180596 17
7179 109362 26
7180 189026 17
7184 98348 16
7185 118077 6
7186 158738 26
7188 191182 16
7189 145662 26
7190 156253 7
7192 120062 26
7197 190300 7
7198 171711 16
7199 128379 16
7200 120188 27
7202 129337 16
7203 164908 26
7204 161198 16
7205 149608 26
7208 180962 16
7209 166034 16
7211 103184 18
7213 159228 17
7214 193121 6
7218 147497 27
7223 113135 16
7227 124335 25
7230 144460 26
7232 181975 7
7233 116659 16
7234 168520 17
7236 186024 16
7237 171915 6
7239 156626 26
7240 121228 16
7241 134281 16
7242 110787 16
7245 109287 26
7246 178415 7
7249 139548 16
7250 186568 6
7253 100578 26
7254 150247 26
7255 158180 7
7256 102547 5
7257 156004 16
7259 173548 17
7261 97886 15
7262 100680 17
7263 115849 15
7266 156449 16
7267 111278 27
7271 178977 18
7273 163494 17
7274 146650 6
7275 115993 17
7276 171307 26
7277 151099 17
7280 181850 7
7281 177624 6
7282 119560 7
7284 141132 7
7287 139440 16
7289 135138 6
7290 123622 15
7291 159659 17
7292 142658 27
7297 108834 26
7300 136272 16
7303 149940 26
7304 182261 27
7305 174969 27
7310 139606 17
7313 157556 26
7316 169569 17
7317 142829 16
7320 148294 27
7323 127554 17
7324 123208 15
7326 173203 16
7329 178383 7
7333 193467 16
7334 149556 26
7336 179665 15
7339 107361 26
7340 159092 6
7342 139031 18
7343 103340 6
7344 123047 26
7349 172405 5
7351 181150 6
7352 112565 6
7355 190479 16
7356 136187 26
7357 157324 6
7358 181678 25
7359 193209 16
7362 152929 17
7367 116794 7
7369 125834 7
7370 121596 17
7373 150232 17
7374 107144 27
7379 131142 16
7383 111470 26
7384 112765 7
7385 100933 26
7387 164178 27
7390 105291 6
7394 97595 5
7395 101968 16
7397 124798 6
7400 162001 26
7402 151742 26
7403 180133 27
7404 101882 17
7408 111840 16
7410 176188 16
7411 150550 26
7412 160470 6
7413 174835 6
7418 161022 16
7420 105706 6
7424 129199 7
7425 158968 6
7426 99598 26
7428 186644 16
7431 185344 26
7434 168839 27
7439 159180 26
7440 154437 6
7441 145167 27
7443 193096 27
7444 138430 27
7446 172844 7
7447 111780 6
7450 106066 17
7453 180304 16
7454 156130 16
7457 131844 26
7458 118302 26
7460 148770 26
7463 135594 26
7465 118687 6
7466 131514 15
7467 139808 27
7468 182563 17
7470 114161 16
7476 130384 5
7477 193853 16
7478 149861 27
7480 117357 6
7481 113610 6
7483 134347 16
7484 189191 7
7485 148674 16
7487 147834 17
7488 189541 6
7489 170003 26
7490 109986 7
7491 152790 7
7494 126736 17
7495 159802 26
7497 193293 27
7499 137091 26
7501 192309 27
7502 111955 16
7503 180839 6
7505 107700 6
7507 139032 16
7508 134222 7
7510 129024 16
7511 111318 6
7512 104665 17
7514 155243 7
7516 157613 16
7518 186220 17
7520 167944 16
7521 140977 26
7523 193224 6
7526 172791 6
7528 166021 16
7532 126241 7
7535 154214 15
7538 183889 27
7540 159009 17
7542 182012 17
7545 123579 16
7547 178426 6
7549 138176 6
7551 107153 17
7552 184401 7
7553 165110 6
7555 145469 7
7556 176457 7
7559 171993 16
7561 161765 6
7562 151292 27
7564 130823 16
7566 111825 17
7567 133018 15
7568 181564 6
7573 109512 6
7574 117735 7
7576 165311 6
7580 123865 16
7583 167459 16
7584 156792 16
7585 166321 16
7586 115730 17
7588 166664 6
7590 156835 26
7591 163308 6
7594 110936 17
7596 163274 6
7598 142177 16
7599 108318 27
7600 161417 17
7604 130791 6
7605 184023 16
7606 176380 16
7607 185189 6
7610 191326 26
7611 136911 6
7613 155467 16
7614 164686 17
7615 127966 26
7620 139841 26
7621 138628 26
7622 141992 15
7625 184259 17
7626 184632 6
7628 130183 27
7633 101554 6
7635 105010 26
7638 148275 16
7639 189312 16
7640 124202 26
7641 154446 15
7647 150514 7
7651 127216 26
7653 109462 28
7654 142211 16
7655 124135 16
7657 164480 6
7658 154366 27
7661 107883 16
7662 110204 26
7663 100557 27
7665 154212 26
7666 192981 17
7667 141901 6
7668 140721 26
7669 136331 17
7670 137813 26
7672 176683 16
7673 122082 7
7674 130559 26
7679 126506 27
7681 159994 16
7682 126224 6
7683 176428 16
7686 133087 7
7689 189762 26
7690 130593 16
7691 133469 6
7694 152497 26
7697 147905 17
7698 127222 7
7699 191256 6
7702 98820 26
7707 100951 16
7710 135799 7
7712 170586 16
7720 150944 26
7721 106275 16
7722 182859 16
7726 100183 17
7729 126946 5
7730 118645 16
7735 174302 16
7736 97334 16
7739 153232 16
7740 104617 26
7741 157936 27
7747 151817 17
7748 190442 7
7749 133270 17
7752 158663 5
7754 130261 26
7757 179371 27
7758 168237 17
7760 106409 17
7762 159098 26
7763 179790 6
7765 98670 16
7770 155427 17
7771 190836 17
7773 139694 26
7776 142651 16
7777 188067 6
7779 104574 16
7780 122096 16
7781 134819 26
7782 157721 26
7784 143464 16
7787 153877 15
7788 191579 6
7789 179805 6
7791 148331 17
7792 138188 16
7796 150347 17
7797 122330 26
7801 192121 6
7802 134509 16
7804 106557 16
7805 126913 16
7809 191029 6
7811 117196 17
7813 151619 16
7814 141670 16
7815 116419 16
7816 112492 27
7822 100565 17
7824 100084 7
7830 132288 27
7831 141922 17
7833 101816 26
7834 138425 16
7836 155001 16
7838 100825 16
7839 149713 6
7840 133118 16
7842 142078 27
7844 105787 26
7845 107029 6
7847 147282 7
7849 106555 27
7851 151503 17
7852 145237 16
7855 148077 17
7858 154795 6
7859 184321 7
7860 141013 17
7861 157706 7
7862 172153 27
7864 126343 26
7865 179156 26
7867 163709 16
7869 145751 15
7870 105919 16
7871 132785 26
7872 184567 16
7873 142270 26
7885 135880 6
7886 128418 17
7887 159266 16
7888 170502 16
7889 153083 16
7890 167653 16
7891 191534 26
7893 158372 6
7894 130880 16
7895 99625 6
7898 129202 15
7902 140205 7
7906 138183 7
7910 116613 17
7911 101601 6
7913 99867 7
7914 145745 27
7915 154821 27
7916 104458 7
7920 173597 17
7921 159992 26
7922 159751 8
7924 141196 7
7925 122160 27
7929 170689 26
7933 145886 26
7934 183584 16
7935 139638 16
7936 167808 16
7941 135082 26
7944 149717 17
7945 180561 16
7947 154299 26
7948 173329 16
7951 174952 16
7953 101931 16
7955 157346 27
7956 124003 27
7958 116610 26
7960 114030 16
7963 99585 16
7964 119568 6
7969 184249 17
7970 152013 27
7971 156972 28
7973 155377 7
7975 132918 27
7976 113683 17
7980 171758 6
7982 163634 26
7984 111541 6
7989 184327 26
7991 159259 6
7993 145091 15
7994 118623 17
7996 152120 17
7998 162009 16
7999 121427 17
8005 130011 17
8006 163748 16
8007 193620 6
8010 188166 16
8011 155352 27
8012 176577 7
8013 153909 27
8016 105699 27
8020 134906 17
8021 130476 26
8023 189362 6
8027 134427 16
8030 187965 6
8031 169283 25
8033 137550 26
8035 152227 17
8036 158796 16
8044 173075 16
8052 103997 17
8053 163703 6
8056 134787 7
8057 134164 16
8058 157750 27
8059 189047 25
8061 153832 16
8062 173655 26
8063 175980 17
8064 122902 6
8066 112045 6
8067 173266 27
8068 115618 27
8070 179630 26
8071 105042 16
8073 174647 8
8074 147927 27
8077 133779 26
8078 127565 18
8079 160028 15
8081 157209 16
8087 159669 16
8095 141380 5
8098 147991 17
8102 140850 27
8103 161670 16
8104 185584 27
8108 114691 6
8109 102494 17
8110 139602 26
8112 175384 16
8115 176662 6
8116 117834 16
8117 178388 15
8118 133770 7
8119 108799 26
8120 161774 16
8122 139454 7
8123 167988 17
8124 137418 26
8126 191500 6
8128 167202 26
8130 116467 16
8134 107702 16
8135 106663 16
8136 181463 16
8138 156089 15
8139 173304 17
8143 122573 26
8146 105154 18
8148 111948 15
8149 184031 26
8151 140787 16
8153 166310 17
8155 127799 27
8156 129661 16
8157 176506 7
8158 136509 16
8159 188563 16
8161 101142 16
8163 190074 16
8165 150161 26
8166 142882 16
8167 159992 26
8168 104242 26
8169 100079 27
8171 176213 1002
8172 126632 16
8174 116896 26
8176 99987 6
8177 185238 26
8179 140085 16
8180 166323 25
8185 117411 16
8187 136993 16
8188 143633 27
8190 120629 26
8191 110291 27
8194 98410 6
8197 156561 16
8198 107457 16
8199 173970 17
8201 136117 7
8202 141393 26
8204 101447 6
8208 97584 15
8209 142398 27
8210 159291 26
8211 143104 27
8212 138151 25
8218 97868 6
8219 143841 16
8220 188075 26
8226 116908 16
8227 172925 15
8228 130525 26
8229 139830 17
8231 190559 26
8232 114030 7
8234 139897 17
8235 128566 16
8236 138933 16
8237 134643 6
8244 104825 16
8248 167185 6
8249 146873 7
8252 99984 25
8253 160062 17
8255 115659 17
8260 99750 6
8263 147081 16
8265 142072 16
8266 134350 16
8268 180549 17
8272 177913 7
8273 103570 7
8278 132937 15
8279 175360 7
8280 112345 6
8285 158051 7
8286 117364 6
8287 156826 25
8288 147794 16
8289 165178 6
8292 109836 6
8293 173417 16
8294 175419 16
8295 122943 16
8296 124535 5
8297 114748 17
8298 114451 7
8300 141185 6
8302 123989 27
8306 119840 26
8310 186323 16
8312 173194 16
8314 138447 6
8315 140327 26
8317 160107 17
8318 145655 5
8319 107252 16
8321 136454 26
8322 155851 16
8324 179525 16
8325 150626 26
8326 97156 16
8333 124294 27
8336 181938 26
8337 121340 26
8340 151659 16
8341 147767 16
8344 187616 6
8345 98939 16
8346 97234 6
8347 99923 16
8355 170493 15
8357 148788 16
8361 182155 6
8362 130857 16
8364 156870 6
8365 123379 16
8368 129228 17
8369 128450 26
8370 187591 17
8371 109358 17
8374 123449 15
8375 118906 17
8378 156515 16
8380 98392 6
8381 103986 6
8383 138909 7
8385 185556 17
8387 162167 26
8388 101854 16
8391 161519 16
8393 170374 27
8394 177993 16
8396 190905 17
8397 151488 16
8401 103082 5
8403 111725 16
8406 111875 6
8407 165375 26
8408 124153 17
8409 177396 1003
8410 106616 6
8411 115638 27
8418 165837 7
8419 190067 16
8424 190624 6
8425 169366 6
8426 139435 7
8430 175998 15
8431 186451 5
8432 134844 27
8433 121040 25
8435 192156 7
8440 193227 26
8441 125183 6
8442 175323 16
8444 167281 27
8447 126505 16
8449 182022 26
8451 149004 26
8454 103870 7
8457 131512 6
8465 139314 5
8466 104982 17
8467 177169 16
8468 157196 16
8476 118799 16
8479 115367 26
8484 106415 15
8485 168830 16
8487 134193 7
8488 155130 27
8489 191753 16
8493 115614 26
8496 98357 25
8497 134662 16
8498 138463 6
8500 190240 16
8502 115403 17
8503 180512 15
8504 191963 26
8506 153078 27
8507 184118 6
8512 117421 17
8514 120234 6
8517 164687 17
8519 188251 17
8520 125919 16
8522 119075 15
8523 112428 16
8526 174831 6
8527 185397 6
8528 105335 17
8529 110392 7
8535 118782 16
8537 107895 8
8538 119861 6
8539 135059 26
8542 148910 18
8545 184229 27
8547 145051 6
8553 163933 5
8555 159310 16
8557 125043 27
8558 160665 17
8562 154093 26
8563 181315 16
8565 115028 25
8566 143349 6
8569 108743 17
8570 188823 17
8574 100764 27
8575 140272 16
8577 113750 16
8580 117616 16
8582 179391 16
8585 163644 6
8586 166969 26
8588 184333 6
8589 112704 16
8590 123447 26
8592 102071 16
8593 147992 15
8595 152055 25
8598 108593 6
8599 180505 17
8600 189268 26
8601 132783 26
8602 166974 7
8604 132862 16
8605 117928 16
8606 139314 16
8607 125680 16
8609 131344 17
8614 177505 16
8615 125707 17
8618 106235 6
8619 120810 5
8621 155266 16
8624 165865 17
8625 183040 16
8627 109365 17
8628 141321 16
8629 139277 7
8631 129764 7
8633 164595 6
8634 162201 17
8637 159340 16
8639 128526 16
8640 174124 17
8645 135124 16
8647 170635 7
8649 136772 7
8652 178756 16
8654 168725 6
8656 162432 16
8659 108534 16
8662 179034 16
8663 160261 6
8664 187848 7
8667 134957 7
8669 156812 7
8671 131485 16
8673 127030 17
8674 161935 16
8675 126145 16
8678 188548 16
8680 133704 16
8682 184174 26
8688 114542 16
8690 174986 6
8692 170929 16
8693 182966 7
8694 120217 6
8695 132863 27
8697 144918 6
8698 111224 6
8700 181742 16
8702 100733 16
8705 110191 16
8706 117899 17
8708 185696 27
8709 125558 17
8712 134612 7
8713 175794 17
8714 156104 17
8715 179779 16
8718 121360 27
8719 117343 16
8720 165002 17
8722 154642 7
8724 99552 26
8726 111250 17
8729 147114 16
8730 106568 27
8732 118836 15
8734 137324 27
8739 182872 16
8743 140313 17
8744 187338 16
8748 156835 27
8750 161967 27
8751 167989 16
8752 113274 16
8754 173296 6
8755 180663 16
8756 121914 16
8757 188202 26
8758 148929 6
8760 135904 6
8761 102984 6
8762 167907 26
8763 131912 17
8766 147882 15
8767 100581 16
8771 155960 26
8772 138614 16
8773 168091 7
8774 105924 27
8777 150592 16
8779 152125 15
8780 193384 26
8786 145749 17
8788 141940 17
8793 138181 17
8794 111297 26
8795 166128 16
8796 137865 16
8801 99538 17
8802 188926 15
8803 129063 7
8804 159263 16
8806 121007 27
8812 165852 16
8816 148123 26
8817 122895 26
8819 158009 26
8820 116404 26
8821 192599 27
8825 161312 16
8828 101126 6
8830 123629 7
8831 146131 16
8832 117339 15
8834 149682 17
8837 155491 26
8838 178218 16
8840 139139 6
8841 146986 17
8845 122730 17
8848 124914 26
8849 108408 17
8850 123168 15
8852 137155 17
8854 158484 25
8855 128281 26
8857 121543 6
8859 127299 26
8861 137350 26
8862 189609 6
8867 186384 27
8870 157315 6
8871 170218 17
8872 150757 5
8876 167522 26
8877 158683 6
8878 96989 6
8879 155705 17
8881 139834 5
8882 114269 5
8885 181080 26
8888 189377 6
8889 163695 16
8890 109707 6
8895 157451 16
8898 117378 16
8899 137311 17
8904 158782 16
8909 170872 6
8911 164101 17
8912 157408 27
8914 173860 15
8917 143767 16
8918 188393 5
8920 109736 26
8921 181347 15
8922 118947 16
8923 147564 16
8924 170967 17
8925 133880 26
8926 108572 16
8927 117811 16
8929 149143 8
8930 143019 16
8931 120417 16
8933 147866 16
8934 142982 7
8938 156754 6
8939 175133 16
8940 159856 16
8943 152578 16
8945 182140 27
8946 107245 16
8947 155326 16
8948 169159 7
8950 154817 16
8952 131278 6
8953 103793 16
8956 191858 6
8957 193149 16
8958 165503 27
8960 174923 16
8961 150834 6
8969 125592 16
8971 177664 6
8973 157905 26
8978 187543 16
8981 116843 7
8985 127757 15
8987 170306 6
8988 102507 16
8989 168744 16
8991 161041 25
9001 183733 17
9002 184749 16
9005 139687 16
9006 159987 6
9008 134468 15
9011 170201 7
9012 106752 16
9013 110578 25
9014 99485 6
9018 128776 27
9019 170430 7
9020 98779 16
9024 159083 16
9027 115395 7
9028 164157 16
9031 107286 27
9034 180800 6
9036 109311 27
9037 174216 15
9038 103007 15
9040 128486 6
9043 144151 27
9046 103374 16
9048 154012 17
9049 180542 17
9050 125130 26
9051 100054 7
9055 176790 6
9057 187827 7
9058 107661 26
9059 158355 7
9062 116076 15
9064 104145 16
9065 140662 16
9070 140104 16
9071 145686 7
9078 98672 17
9080 187598 5
9082 154642 27
9083 178686 16
9086 115224 26
9087 131986 17
9092 159463 17
9093 153372 16
9094 120345 16
9097 97520 27
9101 122376 15
9102 126250 17
9105 157110 26
9106 139628 26
9107 152867 6
9108 131480 16
9109 165096 15
9110 120314 17
9111 116341 27
9114 143595 27
9115 154222 6
9117 157689 16
9119 192307 27
9122 119415 16
9123 176768 16
9125 168569 16
9126 166230 16
9129 154856 16
9131 118556 16
9134 111995 27
9136 171393 26
9137 122986 16
9138 190232 27
9143 147966 26
9144 172279 26
9145 122338 17
9146 174751 6
9147 110673 7
9148 136200 17
9149 136749 17
9150 120788 17
9151 168734 16
9153 191118 16
9154 163931 5
9156 187115 16
9160 117438 16
9162 149408 6
9165 170700 26
9166 138940 16
9168 161912 7
9170 117857 16
9176 166605 16
9177 112926 16
9182 100117 16
9183 181416 26
9184 103197 26
9189 166584 17
9190 170459 17
9192 144304 16
9193 179029 6
9196 118441 16
9197 190508 15
9199 156289 7
9202 166680 6
9203 102145 16
9207 151742 16
9210 174052 16
9212 139324 16
9213 101186 26
9216 171170 27
9217 179030 27
9220 182905 26
9221 135479 26
9222 117910 17
9223 131041 7
9225 144216 26
9229 161181 16
9230 149655 17
9231 159856 16
9235 141898 16
9236 183593 26
9237 163041 16
9239 187006 6
9241 126763 7
9242 169537 6
9245 143432 16
9246 123173 16
9248 101749 6
9250 187325 6
9251 148948 6
9254 103999 16
9255 153857 16
9256 181244 16
9257 114940 16
9258 143329 27
9259 179922 16
9260 166260 16
9261 130663 6
9262 168137 16
9265 106585 7
9266 190335 26
9269 107320 26
9270 164698 27
9274 174357 27
9275 146272 7
9280 169895 16
9284 133270 16
9286 181585 16
9287 126197 26
9288 155227 27
9289 120765 6
9290 133671 26
9297 187775 17
9298 139949 7
9300 146532 16
9302 135322 16
9304 111694 17
9306 125039 27
9307 168145 16
9310 165942 26
9311 186116 17
9312 117529 6
9313 148255 1003
9315 178437 27
9316 132121 6
9321 129368 16
9322 114113 6
9325 171807 6
9326 169266 5
9328 147982 16
9330 188235 26
9331 173178 27
9335 106952 7
9339 145492 15
9341 142521 16
9343 104056 15
9345 164511 17
9346 156807 6
9347 179085 7
9348 174243 7
9350 143021 17
9351 129785 28
9352 114957 6
9354 177072 6
9355 110793 16
9357 163968 26
9358 134319 16
9361 191176 16
9363 119176 17
9364 182088 27
9369 99769 25
9371 109477 7
9373 183276 17
9379 183477 6
9380 151451 6
9383 177576 25
9384 100637 16
9385 129026 16
9387 117466 17
9391 156084 26
9392 192672 17
9394 107590 16
9395 128140 6
9397 139194 25
9398 177482 16
9399 98710 17
9400 133960 26
9401 98690 16
9403 115932 16
9406 108364 27
9411 141291 27
9415 177288 6
9416 185121 17
9417 116358 16
9419 174775 27
9421 132172 26
9424 105698 16
9425 155180 27
9427 132547 27
9428 143259 27
9431 112095 26
9434 117425 17
9435 157071 6
9436 190894 17
9440 148555 5
9441 165665 6
9442 134675 16
9443 161619 17
9444 155156 16
9445 132382 6
9447 106960 15
9448 103853 16
9450 151674 17
9451 100178 16
9452 178926 7
9454 113201 26
9455 106975 6
9456 111643 26
9460 123587 6
9462 138301 26
9463 152894 6
9466 181308 26
9468 116442 17
9469 142089 6
9470 98140 16
9472 131752 16
9474 159091 6
9475 160498 17
9476 169222 16
9478 157804 6
9481 164731 6
9482 119082 17
9486 125053 6
9487 149410 15
9488 159602 6
9490 99162 7
9492 144685 16
9495 144631 25
9497 158976 5
9499 100258 17
9501 179233 26
9507 102386 16
9508 163119 6
9510 130612 16
9512 116429 27
9513 100739 17
9515 136407 26
9516 113560 17
9520 186731 16
9522 116402 26
9524 169242 26
9530 148637 16
9539 140194 28
9540 107245 7
9542 119864 15
9545 107225 27
9548 127792 7
9552 170686 16
9555 182409 27
9557 147060 16
9558 143261 16
9559 187513 6
9561 117659 26
9562 187875 16
9563 186060 16
9566 137961 6
9567 127698 17
9572 170471 17
9573 98134 16
9575 147055 7
9576 162221 27
9580 184663 27
9581 135951 6
9583 141135 16
9584 156861 16
9585 175799 16
9589 153597 26
9591 175723 27
9598 111432 7
9601 141459 16
9604 191962 16
9606 145396 26
9608 125906 6
9611 128015 15
9615 135431 15
9617 119078 17
9621 100185 18
9623 104916 26
9626 154694 6
9629 154290 27
9633 134727 6
9637 122187 17
9638 120688 26
9639 173410 6
9641 150490 15
9643 125861 26
9645 170654 26
9647 134467 26
9648 136400 25
9650 125165 16
9651 164351 27
9652 103887 26
9653 176876 27
9654 165156 27
9655 126506 26
9657 134727 16
9658 179038 17
9660 122870 26
9661 150876 6
9662 108609 6
9663 193856 17
9664 177411 16
9666 159763 16
9667 112525 27
9669 107643 16
9672 167448 16
9675 115538 6
9676 125911 27
9677 113982 16
9678 172153 7
9682 169042 26
9683 185684 16
9684 183108 25
9685 171750 6
9686 120777 7
9688 101410 27
9689 182851 25
9690 109094 6
9691 133037 18
9692 154195 6
9693 193507 7
9694 172403 26
9696 127778 17
9701 165808 26
9702 134917 27
9704 122549 27
9709 159600 27
9711 147751 25
9713 130086 16
9715 131156 16
9718 143618 16
9722 170642 16
9725 108118 16
9726 161478 16
9727 184385 27
9728 154507 16
9732 134627 16
9734 149993 16
9736 140353 17
9738 178244 16
9739 132703 16
9740 116695 6
9743 149781 15
9744 188082 26
9745 126467 6
9748 152820 6
9753 154240 7
9755 183363 16
9756 161903 27
9759 139956 7
9760 180276 7
9762 130171 26
9764 125756 7
9765 172650 6
9767 169860 7
9768 151339 26
9769 106868 16
9771 113936 27
9776 113850 7
9778 122816 16
9781 170933 7
9784 151885 16
9787 106900 6
9788 119344 16
9792 180950 6
9794 149600 16
9795 178902 16
9798 148013 15
9799 118938 17
9800 130010 27
9801 124814 26
9802 159462 7
9803 150877 27
9805 144787 26
9806 135149 7
9807 110775 16
9808 145575 7
9809 163944 16
9811 119904 7
9812 170328 16
9814 141814 7
9818 99659 27
9819 144334 17
9825 188446 16
9827 152231 17
9828 114214 7
9830 118919 16
9832 103652 16
9833 126944 16
9835 125661 16
9836 190975 17
9837 121575 16
9838 128295 16
9840 125067 27
9846 109228 16
9848 120041 16
9851 122297 7
9853 151093 16
9854 147234 6
9855 143435 16
9856 176717 6
9858 106797 17
9859 164114 18
9862 133528 26
9863 105985 16
9868 174427 27
9874 173446 26
9876 138258 16
9881 171188 16
9885 179403 27
9887 150374 27
9888 151155 26
9893 164203 7
9895 172022 16
9896 183901 6
9897 160654 25
9903 169403 26
9904 97424 16
9905 169294 6
9906 193107 6
9907 124568 17
9911 109815 16
9916 162142 27
9917 134866 17
9918 172907 26
9920 99516 27
9925 99871 16
9926 178566 25
9928 181989 6
9930 126945 17
9933 170809 17
9935 139229 26
9937 143058 16
9938 106550 8
9940 158591 7
9941 188127 26
9943 161574 15
9947 157279 6
9948 114004 26
9949 101152 6
9951 179592 27
9954 114633 16
9955 167330 16
9956 175193 26
9959 186917 6
9962 97599 6
9965 161860 6
9967 183171 6
9970 193693 6
9971 176595 27
9977 126244 17
9978 183601 27
9979 101652 25
9980 150157 26
9982 126296 16
9983 163494 25
9984 101144 16
9986 178051 16
9988 168921 17
9989 185438 16
9991 144706 16
9993 184946 26
9996 149579 25
9999 100972 17
10000 172063 17
10001 126988 7
10003 134263 7
10005 97524 16
10006 99428 7
10008 120186 26
10009 148590 26
10011 141524 16
10012 111702 27
10016 191909 6
10019 100434 16
10021 182161 17
10026 142858 7
10031 118514 16
10034 125602 17
10037 153249 25
10040 108698 16
10046 173991 16
10048 180275 17
10049 125842 17
10050 137133 6
10054 110193 26
10056 178800 16
10057 165871 27
10059 186287 7
10060 111192 16
10061 140041 7
10064 146570 15
10065 123427 28
10066 158585 26
10069 148474 27
10071 147145 17
10075 101702 6
10076 103543 6
10082 121746 17
10084 168538 17
10085 103601 16
10087 111089 17
10088 127074 26
10089 137318 16
10090 119946 6
10091 113635 17
10092 156267 27
10094 113831 6
10098 165603 17
10102 167344 7
10103 185786 26
10104 154884 16
10105 146475 17
10106 139415 16
10109 150031 26
10110 153544 27
10111 108264 17
10114 141881 16
10117 127594 6
10118 106147 16
10119 132668 16
10121 110089 6
10125 121083 16
10127 145700 7
10133 101641 16
10134 157130 17
10135 112236 27
10136 99531 16
10137 163414 26
10139 183377 26
10141 157792 2003
10142 193464 17
10144 138919 6
10149 180389 17
10151 185867 6
10152 188878 6
10153 129520 16
10154 111884 17
10155 165215 17
10158 161445 16
10159 150744 7
10160 154675 6
10161 103006 7
10165 142461 16
10166 136157 6
10167 119819 17
10168 170238 18
10171 123010 17
10173 187277 26
10174 187605 6
10176 142247 17
10178 156235 7
10179 135236 16
10180 130734 26
10181 148880 6
10183 162541 6
10184 99580 16
10185 188494 18
10187 143125 17
10188 185852 6
10189 186440 17
10191 162227 6
10195 179540 16
