X cord  |  Y cord  |  time[ms]
1 122764 19
3 193933 19
8 117643 19
9 137458 20
10 158601 20
12 186583 20
13 105027 20
14 177609 19
15 193174 20
16 137965 20
17 142593 20
19 166635 20
20 184680 20
22 160708 20
24 190023 20
25 178830 19
26 154287 20
30 131104 20
31 122424 20
32 188383 20
33 154133 20
36 106207 20
41 106808 20
43 146986 20
45 140022 20
47 102241 20
48 180856 20
49 184345 20
50 183164 20
51 163000 20
53 111519 20
54 134582 20
56 172532 20
57 163780 19
58 138109 20
59 125181 20
60 110025 19
67 130277 20
71 107780 20
75 138792 20
76 153873 19
78 103138 20
80 151780 20
81 114538 20
82 151897 20
85 188633 20
88 141068 20
90 109026 20
91 102921 20
94 110882 20
96 119803 20
97 189862 20
99 138337 20
101 154179 20
102 176660 1020
106 156537 21
107 150427 20
111 193308 21
112 108411 21
118 166005 20
119 98584 20
121 156907 20
122 193019 20
125 191445 21
128 160294 20
129 103846 20
130 111662 20
131 191668 20
132 176935 20
134 110587 21
137 192276 20
138 148087 21
140 112601 21
142 146211 20
146 118226 20
147 97967 20
152 190760 20
153 188573 20
155 192465 20
158 173305 20
159 179522 20
160 128875 20
162 151070 20
165 176561 20
167 114401 20
168 123386 20
177 164323 20
178 182702 21
180 143944 20
192 104651 21
193 127025 21
194 127146 20
195 130999 20
196 182173 21
199 165207 20
202 187224 20
203 104231 21
204 175060 20
206 184493 20
210 167905 20
211 158012 20
212 138452 20
215 167725 20
217 112881 20
218 140648 20
219 123123 20
223 164803 21
226 117781 20
228 120623 20
230 118938 20
231 142036 20
233 193282 20
235 136353 20
236 137827 20
237 163293 21
240 166110 20
242 152330 20
243 150824 20
245 147271 21
246 149596 20
247 190184 20
248 151734 20
249 107282 20
251 100154 21
252 152448 20
255 189268 20
258 185884 20
263 144833 20
265 130964 20
266 125648 21
269 172753 20
270 125234 21
272 150847 20
273 176490 20
275 113877 20
276 145316 21
277 140285 21
279 130493 20
282 166259 20
284 117886 20
285 154776 20
288 126038 20
292 165853 20
293 167225 20
294 104979 20
295 139423 20
297 121170 21
299 173018 20
300 115731 20
301 173540 20
303 151053 20
306 157898 20
307 183628 20
309 175904 21
310 148874 20
311 118749 21
312 112061 21
313 145697 20
316 105848 20
318 120279 20
319 172462 20
320 129927 20
324 127382 21
326 184864 20
328 126187 20
330 103975 20
332 129595 20
333 103665 20
335 127974 20
339 103983 20
340 166154 20
342 101006 20
349 178855 20
350 147877 21
352 182799 20
353 169353 20
354 152703 21
359 120278 20
361 118059 20
367 143832 20
369 191966 20
370 156150 20
372 173949 20
373 166095 21
374 132821 21
375 178457 20
379 167091 20
381 159798 20
383 132910 20
385 138485 20
386 127513 20
389 140646 20
390 125454 20
391 134137 21
393 163194 20
395 134520 20
397 148053 20
398 160819 20
401 104249 21
405 102964 21
406 120359 20
407 127001 20
408 161338 20
409 172191 20
410 142615 20
414 102428 20
416 174551 20
423 173016 20
425 145509 21
427 183103 20
428 148058 21
432 139597 20
436 104167 20
437 150052 20
438 101774 20
440 156763 20
442 151873 20
444 177430 21
445 164567 20
447 131125 20
448 173707 21
449 150710 21
451 163812 20
456 169325 20
458 103338 20
461 123282 20
463 133874 20
466 121903 20
469 140232 21
470 157738 20
471 106181 21
472 156797 21
474 157125 21
475 139245 21
476 186490 20
478 151954 20
483 101625 20
484 150142 20
485 155102 20
489 147810 20
491 148937 21
493 123055 20
494 155667 21
495 156943 21
496 166938 20
498 165580 21
499 154748 20
502 97071 20
504 108620 21
505 126756 21
508 140498 20
512 164654 20
515 102382 20
516 134114 21
520 156821 20
522 106282 20
523 99626 20
525 120884 21
526 125982 20
528 146752 21
529 157953 20
530 147122 20
531 155537 20
532 176683 20
534 159176 20
535 127703 20
539 174485 20
540 178589 20
541 191244 21
543 118608 21
545 158304 20
546 147763 21
547 136596 20
549 155935 20
550 166508 20
558 116224 21
562 190848 20
565 99070 20
572 134634 20
573 174768 20
574 189338 20
575 101307 21
576 136258 20
577 163035 21
578 139029 20
579 186162 21
580 108636 20
582 173973 20
584 180202 20
585 191724 20
588 138286 20
589 100334 20
590 193500 20
593 192111 20
594 150578 21
595 132466 20
596 124757 20
598 178075 20
600 191269 20
602 131146 20
603 161334 20
604 128159 20
606 161168 21
609 181564 21
611 137420 20
613 106542 20
614 176971 20
616 176594 20
619 98021 20
621 183547 20
622 105538 21
624 181430 21
625 105436 20
626 131948 20
627 174814 20
634 148247 20
638 101347 20
639 134025 20
641 137160 20
642 175790 20
644 158521 21
646 132973 20
648 148332 21
649 179713 20
652 167140 20
653 114839 20
655 162440 20
656 156298 20
657 162873 20
658 119677 20
661 108851 20
662 176872 20
663 193213 21
664 145250 20
666 173863 20
667 121190 21
668 100673 20
669 135201 20
670 149967 20
671 127980 20
677 108476 21
680 139832 20
681 140094 20
683 108211 21
684 152983 20
686 178459 20
687 156179 20
690 100134 20
693 125260 21
696 107430 20
698 97762 20
700 156440 20
702 137012 20
703 104625 21
705 126080 20
711 167662 20
712 153299 20
714 177304 20
715 166636 20
720 182767 20
721 137579 20
725 191653 21
727 180985 20
728 168395 20
731 147206 20
732 142400 20
733 129467 21
737 114189 20
738 124948 20
739 102639 21
740 106427 21
743 149624 20
744 172484 20
745 105698 21
750 162264 20
751 141146 20
757 142501 21
758 120195 21
760 120690 21
763 119747 20
764 155703 21
769 162865 20
770 157049 21
771 164783 20
772 182193 20
773 186748 20
774 133974 20
775 131871 21
777 132506 20
778 111916 21
781 173011 20
786 126817 20
790 160388 20
791 143743 20
792 129197 20
793 109426 20
796 135604 20
798 165647 20
801 166272 20
802 124272 20
803 103510 20
811 163599 20
813 138519 21
814 121587 20
815 100708 21
816 137536 20
817 98656 20
818 144294 20
820 179168 20
821 117314 20
822 139720 20
823 121430 20
825 176588 20
829 144650 20
830 167903 20
833 187752 20
837 125531 20
841 149106 20
843 193904 20
846 136940 20
848 111891 20
849 114420 20
852 187407 20
855 147496 20
858 168722 20
859 100465 20
860 171283 20
864 137603 20
868 175474 20
869 141290 20
871 144109 20
872 155603 21
873 104716 20
874 111173 20
875 137382 21
876 170899 20
877 156333 20
878 132227 20
879 177711 20
881 151957 20
882 159339 21
883 150117 20
884 157656 20
885 144720 21
886 106934 20
887 126502 1020
888 147174 20
890 165665 20
891 171195 20
892 184560 20
896 114323 21
898 99286 20
899 143607 21
900 163473 20
903 126470 20
908 113703 21
911 138630 20
917 179057 21
918 136772 20
921 153182 20
922 104586 20
923 189309 20
924 164375 20
926 130939 20
927 175341 20
928 148150 20
929 103242 20
930 192263 21
931 173134 20
932 147784 20
934 158499 20
935 124841 20
936 169190 21
938 120319 21
939 177204 20
941 184931 20
942 165412 20
946 117882 20
947 135818 20
949 169495 20
950 187424 20
955 119346 21
958 134007 20
959 142673 21
960 119458 20
961 179859 20
963 133666 21
964 102308 20
965 118383 20
967 148102 21
968 162085 20
969 114619 20
971 113062 20
974 167009 20
976 156517 20
977 128919 20
981 117067 20
984 101158 21
987 189180 21
988 146085 20
990 143909 20
992 189546 20
993 164665 21
995 119147 20
997 123115 20
999 183976 21
1000 128567 21
1001 184683 21
1006 122227 20
1008 153666 20
1010 140410 21
1012 106331 20
1014 127275 21
1022 150577 20
1024 164689 20
1025 99518 20
1026 147953 20
1033 192881 20
1036 190014 20
1040 147119 21
1041 130240 20
1043 130361 20
1044 107891 21
1045 112167 21
1048 128832 21
1049 179833 21
1050 117704 21
1055 140000 20
1057 192060 21
1058 102034 20
1060 118213 21
1064 178671 21
1068 168655 20
1070 141211 20
1072 145054 20
1073 169392 21
1076 105922 20
1079 177840 20
1082 137113 20
1083 137164 20
1084 145005 21
1086 145886 21
1088 147567 21
1091 140598 20
1092 153545 20
1093 100995 21
1094 136040 21
1095 128795 21
1096 104947 20
1097 122955 21
1098 118050 20
1107 98334 20
1108 97802 20
1109 124215 21
1110 154624 20
1112 191565 20
1113 192842 20
1114 166148 20
1115 170671 20
1118 140896 21
1122 160606 20
1123 182167 20
1125 157150 20
1126 178455 20
1135 117512 21
1136 134526 20
1140 100294 21
1141 182588 20
1146 97187 21
1147 119535 21
1149 129200 20
1151 126318 20
1154 167519 20
1156 184739 21
1157 106004 20
1158 153095 20
1159 116147 20
1162 189511 21
1164 116174 20
1165 128338 20
1166 191020 21
1167 160966 21
1168 104721 21
1170 193680 21
1175 187763 20
1176 121646 20
1178 189905 20
1183 142004 21
1185 103689 20
1187 165049 21
1188 175253 20
1189 182857 20
1191 179346 20
1193 192953 20
1195 170673 21
1198 154374 21
1202 137886 21
1203 125840 20
1204 181104 21
1205 105762 21
1209 120786 21
1213 171811 21
1216 169713 21
1218 135595 21
1219 103859 20
1221 185175 20
1224 123884 20
1229 125491 21
1231 161898 20
1232 182694 21
1233 118563 21
1236 157130 20
1240 134998 20
1241 193529 20
1242 176698 20
1244 155685 20
1248 132807 21
1251 130784 21
1254 179058 21
1255 128948 20
1257 102100 20
1259 167778 21
1261 106205 20
1262 173121 21
1266 153979 20
1267 123909 20
1269 183415 21
1271 149554 21
1273 162715 20
1274 163568 21
1275 166327 21
1276 147830 20
1279 104110 20
1281 167022 20
1282 165077 20
1283 97897 20
1285 141397 21
1288 163164 20
1290 99156 20
1292 121960 21
1293 137151 20
1295 148052 20
1297 105586 20
1302 135564 21
1304 178562 21
1305 171913 21
1307 145892 21
1308 118447 21
1310 155977 21
1312 144508 20
1320 165541 21
1321 131609 21
1322 155428 20
1323 135761 21
1324 127113 21
1325 125330 20
1326 179355 20
1327 118650 21
1331 98131 20
1332 130518 20
1334 170973 21
1335 181678 20
1336 163220 20
1337 192390 21
1338 132219 21
1340 101957 20
1345 178716 20
1346 129222 20
1347 103745 20
1350 144466 20
1352 144630 20
1355 97912 21
1356 96991 20
1357 129888 21
1359 119149 20
1360 171534 20
1361 109532 20
1362 162741 20
1363 148993 20
1364 134988 20
1368 133668 20
1372 114051 20
1373 133072 20
1375 103863 20
1376 183120 20
1382 189114 20
1383 139984 21
1384 114513 21
1385 190737 20
1388 146758 20
1389 156905 20
1391 118973 20
1393 137159 21
1397 172239 21
1399 142594 21
1403 143406 21
1407 152316 20
1409 104497 20
1410 140369 21
1412 125049 20
1413 115733 20
1415 121486 20
1418 151416 21
1420 133740 21
1423 170918 21
1424 144234 20
1425 118932 20
1426 113771 20
1427 133778 20
1431 126709 21
1433 175765 21
1434 105762 21
1435 132083 20
1436 161759 21
1439 189636 20
1445 121960 20
1450 114281 21
1451 191824 20
1453 101330 21
1454 136750 21
1456 155079 20
1457 184318 20
1459 122944 20
1460 168106 21
1463 107978 21
1464 140282 21
1466 106672 20
1467 179806 21
1472 103130 20
1473 118319 20
1474 119089 21
1475 149932 21
1477 145689 21
1478 108551 20
1479 139499 21
1481 118173 21
1482 104432 20
1483 136863 20
1488 128059 21
1492 116934 21
1494 112111 20
1497 161243 20
1499 109583 21
1500 167884 21
1503 114451 20
1506 174447 20
1511 158303 20
1512 149564 20
1513 172528 21
1515 159916 21
1517 162753 21
1520 169551 21
1522 156964 21
1523 124556 20
1526 181228 21
1528 118896 21
1530 182442 20
1531 149585 21
1532 99678 20
1534 140357 20
1539 158765 20
1540 155160 21
1543 174233 20
1544 157067 21
1546 150622 20
1552 105131 21
1560 125343 21
1561 116073 21
1565 131993 20
1566 129108 21
1568 163530 21
1575 112578 21
1580 171497 20
1583 110789 20
1586 192097 20
1591 156267 20
1592 155148 20
1594 107856 20
1595 106243 20
1596 191016 20
1597 163519 20
1598 165851 21
1600 106163 21
1601 101882 21
1603 117005 20
1607 106072 20
1608 141451 20
1609 139601 20
1613 140516 21
1616 171111 21
1618 121985 20
1619 97157 21
1620 183887 20
1621 98580 20
1622 108762 20
1623 140948 20
1624 102264 20
1630 151677 21
1633 193929 20
1634 163924 20
1637 154040 21
1638 149456 21
1640 179393 20
1641 154531 20
1642 107022 20
1643 111574 20
1645 150355 21
1649 117650 21
1650 172001 21
1651 172312 21
1652 120875 20
1654 109953 21
1655 128285 21
1658 185734 21
1660 134735 20
1661 164335 21
1662 185015 20
1667 126866 21
1669 150878 20
1670 191367 20
1671 174955 20
1673 117406 21
1674 120046 21
1675 158831 20
1677 160959 21
1680 160901 20
1681 101183 20
1683 127286 20
1685 109571 21
1687 183984 20
1690 124836 20
1692 112580 20
1693 97565 20
1695 155745 21
1696 110034 21
1697 125583 20
1698 161382 21
1699 155115 20
1706 119276 21
1707 99202 21
1708 186851 21
1710 152577 21
1715 143725 21
1716 182248 20
1718 119389 21
1720 133186 20
1722 103020 20
1723 184755 21
1724 108938 20
1727 164217 20
1729 118963 20
1730 153537 21
1731 157935 21
1732 108572 20
1733 105860 21
1735 142982 20
1737 132084 20
1740 190815 20
1741 107193 21
1744 179587 20
1746 155782 21
1748 178641 21
1749 134801 21
1752 109495 20
1756 128213 21
1758 164987 21
1759 161476 20
1760 149478 21
1763 185459 21
1765 175234 20
1767 161498 21
1770 168846 21
1771 184616 20
1772 178660 21
1773 148257 20
1774 128440 21
1776 167346 20
1779 107719 20
1783 179179 20
1784 178137 21
1787 108681 21
1788 141380 20
1790 152752 20
1792 172608 20
1793 121133 21
1796 135273 20
1797 159187 21
1799 164200 20
1800 111662 21
1802 105272 20
1804 96983 20
1806 154248 21
1808 141424 1021
1809 144182 20
1810 126945 21
1812 120208 21
1815 100088 21
1824 119425 21
1825 170737 21
1826 127471 21
1829 142248 21
1830 128591 21
1831 103208 21
1832 127977 20
1833 138212 21
1835 113427 20
1837 147755 21
1838 180306 20
1842 191745 20
1844 154656 21
1845 175123 20
1846 159594 20
1847 171124 20
1849 174519 21
1850 148212 20
1851 131051 21
1856 175775 20
1857 158542 20
1858 134921 20
1860 113771 21
1861 183339 20
1862 140469 20
1865 149067 20
1866 135401 20
1867 134798 20
1870 170720 21
1871 111778 20
1872 148035 20
1874 191707 20
1876 123877 20
1880 112660 21
1887 188337 21
1889 112281 21
1891 138649 21
1892 123318 21
1894 163432 21
1896 172137 20
1897 157708 20
1901 136905 20
1905 169799 20
1907 97839 20
1910 98613 20
1914 114297 21
1919 112671 21
1920 169684 20
1921 173770 20
1922 191583 21
1923 189584 21
1924 176351 20
1932 143915 21
1935 113378 21
1937 132850 20
1938 114180 20
1941 107436 21
1943 160372 21
1944 128936 20
1945 165410 21
1948 170948 20
1950 101605 21
1951 108220 21
1952 182713 21
1953 174069 20
1956 165436 20
1960 164508 21
1962 163105 21
1965 101480 20
1966 137109 21
1967 168062 20
1971 182011 21
1974 176763 21
1976 120225 20
1977 136741 20
1978 135259 20
1979 99344 20
1980 168492 21
1981 128123 21
1982 124117 21
1983 178670 20
1985 172428 21
1987 97816 20
1989 185733 20
1994 171679 20
1995 133189 20
1996 106195 20
1999 115824 20
2000 118208 21
2001 164302 20
2002 162265 20
2006 122368 21
2009 135749 21
2010 164312 20
2011 153065 21
2016 176668 20
2017 123698 20
2020 143654 21
2021 137671 21
2022 180754 20
2023 141963 21
2024 185537 20
2028 129423 20
