X cord  |  Y cord  |  time[ms]
1 122764 0
3 193933 4
8 117643 11
9 137458 22
10 158601 26
12 186583 26
13 105027 16
14 177609 12
15 193174 12
16 137965 22
17 142593 1002
19 166635 22
20 184680 21
22 160708 16
24 190023 16
25 178830 17
26 154287 11
30 131104 17
31 122424 6
32 188383 17
33 154133 22
36 106207 17
41 106808 22
43 146986 21
45 140022 18
47 102241 11
48 180856 22
49 184345 17
50 183164 26
51 163000 28
53 111519 16
54 134582 7
56 172532 17
57 163780 12
58 138109 16
59 125181 16
60 110025 17
67 130277 16
71 107780 16
75 138792 11
76 153873 17
78 103138 23
80 151780 11
81 114538 26
82 151897 16
85 188633 16
88 141068 12
90 109026 16
91 102921 17
94 110882 16
96 119803 22
97 189862 17
99 138337 12
101 154179 17
102 176660 16
106 156537 16
107 150427 21
111 193308 16
112 108411 17
118 166005 17
119 98584 17
121 156907 12
122 193019 21
125 191445 12
128 160294 6
129 103846 21
130 111662 17
131 191668 11
132 176935 16
134 110587 22
137 192276 21
138 148087 17
140 112601 12
142 146211 22
146 118226 11
147 97967 16
152 190760 22
153 188573 16
155 192465 22
158 173305 11
159 179522 12
160 128875 26
162 151070 11
165 176561 18
167 114401 6
168 123386 16
177 164323 7
178 182702 17
180 143944 17
192 104651 11
193 127025 12
194 127146 21
195 130999 17
196 182173 22
199 165207 12
202 187224 22
203 104231 12
204 175060 22
206 184493 22
210 167905 27
211 158012 17
212 138452 7
215 167725 22
217 112881 17
218 140648 7
219 123123 12
223 164803 23
226 117781 16
228 120623 21
230 118938 17
231 142036 17
233 193282 22
235 136353 6
236 137827 11
237 163293 22
240 166110 16
242 152330 17
243 150824 27
245 147271 23
246 149596 11
247 190184 21
248 151734 22
249 107282 17
251 100154 26
252 152448 12
255 189268 22
258 185884 22
263 144833 16
265 130964 22
266 125648 7
269 172753 17
270 125234 16
272 150847 12
273 176490 17
275 113877 11
276 145316 16
277 140285 11
279 130493 17
282 166259 21
284 117886 21
285 154776 12
288 126038 27
292 165853 12
293 167225 16
294 104979 17
295 139423 7
297 121170 16
299 173018 17
300 115731 22
301 173540 16
303 151053 16
306 157898 6
307 183628 11
309 175904 21
310 148874 1002
311 118749 22
312 112061 12
313 145697 6
316 105848 21
318 120279 27
319 172462 16
320 129927 16
324 127382 11
326 184864 22
328 126187 7
330 103975 21
332 129595 11
333 103665 17
335 127974 17
339 103983 12
340 166154 16
342 101006 16
349 178855 27
350 147877 12
352 182799 16
353 169353 21
354 152703 6
359 120278 12
361 118059 11
367 143832 18
369 191966 17
370 156150 22
372 173949 22
373 166095 22
374 132821 6
375 178457 22
379 167091 12
381 159798 11
383 132910 22
385 138485 17
386 127513 11
389 140646 18
390 125454 23
391 134137 7
393 163194 16
395 134520 12
397 148053 1003
398 160819 17
401 104249 17
405 102964 11
406 120359 17
407 127001 11
408 161338 16
409 172191 17
410 142615 7
414 102428 26
416 174551 27
423 173016 17
425 145509 11
427 183103 21
428 148058 17
432 139597 16
436 104167 21
437 150052 7
438 101774 17
440 156763 12
442 151873 12
444 177430 26
445 164567 11
447 131125 22
448 173707 22
449 150710 27
451 163812 6
456 169325 16
458 103338 16
461 123282 12
463 133874 16
466 121903 16
469 140232 7
470 157738 23
471 106181 7
472 156797 11
474 157125 17
475 139245 21
476 186490 18
478 151954 27
483 101625 17
484 150142 12
485 155102 11
489 147810 12
491 148937 28
493 123055 12
494 155667 16
495 156943 5
496 166938 16
498 165580 13
499 154748 6
502 97071 17
504 108620 16
505 126756 12
508 140498 17
512 164654 27
515 102382 27
516 134114 16
520 156821 16
522 106282 12
523 99626 12
525 120884 26
526 125982 12
528 146752 12
529 157953 22
530 147122 21
531 155537 26
532 176683 27
534 159176 23
535 127703 17
539 174485 11
540 178589 21
541 191244 17
543 118608 22
545 158304 18
546 147763 12
547 136596 7
549 155935 21
550 166508 17
558 116224 12
562 190848 16
565 99070 26
572 134634 11
573 174768 22
574 189338 22
575 101307 22
576 136258 16
577 163035 26
578 139029 6
579 186162 16
580 108636 22
582 173973 12
584 180202 21
585 191724 11
588 138286 11
589 100334 6
590 193500 13
593 192111 21
594 150578 16
595 132466 23
596 124757 6
598 178075 16
600 191269 11
602 131146 22
603 161334 16
604 128159 16
606 161168 23
609 181564 22
611 137420 17
613 106542 22
614 176971 17
616 176594 26
619 98021 26
621 183547 17
622 105538 11
624 181430 17
625 105436 27
626 131948 16
627 174814 18
634 148247 16
638 101347 13
639 134025 7
641 137160 6
642 175790 22
644 158521 17
646 132973 21
648 148332 22
649 179713 21
652 167140 22
653 114839 27
655 162440 22
656 156298 17
657 162873 17
658 119677 16
661 108851 18
662 176872 5
663 193213 6
664 145250 11
666 173863 21
667 121190 27
668 100673 21
669 135201 17
670 149967 16
671 127980 21
677 108476 17
680 139832 12
681 140094 21
683 108211 26
684 152983 11
686 178459 12
687 156179 17
690 100134 12
693 125260 7
696 107430 13
698 97762 27
700 156440 11
702 137012 7
703 104625 22
705 126080 6
711 167662 16
712 153299 27
714 177304 27
715 166636 6
720 182767 23
721 137579 11
725 191653 16
727 180985 26
728 168395 21
731 147206 16
732 142400 22
733 129467 11
737 114189 17
738 124948 7
739 102639 26
740 106427 21
743 149624 17
744 172484 16
745 105698 16
750 162264 21
751 141146 12
757 142501 21
758 120195 11
760 120690 22
763 119747 11
764 155703 11
769 162865 12
770 157049 12
771 164783 11
772 182193 21
773 186748 21
774 133974 11
775 131871 21
777 132506 11
778 111916 21
781 173011 17
786 126817 26
790 160388 21
791 143743 12
792 129197 17
793 109426 12
796 135604 12
798 165647 27
801 166272 12
802 124272 21
803 103510 16
811 163599 27
813 138519 17
814 121587 22
815 100708 16
816 137536 17
817 98656 21
818 144294 7
820 179168 11
821 117314 12
822 139720 21
823 121430 26
825 176588 21
829 144650 17
830 167903 12
833 187752 17
837 125531 12
841 149106 11
843 193904 17
846 136940 12
848 111891 12
849 114420 11
852 187407 22
855 147496 12
858 168722 27
859 100465 17
860 171283 16
864 137603 17
868 175474 21
869 141290 16
871 144109 21
872 155603 8
873 104716 16
874 111173 17
875 137382 7
876 170899 16
877 156333 7
878 132227 22
879 177711 22
881 151957 7
882 159339 26
883 150117 18
884 157656 17
885 144720 17
886 106934 21
887 126502 17
888 147174 27
890 165665 17
891 171195 17
892 184560 18
896 114323 22
898 99286 16
899 143607 12
900 163473 21
903 126470 22
908 113703 22
911 138630 16
917 179057 22
918 136772 17
921 153182 21
922 104586 16
923 189309 23
924 164375 22
926 130939 26
927 175341 12
928 148150 17
929 103242 22
930 192263 22
931 173134 21
932 147784 11
934 158499 16
935 124841 22
936 169190 11
938 120319 26
939 177204 11
941 184931 21
942 165412 22
946 117882 16
947 135818 21
949 169495 27
950 187424 11
955 119346 7
958 134007 23
959 142673 26
960 119458 6
961 179859 22
963 133666 16
964 102308 21
965 118383 16
967 148102 17
968 162085 12
969 114619 17
971 113062 17
974 167009 16
976 156517 17
977 128919 22
981 117067 17
984 101158 11
987 189180 22
988 146085 12
990 143909 22
992 189546 22
993 164665 27
995 119147 17
997 123115 16
999 183976 17
1000 128567 17
1001 184683 11
1006 122227 17
1008 153666 6
1010 140410 22
1012 106331 12
1014 127275 16
1022 150577 7
1024 164689 12
1025 99518 26
1026 147953 7
1033 192881 22
1036 190014 17
1040 147119 27
1041 130240 12
1043 130361 16
1044 107891 17
1045 112167 22
1048 128832 17
1049 179833 23
1050 117704 11
1055 140000 12
1057 192060 17
1058 102034 17
1060 118213 17
1064 178671 12
1068 168655 16
1070 141211 22
1072 145054 12
1073 169392 12
1076 105922 12
1079 177840 12
1082 137113 22
1083 137164 11
1084 145005 22
1086 145886 17
1088 147567 18
1091 140598 17
1092 153545 22
1093 100995 12
1094 136040 12
1095 128795 16
1096 104947 16
1097 122955 16
1098 118050 12
1107 98334 11
1108 97802 12
1109 124215 22
1110 154624 17
1112 191565 22
1113 192842 18
1114 166148 17
1115 170671 6
1118 140896 7
1122 160606 22
1123 182167 18
1125 157150 22
1126 178455 22
1135 117512 6
1136 134526 17
1140 100294 11
1141 182588 21
1146 97187 11
1147 119535 26
1149 129200 11
1151 126318 1002
1154 167519 22
1156 184739 17
1157 106004 17
1158 153095 12
1159 116147 21
1162 189511 11
1164 116174 16
1165 128338 16
1166 191020 1003
1167 160966 16
1168 104721 12
1170 193680 17
1175 187763 22
1176 121646 17
1178 189905 12
1183 142004 17
1185 103689 22
1187 165049 17
1188 175253 22
1189 182857 12
1191 179346 16
1193 192953 16
1195 170673 21
1198 154374 22
1202 137886 26
1203 125840 12
1204 181104 22
1205 105762 21
1209 120786 21
1213 171811 22
1216 169713 17
1218 135595 17
1219 103859 22
1221 185175 21
1224 123884 11
1229 125491 22
1231 161898 17
1232 182694 22
1233 118563 12
1236 157130 11
1240 134998 17
1241 193529 12
1242 176698 7
1244 155685 22
1248 132807 13
1251 130784 12
1254 179058 16
1255 128948 21
1257 102100 21
1259 167778 17
1261 106205 12
1262 173121 22
1266 153979 16
1267 123909 7
1269 183415 12
1271 149554 23
1273 162715 22
1274 163568 11
1275 166327 17
1276 147830 11
1279 104110 17
1281 167022 22
1282 165077 22
1283 97897 12
1285 141397 12
1288 163164 16
1290 99156 22
1292 121960 22
1293 137151 12
1295 148052 16
1297 105586 17
1302 135564 17
1304 178562 22
1305 171913 21
1307 145892 21
1308 118447 16
1310 155977 17
1312 144508 16
1320 165541 22
1321 131609 11
1322 155428 11
1323 135761 12
1324 127113 17
1325 125330 21
1326 179355 1002
1327 118650 26
1331 98131 12
1332 130518 11
1334 170973 7
1335 181678 16
1336 163220 27
1337 192390 17
1338 132219 21
1340 101957 22
1345 178716 17
1346 129222 17
1347 103745 12
1350 144466 12
1352 144630 12
1355 97912 22
1356 96991 11
1357 129888 16
1359 119149 16
1360 171534 18
1361 109532 17
1362 162741 22
1363 148993 17
1364 134988 17
1368 133668 23
1372 114051 16
1373 133072 17
1375 103863 12
1376 183120 22
1382 189114 11
1383 139984 12
1384 114513 17
1385 190737 23
1388 146758 13
1389 156905 23
1391 118973 22
1393 137159 17
1397 172239 22
1399 142594 17
1403 143406 16
1407 152316 12
1409 104497 22
1410 140369 15
1412 125049 11
1413 115733 16
1415 121486 22
1418 151416 16
1420 133740 18
1423 170918 22
1424 144234 7
1425 118932 23
1426 113771 27
1427 133778 18
1431 126709 17
1433 175765 12
1434 105762 17
1435 132083 22
1436 161759 22
1439 189636 16
1445 121960 26
1450 114281 23
1451 191824 22
1453 101330 12
1454 136750 12
1456 155079 27
1457 184318 11
1459 122944 22
1460 168106 17
1463 107978 16
1464 140282 7
1466 106672 8
1467 179806 21
1472 103130 16
1473 118319 22
1474 119089 21
1475 149932 16
1477 145689 17
1478 108551 27
1479 139499 17
1481 118173 11
1482 104432 17
1483 136863 12
1488 128059 17
1492 116934 12
1494 112111 27
1497 161243 12
1499 109583 22
1500 167884 7
1503 114451 17
1506 174447 7
1511 158303 22
1512 149564 17
1513 172528 22
1515 159916 7
1517 162753 17
1520 169551 12
1522 156964 11
1523 124556 17
1526 181228 27
1528 118896 17
1530 182442 21
1531 149585 18
1532 99678 17
1534 140357 16
1539 158765 7
1540 155160 7
1543 174233 17
1544 157067 17
1546 150622 16
1552 105131 18
1560 125343 17
1561 116073 21
1565 131993 23
1566 129108 12
1568 163530 22
1575 112578 26
1580 171497 7
1583 110789 18
1586 192097 17
1591 156267 17
1592 155148 21
1594 107856 17
1595 106243 17
1596 191016 22
1597 163519 22
1598 165851 22
1600 106163 16
1601 101882 27
1603 117005 12
1607 106072 22
1608 141451 13
1609 139601 12
1613 140516 6
1616 171111 17
1618 121985 12
1619 97157 18
1620 183887 27
1621 98580 27
1622 108762 22
1623 140948 16
1624 102264 12
1630 151677 23
1633 193929 17
1634 163924 17
1637 154040 7
1638 149456 11
1640 179393 22
1641 154531 16
1642 107022 22
1643 111574 28
1645 150355 12
1649 117650 23
1650 172001 27
1651 172312 27
1652 120875 17
1654 109953 7
1655 128285 22
1658 185734 27
1660 134735 18
1661 164335 18
1662 185015 22
1667 126866 21
1669 150878 21
1670 191367 22
1671 174955 27
1673 117406 17
1674 120046 22
1675 158831 17
1677 160959 16
1680 160901 13
1681 101183 21
1683 127286 17
1685 109571 7
1687 183984 17
1690 124836 12
1692 112580 21
1693 97565 17
1695 155745 7
1696 110034 12
1697 125583 11
1698 161382 12
1699 155115 27
1706 119276 18
1707 99202 12
1708 186851 12
1710 152577 22
1715 143725 17
1716 182248 22
1718 119389 7
1720 133186 12
1722 103020 11
1723 184755 11
1724 108938 11
1727 164217 17
1729 118963 6
1730 153537 17
1731 157935 22
1732 108572 26
1733 105860 22
1735 142982 12
1737 132084 12
1740 190815 17
1741 107193 17
1744 179587 21
1746 155782 17
1748 178641 12
1749 134801 17
1752 109495 28
1756 128213 21
1758 164987 16
1759 161476 21
1760 149478 16
1763 185459 17
1765 175234 22
1767 161498 16
1770 168846 22
1771 184616 16
1772 178660 12
1773 148257 17
1774 128440 12
1776 167346 22
1779 107719 16
1783 179179 17
1784 178137 16
1787 108681 22
1788 141380 17
1790 152752 17
1792 172608 21
1793 121133 22
1796 135273 21
1797 159187 12
1799 164200 27
1800 111662 11
1802 105272 12
1804 96983 12
1806 154248 16
1808 141424 11
1809 144182 22
1810 126945 17
1812 120208 22
1815 100088 17
1824 119425 12
1825 170737 23
1826 127471 17
1829 142248 26
1830 128591 17
1831 103208 12
1832 127977 23
1833 138212 17
1835 113427 28
1837 147755 12
1838 180306 17
1842 191745 17
1844 154656 17
1845 175123 12
1846 159594 22
1847 171124 22
1849 174519 23
1850 148212 12
1851 131051 7
1856 175775 17
1857 158542 16
1858 134921 23
1860 113771 12
1861 183339 12
1862 140469 7
1865 149067 21
1866 135401 12
1867 134798 12
1870 170720 17
1871 111778 13
1872 148035 17
1874 191707 21
1876 123877 22
1880 112660 22
1887 188337 22
1889 112281 12
1891 138649 12
1892 123318 17
1894 163432 17
1896 172137 17
1897 157708 12
1901 136905 17
1905 169799 22
1907 97839 22
1910 98613 21
1914 114297 18
1919 112671 28
1920 169684 21
1921 173770 17
1922 191583 21
1923 189584 22
1924 176351 22
1932 143915 22
1935 113378 11
1937 132850 17
1938 114180 12
1941 107436 11
1943 160372 12
1944 128936 23
1945 165410 17
1948 170948 27
1950 101605 21
1951 108220 18
1952 182713 17
1953 174069 17
1956 165436 16
1960 164508 22
1962 163105 16
1965 101480 17
1966 137109 21
1967 168062 27
1971 182011 18
1974 176763 22
1976 120225 16
1977 136741 16
1978 135259 12
1979 99344 27
1980 168492 13
1981 128123 21
1982 124117 23
1983 178670 23
1985 172428 26
1987 97816 22
1989 185733 12
1994 171679 21
1995 133189 12
1996 106195 17
1999 115824 27
2000 118208 16
2001 164302 16
2002 162265 17
2006 122368 16
2009 135749 12
2010 164312 21
2011 153065 12
2016 176668 11
2017 123698 22
2020 143654 12
2021 137671 16
2022 180754 26
2023 141963 12
2024 185537 17
2028 129423 12
