X cord  |  Y cord  |  time[ms]
0 10 87.6
0 87 104.0
1 43 99.0
1 54 89.0
3 6 83.0
3 91 93.2
4 47 89.0
4 50 87.0
10 21 89.0
10 76 109.8
11 17 104.0
11 80 104.2
12 3 94.0
12 94 100.8
17 10 84.0
17 87 104.0
20 34 99.0
20 63 104.0
21 24 99.0
21 73 109.2
22 5 89.0
22 92 91.8
23 24 89.0
23 73 109.2
24 2 83.8
24 95 104.2
25 35 84.2
25 62 104.2
27 7 89.0
27 90 108.8
28 34 99.0
28 63 99.0
29 43 84.0
29 54 89.0
30 0 61.8
32 7 84.0
32 90 104.0
37 22 78.0
37 75 84.0
38 7 83.8
38 90 94.0
39 6 84.0
39 91 105.0
44 20 84.0
44 77 89.0
46 25 94.0
46 72 89.0
47 18 86.0
47 79 94.0
49 34 89.0
49 63 89.0
50 19 94.0
50 78 94.0
52 29 84.0
52 68 94.0
53 24 47.0
53 73 33.0
54 12 96.0
54 85 104.0
55 6 79.0
55 91 99.0
56 8 79.0
56 89 104.0
59 32 89.0
59 65 84.0
65 32 89.0
65 65 89.0
67 43 79.0
67 54 79.0
68 0 61.8
70 32 94.0
70 65 97.0
73 14 79.0
73 83 84.0
74 20 89.0
74 77 99.0
76 20 84.0
76 77 94.0
80 10 78.0
80 87 88.0
83 23 89.0
83 74 89.0
84 37 89.0
84 60 109.0
85 26 94.0
85 71 109.0
86 28 84.0
86 69 89.0
87 27 89.0
87 70 89.0
88 41 79.0
88 56 89.0
91 39 93.8
91 58 99.0
92 16 74.0
92 81 94.0
95 31 94.0
95 66 99.0
96 0 61.4
