X cord  |  Y cord  |  time[us]
65096.0 0 10
65494.4 0 87
65344.6 1 43
65449.0 1 54
65403.2 3 6
65449.6 3 91
65453.2 4 47
65630.2 4 50
65426.6 10 21
65565.6 10 76
65345.6 11 17
65490.6 11 80
65315.2 12 3
65352.8 12 94
65269.8 17 10
65372.2 17 87
65354.4 20 34
65422.0 20 63
65287.8 21 24
65343.2 21 73
65155.6 22 5
65211.8 22 92
65353.4 23 24
65410.2 23 73
65463.0 24 2
65494.2 24 95
65469.4 25 35
65356.2 25 62
65289.6 27 7
65425.6 27 90
65142.4 28 34
65279.8 28 63
65575.4 29 43
65462.2 29 54
63491.2 30 0
65381.0 32 7
65382.0 32 90
65427.2 37 22
65302.0 37 75
65311.8 38 7
65539.6 38 90
65343.0 39 6
65481.8 39 91
65495.0 44 20
65573.4 44 77
64505.8 46 25
64577.2 46 72
65432.0 47 18
65585.4 47 79
65354.6 49 34
65291.6 49 63
65352.8 50 19
65477.6 50 78
65323.4 52 29
65212.6 52 68
65441.4 53 24
65389.0 53 73
65349.6 54 12
65283.4 54 85
65340.2 55 6
65346.0 55 91
65449.6 56 8
65432.2 56 89
65493.6 59 32
65495.4 59 65
65424.4 65 32
65422.6 65 65
65284.8 67 43
65327.8 67 54
63512.4 68 0
65277.0 70 32
65353.8 70 65
65297.2 73 14
65337.8 73 83
65440.6 74 20
65423.0 74 77
65214.0 76 20
65385.6 76 77
65465.2 80 10
65494.6 80 87
65227.2 83 23
65357.2 83 74
65314.8 84 37
65354.2 84 60
65525.6 85 26
65366.8 85 71
65299.0 86 28
65354.4 86 69
65586.4 87 27
65568.4 87 70
65281.2 88 41
65147.4 88 56
65425.2 91 39
65528.8 91 58
65435.6 92 16
65477.8 92 81
65358.2 95 31
65479.2 95 66
63492.4 96 0
