X cord  |  Y cord  |  time[ms]
0 596 5.2
0 4407 15.8
3 6 3.4
3 4997 16.2
4 2023 3.8
4 2980 6.6
5 1978 8.4
5 3025 11.6
7 1737 4.6
7 3266 4.2
8 340 2.8
8 4663 12.4
9 2194 8.4
9 2809 4.8
11 1320 4.8
11 3683 11.2
12 303 5.4
12 4700 8.2
13 1307 14.8
13 3696 8.2
15 1168 7.6
15 3835 15.0
17 1221 10.0
17 3782 15.4
18 1650 10.0
18 3353 15.0
22 1596 14.8
22 3407 5.2
23 165 3.0
23 4838 12.2
24 2295 4.6
24 2708 1.2
25 2128 9.4
25 2875 7.8
27 2150 20.0
27 2853 8.4
29 2411 7.6
29 2592 11.2
31 1308 4.6
31 3695 5.8
33 601 6.6
33 4402 20.2
34 1084 8.2
34 3919 14.0
35 631 5.0
35 4372 15.2
37 189 5.8
37 4814 15.4
38 2230 15.4
38 2773 6.2
39 441 2.4
39 4562 20.0
41 2098 15.2
41 2905 5.2
42 1259 5.2
42 3744 4.8
46 357 7.6
46 4646 11.2
47 1022 2.8
47 3981 17.6
48 25 5.0
48 4978 15.4
50 2039 10.0
50 2964 5.4
52 1659 6.0
52 3344 15.4
53 2074 12.0
53 2929 4.0
56 553 6.8
56 4450 8.0
58 2292 7.6
58 2711 5.0
59 201 1.6
59 4802 7.4
63 1915 11.8
63 3088 15.4
64 2357 10.0
64 2646 11.8
69 2391 2.2
69 2612 8.4
70 546 1.6
70 4457 12.6
71 1405 5.2
71 3598 5.6
73 1093 5.6
73 3910 15.4
77 2127 10.0
77 2876 15.2
78 2123 15.2
78 2880 8.0
81 2083 7.8
81 2920 7.6
83 986 4.2
83 4017 15.6
84 328 4.2
84 4675 11.6
85 1709 5.6
85 3294 8.4
86 2017 4.0
86 2986 5.6
89 1411 10.6
89 3592 7.8
90 982 1.6
90 4021 9.8
95 1521 5.6
95 3482 15.4
96 1000 5.4
96 4003 7.2
98 1954 9.6
98 3049 16.2
99 2230 5.6
99 2773 5.6
100 2003 6.2
100 3000 6.4
103 1880 7.8
103 3123 11.4
104 1000 9.8
104 4003 11.0
106 425 2.2
106 4578 11.2
107 886 2.8
107 4117 12.2
108 338 1.8
108 4665 12.2
109 2188 8.4
109 2815 5.4
112 1594 10.0
112 3409 13.0
115 14 5.2
115 4989 11.2
116 101 5.2
116 4902 20.0
118 312 2.8
118 4691 16.6
120 2094 11.6
120 2909 9.4
123 0 1.6
124 530 1.4
124 4473 12.2
125 2094 8.6
125 2909 11.8
126 995 5.6
126 4008 20.0
127 1004 5.0
127 3999 15.0
128 653 10.4
128 4350 11.4
129 236 12.0
129 4767 15.4
131 1981 2.6
131 3022 7.8
134 1075 4.0
134 3928 11.0
135 2320 10.6
135 2683 11.8
136 65 3.0
136 4938 12.8
137 2164 9.0
137 2839 5.0
139 2334 2.2
139 2669 7.4
140 2298 5.6
140 2705 8.4
144 273 2.4
144 4730 11.0
148 831 10.6
148 4172 10.8
149 1641 5.8
149 3362 17.8
150 451 6.0
150 4552 11.6
152 3 2.4
152 5000 8.0
154 917 7.0
154 4086 20.0
157 2461 10.0
157 2542 7.4
158 1876 15.0
158 3127 15.6
160 2295 10.0
160 2708 13.0
162 663 10.6
162 4340 20.0
163 59 2.2
163 4944 16.0
166 792 7.0
166 4211 14.6
167 1482 5.6
167 3521 11.6
168 263 5.4
168 4740 11.2
169 2412 3.0
169 2591 11.4
173 693 8.6
173 4310 18.4
176 724 1.6
176 4279 9.0
178 438 5.8
178 4565 10.6
181 1853 2.4
181 3150 8.6
183 72 2.6
183 4931 10.8
184 1865 10.0
184 3138 7.8
185 643 4.6
185 4360 6.0
187 609 8.6
187 4394 11.4
188 1869 7.4
188 3134 10.0
189 2000 2.0
189 3003 8.2
190 2317 7.6
190 2686 5.6
191 2413 2.4
191 2590 6.6
192 2137 8.4
192 2866 12.0
195 1514 4.6
195 3489 7.0
196 2346 19.8
196 2657 10.6
197 1977 1.2
197 3026 3.4
198 385 5.8
198 4618 15.6
202 167 4.2
202 4836 8.0
205 1413 6.4
205 3590 16.0
207 2281 5.4
207 2722 5.2
209 1648 4.8
209 3355 11.4
211 818 8.4
211 4185 7.0
212 1405 3.4
212 3598 11.4
215 1454 5.4
215 3549 10.0
217 2264 7.8
217 2739 20.0
219 2000 2.8
219 3003 6.4
227 637 10.4
227 4366 16.0
229 1841 7.8
229 3162 15.6
230 464 3.0
230 4539 16.8
231 2250 8.2
231 2753 1.2
232 831 4.2
232 4172 15.8
233 85 8.2
233 4918 10.8
234 1656 15.0
234 3347 11.4
236 1905 6.8
236 3098 11.6
237 1642 2.2
237 3361 11.8
238 1505 5.0
238 3498 5.2
239 1070 4.0
239 3933 8.0
240 756 10.4
240 4247 11.6
241 1843 9.6
241 3160 10.0
242 282 3.8
242 4721 7.8
243 1489 9.0
243 3514 20.2
244 1206 4.4
244 3797 16.0
245 2394 15.4
245 2609 10.4
249 2349 8.0
249 2654 11.4
252 533 3.6
252 4470 7.8
253 2023 12.8
253 2980 11.8
256 1856 11.8
256 3147 10.0
257 1983 7.6
257 3020 7.2
258 1510 9.2
258 3493 15.4
262 768 4.0
262 4235 16.0
265 1373 7.2
265 3630 5.2
266 1357 5.2
266 3646 8.4
267 1975 2.2
267 3028 5.0
268 336 4.2
268 4667 15.6
269 489 2.6
269 4514 15.6
270 2169 8.0
270 2834 15.8
275 2103 7.8
275 2900 8.2
276 929 2.6
276 4074 11.2
277 1534 2.4
277 3469 14.6
279 840 6.0
279 4163 20.2
285 1429 15.0
285 3574 10.0
287 2089 5.4
287 2914 10.2
288 897 5.8
288 4106 20.2
289 1102 3.0
289 3901 6.2
290 1890 10.2
290 3113 9.0
291 321 6.2
291 4682 11.6
292 1378 11.6
292 3625 7.8
293 1687 1.0
293 3316 5.6
294 112 2.8
294 4891 11.4
296 946 12.8
296 4057 11.2
302 2132 5.6
302 2871 6.6
304 607 6.6
304 4396 16.0
305 35 5.0
305 4968 20.0
308 1361 10.0
308 3642 2.2
311 802 4.6
311 4201 11.4
312 2166 2.6
312 2837 15.8
314 1361 7.2
314 3642 8.4
316 683 5.8
316 4320 15.8
317 2032 10.0
317 2971 8.8
322 1704 8.0
322 3299 5.2
324 1115 5.6
324 3888 7.0
326 785 6.4
326 4218 15.6
327 74 2.8
327 4929 8.2
329 1674 11.8
329 3329 5.2
334 2243 5.0
334 2760 11.2
336 601 5.8
336 4402 9.2
337 246 6.8
337 4757 10.8
338 2184 7.8
338 2819 8.0
342 956 8.0
342 4047 11.4
347 240 2.4
347 4763 5.6
348 418 4.4
348 4585 11.6
355 1172 12.2
355 3831 11.4
356 1506 5.2
356 3497 13.0
357 2421 4.6
357 2582 10.4
358 1154 10.6
358 3849 15.2
359 1372 5.4
359 3631 19.6
360 982 9.0
360 4021 15.0
361 153 2.6
361 4850 7.2
362 1613 10.8
362 3390 10.4
363 1728 5.4
363 3275 9.6
365 2452 4.0
365 2551 10.2
367 950 10.6
367 4053 9.6
372 790 8.2
372 4213 17.4
375 1722 8.0
375 3281 12.0
376 1372 8.0
376 3631 18.0
378 1879 8.4
378 3124 2.4
379 2459 4.0
379 2544 15.8
380 2157 8.0
380 2846 7.2
383 63 6.8
383 4940 11.2
384 778 4.4
384 4225 21.0
385 1755 16.0
385 3248 11.0
387 1401 5.6
387 3602 11.8
389 2387 15.2
389 2616 20.2
390 1263 5.6
390 3740 14.2
391 1165 9.4
391 3838 15.4
393 1454 5.2
393 3549 11.2
394 2425 9.4
394 2578 15.2
395 2057 4.0
395 2946 3.4
396 1822 7.4
396 3181 10.2
397 290 6.2
397 4713 11.4
399 1965 7.0
399 3038 11.4
400 786 7.4
400 4217 15.8
402 661 11.0
402 4342 15.8
403 1222 6.8
403 3781 13.4
404 1156 5.8
404 3847 8.2
407 561 7.4
407 4442 15.8
408 1459 2.6
408 3544 10.0
410 2078 14.8
410 2925 14.0
412 551 1.4
412 4452 9.8
414 2134 20.4
414 2869 8.2
416 1855 8.6
416 3148 11.6
418 1506 2.4
418 3497 11.2
423 568 5.6
423 4435 11.2
424 464 1.6
424 4539 4.2
427 209 6.2
427 4794 7.0
430 892 9.8
430 4111 8.0
431 1293 5.4
431 3710 12.0
432 1409 5.6
432 3594 12.6
436 1041 5.4
436 3962 12.8
437 784 2.2
437 4219 5.0
438 1389 4.8
438 3614 16.0
439 1993 2.8
439 3010 212.8
442 1025 3.6
442 3978 9.2
444 2048 5.2
444 2955 8.8
448 2396 11.6
448 2607 5.0
450 2360 5.4
450 2643 1.6
453 1487 3.8
453 3516 5.6
454 968 6.0
454 4035 1.4
455 2434 9.6
455 2569 7.2
456 1189 4.8
456 3814 15.4
457 2010 8.0
457 2993 8.6
458 1941 5.4
458 3062 10.8
460 2416 7.8
460 2587 20.6
466 941 3.6
466 4062 8.8
467 1682 1.4
467 3321 6.4
468 757 8.6
468 4246 12.0
470 687 4.6
470 4316 16.6
474 1034 7.0
474 3969 21.0
475 1883 11.0
475 3120 5.8
476 191 3.6
476 4812 8.4
481 1836 7.2
481 3167 9.0
482 1300 2.4
482 3703 16.2
485 1746 8.4
485 3257 20.8
486 271 2.6
486 4732 16.4
490 2411 5.4
490 2592 4.2
491 645 4.2
491 4358 21.0
495 1073 4.6
495 3930 11.4
496 726 2.8
496 4277 19.6
497 785 6.0
497 4218 10.8
498 619 5.2
498 4384 16.4
499 2354 9.0
499 2649 11.6
500 960 4.4
500 4043 20.6
502 1335 3.0
502 3668 16.2
504 1095 11.0
504 3908 11.8
505 1165 3.4
505 3838 11.0
506 770 2.6
506 4233 6.0
507 2480 14.4
507 2523 5.6
510 1115 8.2
510 3888 11.8
513 1653 2.6
513 3350 9.4
516 286 2.6
516 4717 11.6
517 1301 4.4
517 3702 17.6
518 886 6.0
518 4117 9.0
519 936 5.8
519 4067 12.6
520 2150 11.4
520 2853 5.8
521 1305 2.6
521 3698 12.2
524 51 5.0
524 4952 12.0
525 2356 10.8
525 2647 10.8
527 1101 9.2
527 3902 15.8
531 2106 5.2
531 2897 9.4
532 1642 7.6
532 3361 8.0
533 869 3.8
533 4134 11.8
536 120 8.0
536 4883 11.4
537 357 6.2
537 4646 9.4
539 488 6.0
539 4515 14.8
542 189 2.8
542 4814 11.0
544 964 1.6
544 4039 7.2
545 1729 5.2
545 3274 11.8
549 1399 15.6
549 3604 8.6
552 841 2.8
552 4162 12.6
554 1532 5.6
554 3471 12.4
556 953 5.8
556 4050 21.0
560 1021 5.6
560 3982 12.0
563 1284 3.6
563 3719 9.0
564 2143 1.6
564 2860 10.8
566 1485 11.0
566 3518 11.0
567 1885 6.6
567 3118 16.4
568 687 16.0
568 4316 11.2
570 2323 5.8
570 2680 16.0
574 893 2.6
574 4110 11.8
576 2260 20.8
576 2743 8.2
579 1622 11.6
579 3381 7.2
581 1392 12.4
581 3611 10.6
582 188 8.2
582 4815 8.8
583 1356 6.0
583 3647 8.6
587 507 2.6
587 4496 8.8
588 1534 5.6
588 3469 7.0
589 11 2.2
589 4992 16.4
593 674 5.6
593 4329 12.4
596 662 4.6
596 4341 7.6
600 41 5.6
600 4962 20.4
603 31 5.0
603 4972 16.2
604 1592 5.6
604 3411 9.4
605 2242 9.2
605 2761 11.6
607 1406 3.2
607 3597 8.0
608 335 4.2
608 4668 21.0
610 1644 4.4
610 3359 19.0
613 244 2.6
613 4759 20.8
614 868 2.6
614 4135 7.2
617 732 9.2
617 4271 16.0
621 1968 11.0
621 3035 6.0
622 2369 5.8
622 2634 5.0
625 2090 2.8
625 2913 10.0
626 1012 5.6
626 3991 6.8
635 2033 9.0
635 2970 9.2
636 248 7.2
636 4755 16.4
637 2148 2.4
637 2855 8.6
640 152 4.6
640 4851 16.0
642 1808 10.6
642 3195 16.0
643 2386 8.8
643 2617 14.6
645 432 6.0
645 4571 11.8
646 645 4.2
646 4358 16.0
647 703 4.6
647 4300 15.6
648 1842 4.4
648 3161 16.2
649 942 5.6
649 4061 15.6
650 1720 3.8
650 3283 11.2
651 2028 16.0
651 2975 5.2
654 2305 7.2
654 2698 15.8
655 452 5.0
655 4551 15.4
658 1467 11.6
658 3536 10.0
659 1121 5.6
659 3882 7.6
660 872 5.6
660 4131 20.8
661 1060 5.2
661 3943 7.2
664 2279 9.4
664 2724 8.4
669 2347 8.4
669 2656 8.4
672 1400 8.2
672 3603 12.6
675 1929 16.0
675 3074 20.0
676 1830 5.6
676 3173 5.2
678 843 4.2
678 4160 7.2
679 22 6.6
679 4981 16.4
683 48 2.8
683 4955 7.8
684 662 1.6
684 4341 8.4
685 113 8.2
685 4890 11.8
686 2428 12.6
686 2575 8.2
687 1275 8.4
687 3728 21.0
690 153 3.0
690 4850 7.8
691 313 8.2
691 4690 11.4
693 1233 5.6
693 3770 11.0
694 1203 5.4
694 3800 10.2
695 1939 11.8
695 3064 11.8
697 1759 5.0
697 3244 8.6
698 1422 5.0
698 3581 7.2
703 2245 3.2
703 2758 7.0
704 584 3.6
704 4419 12.8
708 582 4.4
708 4421 16.6
709 314 8.4
709 4689 16.2
710 1286 16.0
710 3717 8.4
714 702 4.4
714 4301 16.0
716 1732 14.8
716 3271 21.0
717 85 2.6
717 4918 12.8
718 1509 5.6
718 3494 5.8
722 2462 12.2
722 2541 15.8
723 590 7.0
723 4413 16.0
729 1969 12.8
729 3034 4.8
730 235 1.6
730 4768 13.0
735 298 3.0
735 4705 12.8
737 1845 4.6
737 3158 11.2
738 2421 8.4
738 2582 11.8
739 288 6.0
739 4715 13.6
742 2212 6.8
742 2791 11.0
744 18 6.0
744 4985 11.2
746 681 4.0
746 4322 16.2
748 1229 6.6
748 3774 11.4
750 242 2.6
750 4761 20.8
753 924 16.0
753 4079 11.0
755 522 11.0
755 4481 11.8
756 821 9.8
756 4182 8.8
757 67 5.0
757 4936 11.2
758 122 1.6
758 4881 17.8
760 2062 9.0
760 2941 9.0
764 230 2.6
764 4773 9.0
767 670 4.4
767 4333 8.6
771 530 2.8
771 4473 12.8
772 957 5.6
772 4046 13.8
777 2355 7.2
777 2648 10.0
779 2299 6.0
779 2704 10.0
780 2117 3.2
780 2886 13.8
781 633 3.0
781 4370 6.6
782 1057 7.6
782 3946 8.2
785 1122 1.6
785 3881 6.6
786 2419 7.6
786 2584 20.4
788 377 5.2
788 4626 8.6
791 136 3.8
791 4867 21.0
792 1819 8.6
792 3184 8.4
794 2005 11.0
794 2998 15.8
796 2374 6.0
796 2629 14.4
801 382 3.6
801 4621 11.4
802 130 5.2
802 4873 9.0
803 2373 8.2
803 2630 8.0
806 222 4.6
806 4781 21.0
808 524 2.6
808 4479 7.2
809 222 7.4
809 4781 16.0
810 812 8.2
810 4191 17.2
812 54 5.0
812 4949 11.2
816 863 7.6
816 4140 11.4
817 1818 3.2
817 3185 6.6
818 497 4.0
818 4506 11.2
819 1472 3.0
819 3531 8.4
820 95 2.8
820 4908 8.2
822 1293 16.0
822 3710 8.2
824 598 2.6
824 4405 16.4
827 1819 6.0
827 3184 10.8
832 277 6.0
832 4726 11.6
833 1015 8.6
833 3988 16.0
834 1328 11.0
834 3675 16.0
835 1448 3.0
835 3555 13.0
837 901 8.2
837 4102 16.0
839 1433 11.0
839 3570 16.6
843 1731 12.6
843 3272 16.0
844 2234 12.8
844 2769 11.8
845 32 4.8
845 4971 11.6
848 106 3.8
848 4897 16.2
849 1160 6.0
849 3843 11.2
850 116 5.6
850 4887 12.0
851 1276 10.2
851 3727 11.0
852 486 4.0
852 4517 7.2
854 1027 12.8
854 3976 17.0
856 2264 8.2
856 2739 4.0
857 1076 7.2
857 3927 8.6
858 41 1.2
858 4962 7.8
861 37 2.8
861 4966 12.8
864 1685 12.2
864 3318 16.0
866 1712 2.6
866 3291 12.6
868 1635 2.6
868 3368 16.4
869 1053 6.0
869 3950 5.6
871 1632 5.8
871 3371 5.4
874 514 6.2
874 4489 8.6
878 84 1.6
878 4919 12.6
879 1537 8.4
879 3466 12.0
880 548 8.6
880 4455 11.8
881 1325 9.2
881 3678 9.0
882 479 6.0
882 4524 21.0
883 2222 15.0
883 2781 16.0
884 458 2.4
884 4545 16.0
885 592 7.2
885 4411 16.0
886 285 2.6
886 4718 16.4
887 1004 11.0
887 3999 217.2
890 677 2.6
890 4326 15.6
891 2002 11.4
891 3001 9.4
893 349 3.6
893 4654 11.2
895 1100 4.6
895 3903 7.2
896 473 6.8
896 4530 16.4
901 1558 12.4
901 3445 8.2
902 1531 6.0
902 3472 16.0
904 1076 2.6
904 3927 12.6
906 1807 16.0
906 3196 11.0
909 1798 3.0
909 3205 11.4
911 991 2.6
911 4012 8.4
912 2374 9.0
912 2629 12.2
913 908 10.6
913 4095 21.0
914 1154 8.2
914 3849 7.2
915 764 5.2
915 4239 11.6
918 2262 8.2
918 2741 16.4
919 1640 9.8
919 3363 8.2
920 508 1.4
920 4495 8.0
922 139 2.6
922 4864 11.6
924 2058 16.0
924 2945 11.0
927 1749 11.0
927 3254 9.0
928 657 11.6
928 4346 11.2
931 808 4.4
931 4195 11.4
934 2451 6.0
934 2552 7.4
935 1539 11.0
935 3464 6.0
936 257 3.8
936 4746 16.2
937 340 5.0
937 4663 8.0
939 1638 5.6
939 3365 7.8
940 1643 5.6
940 3360 2.8
942 112 2.6
942 4891 11.4
943 1436 2.4
943 3567 5.2
944 1366 6.2
944 3637 14.8
947 1791 11.2
947 3212 8.2
948 132 4.4
948 4871 20.8
949 1718 8.6
949 3285 8.8
952 2121 11.6
952 2882 17.0
953 1318 14.4
953 3685 8.2
958 1387 5.8
958 3616 7.4
961 1570 6.8
961 3433 8.6
965 1217 6.8
965 3786 7.6
967 909 8.4
967 4094 11.2
968 1797 3.6
968 3206 5.0
969 1731 203.4
969 3272 7.2
970 1930 8.4
970 3073 12.2
971 1246 8.6
971 3757 10.6
975 895 10.8
975 4108 21.0
977 1014 5.8
977 3989 5.2
983 1439 6.4
983 3564 12.2
984 1196 11.0
984 3807 21.0
985 2436 5.4
985 2567 12.4
987 1941 11.0
987 3062 10.2
988 1051 2.6
988 3952 12.0
989 306 9.6
989 4697 16.4
991 1504 5.6
991 3499 5.6
995 285 4.0
995 4718 7.2
997 1116 5.2
997 3887 6.0
998 1345 3.8
998 3658 5.8
999 907 10.6
999 4096 12.0
1001 1206 1.4
1001 3797 7.8
1002 214 2.6
1002 4789 21.0
1006 1911 8.0
1006 3092 5.6
1009 2097 7.4
1009 2906 6.0
1011 471 5.4
1011 4532 20.8
1012 323 1.6
1012 4680 10.0
1013 627 2.6
1013 4376 15.2
1016 1898 209.4
1016 3105 21.0
1017 744 5.6
1017 4259 9.2
1019 786 6.2
1019 4217 8.8
1020 2452 8.8
1020 2551 8.4
1021 33 6.0
1021 4970 11.4
1023 463 4.6
1023 4540 21.0
1027 185 4.4
1027 4818 16.0
1031 2199 8.2
1031 2804 3.6
1032 1691 7.6
1032 3312 11.0
1033 95 4.4
1033 4908 20.8
1034 248 2.8
1034 4755 14.4
1035 2239 5.0
1035 2764 6.4
1039 829 11.2
1039 4174 9.0
1041 1471 4.0
1041 3532 12.0
1044 1024 4.4
1044 3979 11.6
1048 714 9.8
1048 4289 21.0
1049 788 2.8
1049 4215 7.6
1050 1779 6.8
1050 3224 16.4
1054 2084 6.0
1054 2919 13.4
1055 441 7.2
1055 4562 20.8
1056 2003 9.2
1056 3000 8.6
1058 1164 2.6
1058 3839 10.4
1061 1607 4.6
1061 3396 6.6
1062 65 4.4
1062 4938 16.0
1063 703 5.8
1063 4300 16.0
1064 1281 11.0
1064 3722 11.4
1066 2500 15.6
1066 2503 4.4
1067 1698 6.0
1067 3305 10.8
1070 2405 413.0
1070 2598 11.6
1072 1796 9.6
1072 3207 5.8
1073 2325 12.4
1073 2678 11.8
1074 328 2.8
1074 4675 7.0
1075 1245 5.6
1075 3758 5.6
1076 2357 6.6
1076 2646 4.6
1077 2483 5.0
1077 2520 7.2
1079 778 12.8
1079 4225 10.4
1081 1259 6.0
1081 3744 10.8
1082 2290 21.0
1082 2713 7.8
1084 1654 3.4
1084 3349 7.2
1086 537 4.4
1086 4466 11.8
1087 2275 5.4
1087 2728 7.2
1088 523 5.8
1088 4480 20.8
1090 291 3.6
1090 4712 13.8
1091 8 2.4
1091 4995 17.6
1092 1452 2.6
1092 3551 11.6
1094 1211 5.4
1094 3792 10.8
1095 1526 5.8
1095 3477 9.0
1096 22 4.0
1096 4981 11.6
1097 1561 8.2
1097 3442 8.8
1100 1255 11.2
1100 3748 5.0
1102 619 5.6
1102 4384 21.0
1103 1876 12.4
1103 3127 9.2
1104 135 4.0
1104 4868 7.0
1106 1281 10.2
1106 3722 5.6
1107 2434 10.2
1107 2569 11.0
1109 433 8.0
1109 4570 7.0
1111 407 5.2
1111 4596 7.0
1112 1227 7.4
1112 3776 13.0
1114 391 4.6
1114 4612 8.6
1115 792 6.6
1115 4211 13.6
1117 837 4.6
1117 4166 13.4
1118 2222 11.6
1118 2781 21.0
1120 2015 4.6
1120 2988 16.0
1122 1617 8.0
1122 3386 11.0
1125 2483 7.8
1125 2520 7.6
1126 172 5.6
1126 4831 11.2
1131 382 3.0
1131 4621 11.6
1133 1020 6.6
1133 3983 8.2
1134 2154 5.0
1134 2849 11.4
1135 1686 11.0
1135 3317 7.8
1136 1363 5.2
1136 3640 8.2
1137 1525 6.2
1137 3478 11.4
1138 2336 8.4
1138 2667 16.0
1139 2281 11.0
1139 2722 12.2
1140 2420 6.0
1140 2583 3.6
1142 1530 7.8
1142 3473 21.0
1143 913 2.4
1143 4090 12.6
1148 724 2.6
1148 4279 8.4
1149 1120 1.2
1149 3883 8.0
1150 18 4.0
1150 4985 11.2
1151 1984 5.6
1151 3019 11.2
1153 1849 8.2
1153 3154 11.0
1158 150 4.2
1158 4853 11.8
1159 2162 7.6
1159 2841 8.4
1161 1835 11.0
1161 3168 11.0
1162 2039 11.0
1162 2964 10.8
1163 370 1.6
1163 4633 8.0
1164 2096 4.6
1164 2907 8.0
1166 919 8.4
1166 4084 11.2
1168 2078 5.4
1168 2925 8.6
1169 972 8.0
1169 4031 16.4
1170 941 2.8
1170 4062 8.4
1171 2132 5.4
1171 2871 8.6
1172 2119 10.2
1172 2884 14.8
1173 323 2.8
1173 4680 12.6
1174 2263 8.4
1174 2740 2.8
1175 908 3.6
1175 4095 16.0
1178 170 4.2
1178 4833 21.0
1182 1097 6.0
1182 3906 18.6
1183 1795 7.8
1183 3208 5.6
1190 920 6.6
1190 4083 7.8
1195 1300 2.2
1195 3703 14.2
1196 2051 4.8
1196 2952 7.0
1197 2077 5.6
1197 2926 10.4
1198 28 5.0
1198 4975 21.0
1199 2423 16.0
1199 2580 8.4
1200 1582 3.0
1200 3421 6.2
1203 1798 1.6
1203 3205 5.8
1204 839 13.4
1204 4164 11.0
1206 2044 5.4
1206 2959 9.6
1207 1049 4.4
1207 3954 5.6
1209 9 4.6
1209 4994 12.0
1210 729 6.6
1210 4274 11.8
1211 1005 5.4
1211 3998 9.0
1213 1286 10.6
1213 3717 8.6
1215 2383 8.6
1215 2620 11.0
1216 158 5.4
1216 4845 11.8
1220 1301 7.4
1220 3702 5.4
1221 1216 6.0
1221 3787 11.0
1227 1738 5.8
1227 3265 6.4
1228 2095 7.0
1228 2908 3.2
1232 1527 5.0
1232 3476 6.4
1233 1878 8.6
1233 3125 16.0
1234 383 4.0
1234 4620 7.0
1236 2254 7.2
1236 2749 10.0
1237 1918 5.0
1237 3085 2.8
1239 109 4.2
1239 4894 11.2
1242 1053 5.2
1242 3950 16.0
1245 107 5.8
1245 4896 16.2
1246 1804 10.8
1246 3199 3.0
1249 917 3.0
1249 4086 11.2
1251 1878 8.2
1251 3125 8.8
1259 1157 4.6
1259 3846 10.0
1262 2151 6.4
1262 2852 9.4
1264 1384 10.2
1264 3619 11.2
1269 1854 4.2
1269 3149 8.4
1270 1841 11.0
1270 3162 3.0
1272 809 3.8
1272 4194 16.0
1274 593 2.8
1274 4410 16.0
1277 1512 8.2
1277 3491 7.0
1281 404 5.2
1281 4599 8.2
1283 1634 6.4
1283 3369 16.4
1286 509 10.6
1286 4494 16.2
1287 215 3.6
1287 4788 11.8
1289 2389 16.2
1289 2614 15.6
1291 1892 8.0
1291 3111 12.2
1293 1707 2.8
1293 3296 8.0
1294 582 2.6
1294 4421 8.2
1295 2355 5.8
1295 2648 8.4
1296 985 5.2
1296 4018 8.4
1300 235 2.8
1300 4768 13.0
1302 1107 8.2
1302 3896 16.4
1303 1524 5.6
1303 3479 12.6
1305 1343 4.2
1305 3660 11.4
1307 1344 2.8
1307 3659 12.6
1308 1936 5.8
1308 3067 5.2
1309 784 6.4
1309 4219 8.0
1310 24 5.0
1310 4979 16.0
1311 1937 4.2
1311 3066 11.6
1313 147 5.2
1313 4856 8.6
1318 338 5.4
1318 4665 12.6
1320 1733 3.0
1320 3270 7.8
1321 900 5.4
1321 4103 7.0
1322 2229 5.2
1322 2774 18.0
1324 2402 8.0
1324 2601 8.4
1325 1686 4.4
1325 3317 9.0
1328 336 11.8
1328 4667 11.2
1330 509 3.8
1330 4494 11.2
1335 2492 14.8
1335 2511 3.2
1339 2367 11.2
1339 2636 10.0
1341 1698 4.6
1341 3305 8.0
1343 909 12.2
1343 4094 11.8
1344 1892 16.4
1344 3111 8.2
1346 752 1.6
1346 4251 5.8
1349 482 5.6
1349 4521 16.4
1351 2007 5.4
1351 2996 11.0
1353 2177 12.8
1353 2826 10.6
1354 1255 4.6
1354 3748 12.4
1355 1160 11.0
1355 3843 15.8
1356 670 4.0
1356 4333 16.0
1360 1919 5.4
1360 3084 8.6
1366 1613 5.8
1366 3390 8.2
1368 553 2.4
1368 4450 7.2
1370 1916 8.4
1370 3087 12.4
1371 17 5.0
1371 4986 11.0
1372 510 6.0
1372 4493 10.6
1373 1620 5.0
1373 3383 11.6
1377 1579 2.8
1377 3424 6.4
1379 2190 5.4
1379 2813 9.0
1380 504 3.8
1380 4499 16.0
1383 816 11.0
1383 4187 21.0
1386 1756 12.6
1386 3247 5.8
1389 899 11.2
1389 4104 11.2
1391 220 2.6
1391 4783 16.2
1393 598 5.8
1393 4405 14.2
1394 1402 14.2
1394 3601 16.2
1395 1147 6.0
1395 3856 15.6
1396 306 8.2
1396 4697 11.0
1398 1838 2.8
1398 3165 6.0
1400 1222 7.4
1400 3781 10.6
1401 1212 10.4
1401 3791 4.8
1402 2312 3.6
1402 2691 5.2
1403 68 2.4
1403 4935 7.2
1404 425 5.4
1404 4578 17.8
1406 1649 2.6
1406 3354 8.6
1407 1166 8.6
1407 3837 20.8
1412 1641 5.6
1412 3362 11.2
1418 2116 8.0
1418 2887 16.0
1419 730 7.8
1419 4273 16.0
1420 2389 3.0
1420 2614 4.4
1421 1468 7.6
1421 3535 10.4
1423 63 5.2
1423 4940 21.0
1424 1364 15.8
1424 3639 12.6
1428 2256 11.8
1428 2747 21.0
1429 648 4.4
1429 4355 11.8
1430 1299 5.0
1430 3704 16.4
1432 1545 11.0
1432 3458 11.2
1433 2167 1.6
1433 2836 8.0
1436 110 2.6
1436 4893 11.4
1437 2144 1.6
1437 2859 4.8
1440 2193 5.8
1440 2810 12.6
1441 885 8.2
1441 4118 12.6
1444 1628 5.0
1444 3375 3.4
1445 600 5.0
1445 4403 16.0
1447 2234 3.4
1447 2769 10.6
1451 590 3.0
1451 4413 6.6
1453 2195 6.8
1453 2808 5.8
1455 2299 6.4
1455 2704 8.4
1456 504 4.0
1456 4499 6.0
1459 2237 5.8
1459 2766 11.2
1463 1894 8.2
1463 3109 5.6
1465 907 6.0
1465 4096 11.0
1466 2193 7.4
1466 2810 7.6
1468 1462 5.4
1468 3541 9.4
1473 1739 7.2
1473 3264 4.2
1474 1464 6.8
1474 3539 16.0
1478 538 5.8
1478 4465 11.2
1481 2373 4.0
1481 2630 16.6
1485 551 5.4
1485 4452 7.6
1486 2386 12.6
1486 2617 11.2
1489 1424 6.0
1489 3579 5.2
1490 1002 2.8
1490 4001 20.6
1492 1984 5.6
1492 3019 20.8
1493 260 2.6
1493 4743 7.4
1495 1849 8.6
1495 3154 5.0
1496 1626 8.6
1496 3377 3.6
1501 424 5.0
1501 4579 16.0
1503 2465 8.8
1503 2538 8.6
1506 217 1.6
1506 4786 8.0
1510 1458 7.0
1510 3545 10.8
1511 711 7.8
1511 4292 7.0
1512 1482 5.0
1512 3521 7.8
1514 1303 10.4
1514 3700 11.2
1515 710 8.4
1515 4293 13.6
1516 962 8.0
1516 4041 21.0
1517 1310 5.4
1517 3693 6.8
1520 1950 11.2
1520 3053 12.6
1522 1412 4.6
1522 3591 3.2
1523 49 1.2
1523 4954 16.4
1527 1719 5.2
1527 3284 15.4
1529 839 7.2
1529 4164 11.8
1533 2350 12.2
1533 2653 5.2
1538 2123 11.4
1538 2880 7.8
1542 1246 8.2
1542 3757 15.0
1546 1756 5.6
1546 3247 7.0
1547 2396 8.6
1547 2607 16.0
1551 1592 8.2
1551 3411 11.0
1553 1011 2.4
1553 3992 7.2
1556 2480 12.4
1556 2523 7.0
1560 2298 11.0
1560 2705 11.2
1564 2392 11.4
1564 2611 12.2
1565 963 8.0
1565 4040 12.4
1568 170 2.6
1568 4833 11.0
1569 6 3.8
1569 4997 11.8
1575 1049 8.4
1575 3954 10.0
1578 1353 2.6
1578 3650 3.0
1581 608 6.0
1581 4395 16.2
1584 2293 2.4
1584 2710 3.4
1585 1274 5.2
1585 3729 206.0
1586 243 11.4
1586 4760 11.6
1587 1902 16.6
1587 3101 11.6
1589 942 7.2
1589 4061 4.8
1590 763 6.4
1590 4240 12.6
1591 2077 8.4
1591 2926 8.6
1593 243 4.0
1593 4760 8.4
1594 1226 8.4
1594 3777 16.0
1596 879 8.0
1596 4124 21.0
1598 2229 16.2
1598 2774 5.8
1599 1101 6.6
1599 3902 19.0
1600 1385 2.8
1600 3618 12.4
1601 1476 5.0
1601 3527 8.0
1604 246 2.8
1604 4757 8.4
1605 435 8.4
1605 4568 21.0
1606 384 5.4
1606 4619 11.8
1607 592 9.8
1607 4411 20.6
1608 865 5.6
1608 4138 21.0
1610 303 3.8
1610 4700 16.2
1612 2271 4.4
1612 2732 4.6
1614 284 7.6
1614 4719 17.0
1616 275 2.8
1616 4728 212.4
1618 1594 4.0
1618 3409 5.6
1619 2457 8.6
1619 2546 7.6
1620 2140 10.0
1620 2863 5.4
1624 379 2.6
1624 4624 7.0
1626 2036 6.0
1626 2967 6.4
1627 1771 12.2
1627 3232 15.8
1628 1869 9.8
1628 3134 14.0
1629 896 3.6
1629 4107 11.8
1630 220 5.4
1630 4783 8.0
1631 452 2.8
1631 4551 8.4
1632 2097 6.8
1632 2906 5.2
1633 837 5.6
1633 4166 9.0
1634 2028 7.4
1634 2975 11.6
1635 1569 5.2
1635 3434 11.2
1641 1524 4.8
1641 3479 9.0
1643 833 3.8
1643 4170 11.0
1648 1070 3.0
1648 3933 16.0
1649 1845 15.8
1649 3158 11.4
1650 412 3.4
1650 4591 5.2
1651 691 6.2
1651 4312 14.6
1653 2474 9.0
1653 2529 18.8
1655 1958 4.0
1655 3045 1.6
1658 51 4.8
1658 4952 11.6
1660 1299 6.6
1660 3704 20.4
1661 727 5.0
1661 4276 11.8
1662 1025 7.0
1662 3978 11.2
1663 1374 9.0
1663 3629 3.2
1664 1600 14.2
1664 3403 11.6
1665 566 6.0
1665 4437 13.8
1666 545 5.0
1666 4458 15.6
1668 1774 1.4
1668 3229 5.8
1669 1268 10.0
1669 3735 11.2
1670 842 6.0
1670 4161 8.8
1671 1588 7.6
1671 3415 7.8
1674 1008 4.2
1674 3995 10.2
1675 2042 7.4
1675 2961 16.0
1677 1295 5.0
1677 3708 16.0
1682 2378 8.6
1682 2625 8.2
1683 423 5.0
1683 4580 16.0
1687 484 5.0
1687 4519 11.8
1688 249 7.2
1688 4754 9.0
1690 2243 5.2
1690 2760 11.2
1692 1969 7.8
1692 3034 8.2
1696 985 3.6
1696 4018 11.2
1698 1818 11.4
1698 3185 21.0
1701 1476 5.2
1701 3527 11.2
1703 2010 1.2
1703 2993 12.8
1704 537 2.0
1704 4466 11.6
1705 1093 15.2
1705 3910 21.0
1706 1839 5.8
1706 3164 6.8
1708 2466 6.4
1708 2537 12.2
1711 1292 2.6
1711 3711 8.6
1713 956 205.4
1713 4047 16.0
1714 1320 12.2
1714 3683 21.0
1716 1122 10.8
1716 3881 7.2
1721 354 6.6
1721 4649 16.4
1725 1500 13.8
1725 3503 11.8
1728 1175 6.8
1728 3828 12.2
1731 519 5.6
1731 4484 11.6
1732 1104 6.8
1732 3899 12.2
1733 1440 3.0
1733 3563 8.0
1734 585 2.6
1734 4418 11.2
1736 1837 6.4
1736 3166 10.2
1737 1735 1.6
1737 3268 5.4
1738 1639 2.6
1738 3364 17.6
1739 798 2.0
1739 4205 11.4
1741 237 4.6
1741 4766 12.6
1744 1918 5.0
1744 3085 15.0
1746 1585 8.0
1746 3418 8.2
1748 1038 2.6
1748 3965 6.4
1749 1800 3.6
1749 3203 5.8
1751 1026 6.8
1751 3977 11.0
1753 1041 2.4
1753 3962 16.2
1754 2048 21.0
1754 2955 6.4
1757 939 2.6
1757 4064 6.0
1759 2252 6.2
1759 2751 14.8
1760 1767 3.8
1760 3236 14.2
1767 1075 3.0
1767 3928 6.4
1770 80 4.0
1770 4923 12.0
1771 1874 10.6
1771 3129 8.0
1772 2014 11.6
1772 2989 16.0
1773 1185 5.8
1773 3818 16.0
1774 1887 6.0
1774 3116 9.2
1775 360 5.2
1775 4643 21.0
1776 486 3.8
1776 4517 16.0
1777 796 2.6
1777 4207 7.2
1779 1325 12.6
1779 3678 15.0
1780 964 1.6
1780 4039 8.6
1785 99 6.2
1785 4904 11.8
1786 2323 7.2
1786 2680 7.6
1787 1539 3.0
1787 3464 9.4
1790 1007 5.8
1790 3996 12.6
1791 539 5.0
1791 4464 11.6
1794 637 5.4
1794 4366 8.2
1797 1685 9.4
1797 3318 5.0
1798 1911 8.4
1798 3092 20.4
1799 783 4.6
1799 4220 13.0
1802 2162 5.8
1802 2841 4.8
1805 206 1.4
1805 4797 13.0
1806 1881 9.0
1806 3122 5.2
1807 1188 5.6
1807 3815 16.4
1808 1489 10.0
1808 3514 11.4
1810 1965 4.6
1810 3038 8.6
1811 1579 7.8
1811 3424 11.2
1813 596 3.6
1813 4407 13.6
1815 1579 11.6
1815 3424 8.6
1816 272 3.6
1816 4731 16.0
1820 753 3.8
1820 4250 11.4
1822 1574 21.0
1822 3429 15.8
1823 2319 11.8
1823 2684 8.0
1824 243 3.0
1824 4760 9.8
1827 2285 11.2
1827 2718 7.0
1828 2343 10.0
1828 2660 11.8
1829 2096 10.8
1829 2907 8.4
1830 1359 4.8
1830 3644 7.4
1831 2059 4.0
1831 2944 11.6
1832 1164 11.0
1832 3839 8.8
1833 958 4.2
1833 4045 11.8
1835 1787 12.4
1835 3216 11.0
1836 2106 5.2
1836 2897 11.0
1837 869 7.8
1837 4134 21.0
1838 498 10.0
1838 4505 8.0
1839 45 2.8
1839 4958 8.0
1840 427 3.8
1840 4576 15.6
1841 1317 8.8
1841 3686 11.6
1844 271 5.0
1844 4732 11.8
1845 411 4.8
1845 4592 16.4
1846 791 2.4
1846 4212 15.2
1848 991 5.0
1848 4012 5.2
1850 1305 6.0
1850 3698 12.6
1851 2074 7.2
1851 2929 12.0
1852 1736 11.0
1852 3267 9.6
1854 597 9.2
1854 4406 13.4
1855 2275 12.6
1855 2728 9.4
1856 671 2.2
1856 4332 8.8
1857 2242 4.8
1857 2761 11.2
1858 924 10.0
1858 4079 7.2
1859 2024 5.4
1859 2979 8.4
1860 729 6.2
1860 4274 15.8
1861 574 2.4
1861 4429 5.0
1864 2279 7.4
1864 2724 12.0
1865 2416 5.2
1865 2587 1.6
1866 1367 4.6
1866 3636 6.4
1868 1261 5.6
1868 3742 7.6
1870 788 8.2
1870 4215 12.0
1872 829 5.2
1872 4174 20.8
1874 1640 10.6
1874 3363 11.0
1875 1133 6.0
1875 3870 21.0
1877 1085 2.6
1877 3918 12.2
1881 352 2.6
1881 4651 7.2
1883 805 7.2
1883 4198 7.2
1885 1244 6.4
1885 3759 6.4
1886 1610 9.6
1886 3393 5.2
1889 520 1.2
1889 4483 6.6
1891 1377 7.6
1891 3626 16.2
1892 1704 8.2
1892 3299 406.2
1898 129 2.4
1898 4874 11.8
1899 1848 12.2
1899 3155 11.6
1900 496 7.8
1900 4507 11.6
1901 381 5.4
1901 4622 8.4
1906 165 4.4
1906 4838 12.6
1909 2240 11.0
1909 2763 7.0
1912 1813 6.0
1912 3190 10.8
1913 1299 2.8
1913 3704 8.0
1914 1237 5.4
1914 3766 8.8
1915 1578 2.6
1915 3425 16.0
1917 1238 8.0
1917 3765 11.2
1919 2178 7.8
1919 2825 10.4
1920 1503 12.6
1920 3500 8.2
1921 1647 10.6
1921 3356 9.4
1926 23 5.0
1926 4980 20.6
1928 2265 5.4
1928 2738 8.2
1932 620 4.8
1932 4383 16.0
1933 729 6.4
1933 4274 21.0
1934 728 5.0
1934 4275 16.2
1935 308 5.0
1935 4695 16.0
1937 400 2.8
1937 4603 8.4
1938 505 5.2
1938 4498 5.6
1942 1348 1.6
1942 3655 10.0
1943 628 2.2
1943 4375 15.6
1944 1362 8.0
1944 3641 3.2
1945 1123 3.6
1945 3880 6.4
1946 836 5.8
1946 4167 12.0
1951 119 7.8
1951 4884 16.0
1952 304 2.0
1952 4699 11.0
1956 48 1.2
1956 4955 12.6
1957 1245 8.0
1957 3758 11.0
1960 2441 6.2
1960 2562 6.8
1962 185 3.6
1962 4818 9.0
1963 1337 1.2
1963 3666 12.2
1964 1314 4.4
1964 3689 8.0
1968 346 3.8
1968 4657 12.6
1969 1036 2.4
1969 3967 8.2
1970 1652 8.8
1970 3351 8.4
1971 1245 6.2
1971 3758 10.6
1974 212 10.0
1974 4791 15.8
1975 2214 1.6
1975 2789 6.2
1979 182 2.6
1979 4821 11.2
1982 220 2.6
1982 4783 15.6
1983 1326 3.0
1983 3677 13.0
1984 251 5.2
1984 4752 7.8
1985 944 2.8
1985 4059 17.6
1986 394 6.0
1986 4609 16.2
1988 1890 5.0
1988 3113 15.4
1989 1898 5.2
1989 3105 5.2
1993 1509 6.8
1993 3494 13.2
1994 881 2.2
1994 4122 5.2
1998 1898 6.2
1998 3105 6.4
2004 2448 16.4
2004 2555 5.2
2006 1870 13.6
2006 3133 9.4
2009 1970 7.8
2009 3033 3.2
2010 2096 3.4
2010 2907 3.4
2011 985 5.2
2011 4018 209.4
2012 2163 5.4
2012 2840 15.4
2013 812 5.0
2013 4191 8.0
2014 185 1.2
2014 4818 12.8
2016 1537 10.0
2016 3466 8.8
2018 2060 8.0
2018 2943 8.6
2019 2209 2.8
2019 2794 9.8
2021 1605 10.0
2021 3398 16.0
2022 1918 5.6
2022 3085 15.4
2025 629 5.0
2025 4374 212.2
2029 2033 2.4
2029 2970 5.8
2030 2385 8.4
2030 2618 5.0
2033 1472 3.4
2033 3531 5.2
2035 1871 4.2
2035 3132 6.4
2036 1422 3.8
2036 3581 7.2
2037 621 6.4
2037 4382 16.0
2038 750 10.0
2038 4253 7.8
2042 2162 4.0
2042 2841 8.8
2044 2196 15.6
2044 2807 12.0
2046 1901 10.4
2046 3102 8.0
2048 802 3.2
2048 4201 13.4
2049 2446 7.6
2049 2557 15.6
2052 2191 15.0
2052 2812 3.0
2059 1524 3.8
2059 3479 5.0
2060 329 5.0
2060 4674 21.0
2061 2275 15.0
2061 2728 11.2
2063 2337 11.4
2063 2666 11.0
2064 1955 20.0
2064 3048 14.0
2070 2159 2.8
2070 2844 6.4
2071 1756 6.0
2071 3247 14.2
2075 1891 9.4
2075 3112 15.0
2076 1409 16.0
2076 3594 9.8
2078 1568 16.4
2078 3435 4.8
2079 1548 3.6
2079 3455 10.8
2083 2229 12.0
2083 2774 5.2
2084 788 2.4
2084 4215 15.2
2085 1755 5.2
2085 3248 15.8
2089 1086 10.0
2089 3917 10.2
2091 1057 5.4
2091 3946 8.8
2092 829 5.4
2092 4174 8.2
2094 2249 3.6
2094 2754 8.8
2095 2112 8.2
2095 2891 7.8
2097 2193 6.0
2097 2810 5.6
2106 15 4.2
2106 4988 11.6
2108 1537 9.0
2108 3466 11.6
2109 2269 5.0
2109 2734 15.6
2110 2470 10.6
2110 2533 11.6
2113 1164 12.0
2113 3839 16.0
2115 512 8.2
2115 4491 11.0
2119 2440 7.6
2119 2563 15.0
2120 232 5.2
2120 4771 15.6
2121 159 4.8
2121 4844 7.0
2123 1812 12.8
2123 3191 212.8
2125 1168 9.4
2125 3835 15.4
2126 2370 5.0
2126 2633 8.2
2127 2489 11.6
2127 2514 2.6
2129 309 2.0
2129 4694 11.2
2130 1057 4.4
2130 3946 11.6
2131 2258 5.8
2131 2745 13.8
2138 1479 4.0
2138 3524 8.2
2140 2001 5.6
2140 3002 6.4
2141 1111 3.0
2141 3892 8.0
2143 318 1.2
2143 4685 9.2
2144 576 3.6
2144 4427 11.6
2145 1221 7.4
2145 3782 9.2
2147 2438 15.6
2147 2565 5.4
2151 1472 10.6
2151 3531 10.8
2152 1567 11.0
2152 3436 6.2
2155 2473 15.0
2155 2530 5.0
2156 650 2.4
2156 4353 8.2
2157 1737 10.2
2157 3266 16.2
2158 1350 10.6
2158 3653 6.6
2159 1973 7.2
2159 3030 8.2
2160 1609 8.0
2160 3394 3.2
2161 2026 4.8
2161 2977 10.0
2162 1781 8.2
2162 3222 16.0
2163 1650 15.0
2163 3353 12.0
2164 2008 6.2
2164 2995 8.6
2167 504 3.8
2167 4499 12.4
2169 2138 4.6
2169 2865 7.4
2172 929 5.2
2172 4074 17.6
2174 46 2.4
2174 4957 12.4
2175 1855 11.6
2175 3148 5.2
2179 1986 5.0
2179 3017 8.6
2180 812 5.2
2180 4191 10.8
2181 1451 5.6
2181 3552 7.8
2182 1888 8.8
2182 3115 10.6
2184 643 5.0
2184 4360 9.2
2185 2268 10.6
2185 2735 8.4
2188 2021 11.6
2188 2982 11.6
2190 485 3.4
2190 4518 11.8
2192 401 6.4
2192 4602 11.4
2193 607 5.0
2193 4396 11.8
2194 2414 14.0
2194 2589 9.6
2195 2463 7.0
2195 2540 7.0
2196 234 6.4
2196 4769 12.8
2197 2221 3.0
2197 2782 6.6
2198 115 3.8
2198 4888 11.0
2199 1911 3.2
2199 3092 9.0
2200 995 2.2
2200 4008 4.8
2201 1031 4.0
2201 3972 15.6
2204 292 10.0
2204 4711 11.2
2209 516 3.8
2209 4487 20.4
2210 1640 5.6
2210 3363 15.2
2213 537 2.2
2213 4466 9.0
2215 2077 7.2
2215 2926 208.4
2216 1900 8.0
2216 3103 3.8
2218 1656 6.2
2218 3347 20.0
2219 850 4.6
2219 4153 5.0
2220 1491 3.8
2220 3512 7.6
2221 1049 10.0
2221 3954 14.6
2226 604 4.4
2226 4399 15.6
2238 1478 5.0
2238 3525 16.0
2239 832 3.4
2239 4171 8.2
2241 587 2.6
2241 4416 13.2
2243 928 3.6
2243 4075 15.0
2244 991 4.2
2244 4012 2.4
2245 76 1.2
2245 4927 6.2
2246 1034 3.8
2246 3969 5.4
2247 1225 3.0
2247 3778 6.0
2248 1149 3.8
2248 3854 11.8
2250 171 2.8
2250 4832 17.0
2253 837 4.0
2253 4166 9.6
2254 1112 11.0
2254 3891 5.0
2256 1752 12.2
2256 3251 5.8
2257 170 5.8
2257 4833 20.8
2260 655 1.0
2260 4348 9.4
2261 1551 2.6
2261 3452 8.0
2262 974 7.0
2262 4029 6.0
2264 676 4.6
2264 4327 16.2
2265 2491 8.6
2265 2512 8.2
2268 2477 8.4
2268 2526 11.4
2269 1422 6.4
2269 3581 11.2
2270 839 3.2
2270 4164 13.8
2272 781 15.0
2272 4222 11.2
2273 639 5.6
2273 4364 16.0
2274 892 5.2
2274 4111 6.8
2276 1460 6.8
2276 3543 8.6
2277 647 8.2
2277 4356 10.6
2278 2384 5.4
2278 2619 10.4
2279 102 5.0
2279 4901 20.6
2281 1539 1.2
2281 3464 5.6
2282 252 3.2
2282 4751 11.0
2283 1034 1.2
2283 3969 12.2
2284 760 3.4
2284 4243 7.2
2287 2128 6.4
2287 2875 5.2
2289 1563 7.8
2289 3440 15.4
2290 1220 1.6
2290 3783 12.4
2291 2375 3.8
2291 2628 9.6
2292 1509 8.0
2292 3494 11.4
2293 219 4.4
2293 4784 7.6
2294 2389 6.8
2294 2614 15.0
2296 2226 7.6
2296 2777 8.2
2297 393 1.2
2297 4610 12.6
2299 892 7.6
2299 4111 19.0
2302 2208 5.8
2302 2795 5.4
2304 1094 10.6
2304 3909 8.6
2305 2415 8.4
2305 2588 8.2
2309 937 4.0
2309 4066 7.6
2311 500 2.0
2311 4503 7.0
2314 1517 6.4
2314 3486 15.6
2317 652 4.4
2317 4351 4.8
2319 1138 5.2
2319 3865 8.2
2320 1223 7.6
2320 3780 7.8
2322 52 4.2
2322 4951 21.0
2328 1846 3.8
2328 3157 12.0
2332 1294 12.0
2332 3709 11.4
2335 1963 12.4
2335 3040 7.0
2337 53 5.2
2337 4950 15.4
2338 223 2.0
2338 4780 11.8
2339 2033 5.4
2339 2970 7.2
2342 1685 11.8
2342 3318 8.2
2343 1325 2.8
2343 3678 9.2
2345 1954 2.8
2345 3049 12.2
2347 2152 20.0
2347 2851 16.0
2348 1992 5.4
2348 3011 8.6
2349 415 5.4
2349 4588 20.0
2353 197 5.0
2353 4806 15.6
2355 1849 8.0
2355 3154 14.4
2358 2333 5.0
2358 2670 4.4
2359 149 5.4
2359 4854 8.2
2360 1984 6.2
2360 3019 11.4
2361 2172 5.4
2361 2831 10.4
2362 2097 6.2
2362 2906 15.6
2364 48 2.2
2364 4955 6.8
2365 797 6.4
2365 4206 7.8
2368 1892 2.8
2368 3111 15.2
2369 2288 11.6
2369 2715 15.0
2371 195 2.6
2371 4808 8.2
2372 1355 6.4
2372 3648 5.0
2375 486 2.4
2375 4517 14.8
2380 1852 7.8
2380 3151 14.8
2383 2141 5.0
2383 2862 5.6
2385 2301 7.0
2385 2702 10.0
2386 2093 11.6
2386 2910 8.0
2387 509 6.6
2387 4494 9.4
2388 624 11.6
2388 4379 10.6
2392 924 1.2
2392 4079 4.4
2393 1978 4.2
2393 3025 10.0
2394 1110 5.0
2394 3893 8.2
2396 164 3.6
2396 4839 15.6
2398 1866 3.6
2398 3137 8.6
2399 2207 10.0
2399 2796 12.0
2404 959 3.6
2404 4044 11.6
2405 1938 2.2
2405 3065 9.8
2406 1159 5.4
2406 3844 13.2
2412 1855 3.6
2412 3148 7.4
2413 2251 5.8
2413 2752 2.2
2414 734 2.8
2414 4269 8.6
2415 450 2.4
2415 4553 20.0
2416 605 5.0
2416 4398 12.0
2418 1593 6.4
2418 3410 10.0
2419 1088 6.0
2419 3915 8.0
2423 1370 1.0
2423 3633 10.8
2424 1599 6.2
2424 3404 20.2
2425 1960 9.0
2425 3043 11.2
2426 979 1.2
2426 4024 7.4
2429 2049 5.2
2429 2954 5.8
2430 133 5.4
2430 4870 8.2
2433 1708 3.2
2433 3295 10.8
2434 1659 15.0
2434 3344 20.2
2435 213 7.8
2435 4790 8.4
2436 264 4.0
2436 4739 7.6
2441 2220 16.2
2441 2783 10.0
2443 2130 9.0
2443 2873 11.4
2444 697 8.2
2444 4306 20.8
2446 2126 2.4
2446 2877 4.2
2447 2031 7.2
2447 2972 7.4
2451 1671 2.6
2451 3332 6.0
2452 1785 2.4
2452 3218 8.8
2454 77 4.4
2454 4926 16.8
2457 1391 4.2
2457 3612 7.6
2461 998 4.8
2461 4005 12.2
2465 168 2.0
2465 4835 7.2
2467 2371 11.8
2467 2632 3.2
2468 114 3.4
2468 4889 7.4
2469 541 7.6
2469 4462 15.0
2470 2300 15.4
2470 2703 7.6
2475 2279 6.8
2475 2724 8.2
2479 1288 1.4
2479 3715 5.8
2485 2100 5.0
2485 2903 7.8
2487 1695 4.2
2487 3308 5.0
2488 1818 5.4
2488 3185 10.0
2489 735 2.2
2489 4268 12.4
2490 1246 5.0
2490 3757 12.0
2492 2073 5.6
2492 2930 7.6
2493 2379 8.0
2493 2624 5.6
2494 1646 8.2
2494 3357 8.2
2495 1409 7.4
2495 3594 15.4
2500 75 4.4
2500 4928 11.4
2501 610 6.0
2501 4393 11.6
2502 1122 9.2
2502 3881 11.6
2505 1108 4.8
2505 3895 11.4
2506 607 5.2
2506 4396 12.4
2511 592 3.6
2511 4411 15.6
2517 1659 4.4
2517 3344 12.0
2518 472 5.0
2518 4531 11.2
2519 1878 11.4
2519 3125 13.0
2520 1230 5.0
2520 3773 11.8
2522 563 3.4
2522 4440 15.8
2523 66 4.0
2523 4937 15.6
2525 914 2.4
2525 4089 8.2
2526 1833 2.8
2526 3170 3.0
2527 1443 4.8
2527 3560 13.0
2528 1323 5.4
2528 3680 17.6
2531 1858 15.0
2531 3145 5.2
2533 1755 4.0
2533 3248 12.2
2535 444 5.0
2535 4559 8.8
2537 1615 4.6
2537 3388 9.0
2539 907 5.0
2539 4096 15.0
2540 2324 10.0
2540 2679 5.4
2541 2242 10.8
2541 2761 7.8
2542 2366 2.4
2542 2637 5.2
2543 1686 5.0
2543 3317 7.8
2545 616 3.0
2545 4387 5.0
2547 1296 6.2
2547 3707 11.0
2549 1255 2.4
2549 3748 11.2
2550 1376 5.2
2550 3627 5.0
2551 1656 3.4
2551 3347 8.6
2555 929 10.2
2555 4074 14.4
2556 2311 8.6
2556 2692 8.2
2557 555 4.2
2557 4448 11.2
2558 1072 10.0
2558 3931 11.6
2559 1010 6.2
2559 3993 15.4
2560 1954 5.2
2560 3049 13.6
2566 2488 8.0
2566 2515 7.0
2567 675 2.2
2567 4328 7.6
2570 1375 2.4
2570 3628 12.0
2573 1884 11.8
2573 3119 8.6
2574 1243 12.2
2574 3760 11.0
2578 983 4.0
2578 4020 15.0
2582 1969 10.0
2582 3034 11.6
2585 854 6.0
2585 4149 5.4
2586 1182 4.4
2586 3821 8.0
2587 1239 16.2
2587 3764 15.6
2589 1254 2.4
2589 3749 15.6
2593 2286 7.4
2593 2717 7.4
2594 1063 6.6
2594 3940 8.6
2595 1698 6.4
2595 3305 4.8
2596 758 5.0
2596 4245 9.6
2599 861 3.6
2599 4142 8.2
2601 1571 6.8
2601 3432 7.0
2602 1557 7.0
2602 3446 7.4
2603 121 3.6
2603 4882 6.8
2605 1978 12.2
2605 3025 4.8
2610 1866 6.0
2610 3137 9.2
2616 78 2.6
2616 4925 11.2
2617 1845 10.0
2617 3158 6.4
2618 306 3.2
2618 4697 7.6
2620 1039 4.4
2620 3964 11.0
2627 10 5.8
2627 4993 10.6
2632 1305 2.4
2632 3698 6.2
2633 869 4.8
2633 4134 6.8
2634 643 6.6
2634 4360 7.4
2636 2106 5.0
2636 2897 6.2
2637 289 1.4
2637 4714 6.2
2638 1540 7.4
2638 3463 10.8
2640 535 1.4
2640 4468 17.0
2641 742 6.6
2641 4261 15.6
2642 1190 8.0
2642 3813 8.2
2644 802 5.2
2644 4201 11.0
2646 359 1.4
2646 4644 7.6
2647 2323 10.0
2647 2680 11.0
2650 549 1.2
2650 4454 7.6
2655 156 5.2
2655 4847 20.0
2657 2332 12.0
2657 2671 11.2
2658 2130 7.6
2658 2873 5.4
2662 475 3.8
2662 4528 8.0
2664 1269 8.4
2664 3734 5.4
2665 1630 4.6
2665 3373 7.4
2666 814 10.4
2666 4189 8.8
2668 1660 12.0
2668 3343 8.0
2671 2218 7.2
2671 2785 6.8
2673 271 2.4
2673 4732 8.0
2676 2430 11.6
2676 2573 8.4
2677 995 11.2
2677 4008 20.0
2678 2416 2.2
2678 2587 5.2
2679 964 9.0
2679 4039 15.4
2680 255 5.2
2680 4748 15.2
2682 1494 4.8
2682 3509 3.0
2683 2061 7.6
2683 2942 15.6
2690 269 4.0
2690 4734 12.8
2691 2128 2.6
2691 2875 15.0
2693 909 2.6
2693 4094 11.2
2694 296 3.8
2694 4707 11.0
2695 1096 3.2
2695 3907 6.8
2696 140 5.4
2696 4863 13.4
2697 889 4.8
2697 4114 15.8
2698 521 3.8
2698 4482 15.6
2699 1586 5.2
2699 3417 3.2
2703 162 4.0
2703 4841 7.2
2706 431 6.6
2706 4572 15.4
2708 2314 7.6
2708 2689 11.4
2712 2234 10.8
2712 2769 13.4
2713 50 5.4
2713 4953 11.6
2715 202 6.6
2715 4801 16.2
2717 452 10.6
2717 4551 20.2
2718 2028 8.6
2718 2975 10.0
2719 2373 8.4
2719 2630 7.2
2720 2246 7.2
2720 2757 2.6
2722 564 4.0
2722 4439 10.6
2724 367 2.4
2724 4636 15.6
2725 1890 5.8
2725 3113 4.4
2726 1260 5.8
2726 3743 10.0
2727 1556 5.6
2727 3447 14.2
2732 1599 5.2
2732 3404 7.6
2733 402 4.0
2733 4601 8.2
2735 297 1.6
2735 4706 12.0
2737 1003 5.0
2737 4000 11.0
2740 1583 3.8
2740 3420 15.0
2743 867 2.2
2743 4136 11.6
2745 1045 9.0
2745 3958 15.0
2748 1404 10.0
2748 3599 8.0
2752 2238 8.6
2752 2765 10.8
2757 2246 10.2
2757 2757 10.6
2758 1077 3.6
2758 3926 7.6
2759 1371 6.6
2759 3632 20.0
2760 1792 10.0
2760 3211 14.6
2761 589 2.6
2761 4414 6.4
2764 1414 5.2
2764 3589 16.0
2765 942 5.4
2765 4061 10.8
2767 2189 2.4
2767 2814 15.6
2768 1376 8.2
2768 3627 18.8
2769 2299 9.6
2769 2704 4.4
2770 815 4.0
2770 4188 13.4
2771 2326 8.2
2771 2677 5.6
2772 502 5.0
2772 4501 10.4
2774 426 4.4
2774 4577 20.4
2775 1167 20.0
2775 3836 8.4
2776 1280 8.2
2776 3723 18.8
2779 1071 8.2
2779 3932 15.6
2781 345 4.2
2781 4658 8.0
2782 775 5.2
2782 4228 9.6
2783 1380 5.0
2783 3623 8.2
2785 1785 7.4
2785 3218 15.0
2786 598 205.0
2786 4405 15.0
2787 773 11.0
2787 4230 11.6
2789 1704 2.4
2789 3299 8.4
2794 1965 8.2
2794 3038 14.0
2795 2146 15.0
2795 2857 11.2
2799 1160 6.6
2799 3843 8.4
2801 2483 13.0
2801 2520 8.0
2805 2048 2.4
2805 2955 12.6
2806 1434 5.0
2806 3569 8.2
2807 2280 11.0
2807 2723 8.2
2812 117 6.4
2812 4886 9.0
2814 1041 7.0
2814 3962 11.0
2818 323 2.6
2818 4680 8.8
2819 2288 7.4
2819 2715 5.2
2820 2379 11.0
2820 2624 15.4
2821 51 2.8
2821 4952 8.2
2822 1650 10.8
2822 3353 10.2
2824 754 5.0
2824 4249 7.6
2825 193 7.8
2825 4810 20.0
2826 2418 10.0
2826 2585 11.0
2827 34 2.6
2827 4969 6.8
2829 590 6.4
2829 4413 10.4
2830 676 3.0
2830 4327 8.6
2832 1145 6.4
2832 3858 13.8
2833 1281 5.8
2833 3722 7.8
2838 1999 15.0
2838 3004 15.0
2839 1737 8.2
2839 3266 9.4
2840 1451 5.2
2840 3552 11.6
2841 1221 10.0
2841 3782 15.6
2843 2010 8.6
2843 2993 10.2
2845 1867 5.2
2845 3136 8.4
2846 2008 4.8
2846 2995 8.2
2848 1592 4.6
2848 3411 20.0
2852 552 4.4
2852 4451 10.8
2854 623 4.6
2854 4380 19.8
2857 815 5.4
2857 4188 20.0
2858 1781 4.8
2858 3222 5.2
2859 2030 20.0
2859 2973 10.0
2860 1675 2.0
2860 3328 4.8
2862 540 11.0
2862 4463 15.6
2863 1168 1.2
2863 3835 7.6
2864 2146 5.0
2864 2857 8.0
2865 1129 8.4
2865 3874 9.8
2866 450 8.2
2866 4553 15.4
2870 2138 7.8
2870 2865 212.2
2874 2386 11.2
2874 2617 8.4
2875 2460 8.2
2875 2543 11.2
2877 1101 208.4
2877 3902 5.0
2878 2001 2.0
2878 3002 8.4
2880 670 8.0
2880 4333 4.8
2884 200 11.0
2884 4803 10.8
2885 348 4.6
2885 4655 8.4
2886 1583 10.6
2886 3420 15.8
2888 1952 11.2
2888 3051 7.8
2889 398 1.6
2889 4605 8.2
2891 1798 5.0
2891 3205 9.6
2892 1053 5.0
2892 3950 9.8
2897 1194 5.0
2897 3809 10.0
2898 1914 7.4
2898 3089 7.6
2899 1025 10.0
2899 3978 11.4
2902 1680 3.8
2902 3323 8.2
2903 210 4.2
2903 4793 8.2
2904 889 6.0
2904 4114 10.8
2905 1088 2.4
2905 3915 11.8
2908 2176 12.4
2908 2827 11.0
2909 71 2.4
2909 4932 211.4
2915 908 5.8
2915 4095 10.4
2916 1257 10.0
2916 3746 8.4
2918 2300 10.2
2918 2703 10.8
2919 1162 9.4
2919 3841 3.6
2921 2397 10.4
2921 2606 7.8
2923 1928 20.2
2923 3075 5.6
2924 834 3.4
2924 4169 12.0
2925 270 7.0
2925 4733 216.4
2926 1934 15.6
2926 3069 19.0
2929 198 1.6
2929 4805 18.2
2931 2355 8.6
2931 2648 11.4
2932 2456 11.2
2932 2547 11.4
2933 39 2.4
2933 4964 20.0
2936 873 4.4
2936 4130 15.4
2940 2480 2.4
2940 2523 9.0
2942 1769 5.2
2942 3234 9.8
2943 2358 9.2
2943 2645 5.2
2945 183 4.6
2945 4820 8.4
2946 1370 4.6
2946 3633 10.2
2948 956 6.0
2948 4047 11.2
2952 1489 5.4
2952 3514 6.8
2953 2037 3.2
2953 2966 5.4
2955 149 5.0
2955 4854 11.4
2956 1064 6.6
2956 3939 8.2
2958 1358 12.2
2958 3645 10.4
2965 737 5.0
2965 4266 5.8
2969 204 6.8
2969 4799 20.6
2970 552 6.0
2970 4451 11.4
2973 235 8.6
2973 4768 20.4
2974 1269 10.4
2974 3734 12.0
2975 2488 15.4
2975 2515 5.4
2976 1152 2.0
2976 3851 7.0
2977 547 7.2
2977 4456 7.2
2979 2243 9.4
2979 2760 9.2
2982 637 4.2
2982 4366 8.4
2983 2220 5.6
2983 2783 5.2
2985 556 4.8
2985 4447 7.0
2986 1623 7.0
2986 3380 7.6
2988 183 1.4
2988 4820 8.0
2989 1987 4.0
2989 3016 11.0
2992 1553 2.6
2992 3450 10.2
2996 938 6.2
2996 4065 11.6
3000 266 5.8
3000 4737 16.0
3001 582 5.6
3001 4421 17.2
3002 2222 5.4
3002 2781 4.8
3003 351 3.6
3003 4652 13.6
3004 1465 7.8
3004 3538 16.2
3006 439 2.4
3006 4564 4.8
3007 992 10.4
3007 4011 11.6
3008 2396 7.6
3008 2607 10.2
3009 1235 11.8
3009 3768 7.6
3011 287 8.8
3011 4716 10.8
3013 1623 8.2
3013 3380 9.0
3015 2384 7.6
3015 2619 12.0
3016 997 2.6
3016 4006 7.8
3017 1886 6.8
3017 3117 16.0
3020 1074 2.0
3020 3929 16.2
3022 2453 11.8
3022 2550 15.6
3023 1863 2.6
3023 3140 9.6
3026 695 5.8
3026 4308 11.2
3027 124 3.0
3027 4879 8.4
3028 302 4.4
3028 4701 20.8
3030 2076 8.0
3030 2927 4.0
3032 978 4.0
3032 4025 16.4
3033 1282 5.6
3033 3721 11.8
3034 1419 5.2
3034 3584 10.4
3037 2247 2.4
3037 2756 4.0
3038 1999 6.4
3038 3004 7.0
3041 1987 11.0
3041 3016 12.2
3044 1148 2.2
3044 3855 11.8
3045 1655 16.6
3045 3348 21.0
3046 978 6.0
3046 4025 12.2
3050 921 7.0
3050 4082 18.2
3051 1048 8.2
3051 3955 15.0
3054 1790 6.2
3054 3213 6.6
3056 2479 8.0
3056 2524 14.4
3060 807 14.8
3060 4196 16.6
3062 246 5.8
3062 4757 18.2
3064 1065 6.2
3064 3938 5.0
3066 1283 6.0
3066 3720 11.2
3067 2296 15.6
3067 2707 16.2
3069 1215 5.0
3069 3788 5.4
3070 578 1.6
3070 4425 12.8
3071 382 2.6
3071 4621 11.4
3074 165 2.6
3074 4838 20.8
3075 503 6.0
3075 4500 8.0
3077 254 2.8
3077 4749 7.6
3078 617 7.0
3078 4386 5.8
3079 735 5.0
3079 4268 11.8
3080 1286 4.4
3080 3717 10.4
3082 1559 9.8
3082 3444 10.6
3084 1651 8.4
3084 3352 14.6
3086 1908 5.8
3086 3095 7.2
3089 2102 8.0
3089 2901 8.0
3090 528 4.6
3090 4475 11.6
3094 2171 5.2
3094 2832 8.6
3095 2247 5.6
3095 2756 8.6
3099 2074 8.0
3099 2929 4.2
3100 269 4.2
3100 4734 20.8
3102 1075 3.6
3102 3928 10.8
3103 1575 5.4
3103 3428 9.6
3104 1197 4.4
3104 3806 15.8
3106 551 1.6
3106 4452 9.8
3108 1690 2.8
3108 3313 10.2
3109 18 8.4
3109 4985 21.0
3110 1580 8.4
3110 3423 16.0
3116 1070 2.8
3116 3933 9.6
3117 1799 11.6
3117 3204 15.6
3118 969 8.2
3118 4034 16.0
3119 2022 16.0
3119 2981 13.0
3121 723 4.4
3121 4280 10.2
3122 285 2.8
3122 4718 11.0
3124 1125 4.4
3124 3878 8.4
3125 308 5.6
3125 4695 11.8
3126 830 6.6
3126 4173 6.2
3128 239 4.0
3128 4764 16.2
3130 266 2.6
3130 4737 10.0
3133 1162 15.8
3133 3841 11.2
3136 1664 8.0
3136 3339 16.2
3139 1323 2.8
3139 3680 2.2
3140 395 3.2
3140 4608 17.6
3142 2345 12.0
3142 2658 12.0
3143 578 2.6
3143 4425 12.4
3148 1769 16.0
3148 3234 8.2
3149 2321 5.2
3149 2682 4.4
3150 95 2.8
3150 4908 12.6
3151 1442 6.0
3151 3561 16.8
3153 195 6.0
3153 4808 16.0
3155 1371 5.8
3155 3632 8.6
3162 81 4.0
3162 4922 11.2
3165 131 5.4
3165 4872 11.2
3168 1912 9.0
3168 3091 12.4
3169 2124 4.8
3169 2879 12.8
3175 2111 13.6
3175 2892 3.8
3176 698 8.4
3176 4305 5.6
3177 758 12.0
3177 4245 5.2
3179 454 12.0
3179 4549 12.0
3182 1322 5.2
3182 3681 11.0
3184 2388 6.2
3184 2615 7.2
3185 2449 11.6
3185 2554 5.0
3186 635 2.8
3186 4368 11.8
3187 1869 11.0
3187 3134 12.2
3189 954 6.0
3189 4049 21.0
3190 596 4.2
3190 4407 11.2
3191 1731 5.0
3191 3272 15.6
3193 516 5.0
3193 4487 18.0
3194 1170 5.6
3194 3833 7.0
3197 63 5.2
3197 4940 11.6
3200 1222 9.2
3200 3781 20.6
3202 880 8.2
3202 4123 18.4
3204 1776 5.6
3204 3227 7.4
3207 2019 4.4
3207 2984 7.8
3208 1828 2.4
3208 3175 7.4
3209 1605 11.6
3209 3398 13.8
3210 1814 8.4
3210 3189 11.2
3211 1272 2.4
3211 3731 5.0
3212 2091 12.4
3212 2912 5.4
3213 1180 6.8
3213 3823 5.8
3214 2324 3.4
3214 2679 6.2
3216 564 8.6
3216 4439 9.2
3220 1572 9.6
3220 3431 15.8
3225 1093 4.0
3225 3910 9.0
3226 614 4.6
3226 4389 11.6
3228 22 6.8
3228 4981 11.4
3230 2006 5.2
3230 2997 3.4
3232 1441 4.8
3232 3562 5.0
3234 1045 4.2
3234 3958 7.4
3236 381 5.0
3236 4622 7.2
3239 558 9.6
3239 4445 20.8
3241 1520 8.6
3241 3483 18.2
3242 1076 5.6
3242 3927 15.8
3243 1619 11.0
3243 3384 1.6
3244 1139 4.2
3244 3864 12.0
3245 1288 409.0
3245 3715 8.0
3246 927 2.6
3246 4076 8.0
3247 624 3.0
3247 4379 21.0
3249 115 5.8
3249 4888 11.2
3251 1477 4.2
3251 3526 16.2
3252 1428 3.4
3252 3575 16.0
3254 1723 7.6
3254 3280 7.4
3257 784 5.4
3257 4219 11.2
3258 2024 3.4
3258 2979 4.8
3265 762 8.4
3265 4241 15.8
3266 1301 7.2
3266 3702 8.2
3273 1594 12.4
3273 3409 10.8
3275 1613 8.4
3275 3390 11.0
3278 1320 15.0
3278 3683 15.8
3280 457 3.6
3280 4546 13.8
3281 1425 4.8
3281 3578 8.4
3283 1870 11.6
3283 3133 8.4
3285 685 2.6
3285 4318 16.4
3286 1358 5.8
3286 3645 7.4
3287 610 4.2
3287 4393 12.2
3288 1003 11.8
3288 4000 11.8
3289 1500 16.4
3289 3503 5.6
3291 380 4.8
3291 4623 16.0
3293 703 3.0
3293 4300 7.8
3295 2374 4.8
3295 2629 7.6
3297 1042 11.0
3297 3961 16.0
3300 1609 11.0
3300 3394 16.0
3301 1688 6.0
3301 3315 11.0
3303 2298 8.2
3303 2705 8.2
3307 1553 3.0
3307 3450 13.8
3308 640 5.4
3308 4363 11.2
3310 1178 11.0
3310 3825 16.0
3312 2035 6.0
3312 2968 20.8
3315 1904 8.0
3315 3099 14.6
3317 1814 8.2
3317 3189 7.2
3318 912 8.2
3318 4091 7.0
3319 2014 8.8
3319 2989 21.0
3320 203 4.4
3320 4800 21.0
3322 1455 4.0
3322 3548 6.4
3324 1482 8.4
3324 3521 14.4
3326 1300 5.6
3326 3703 12.2
3330 2493 11.0
3330 2510 9.6
3332 1988 7.6
3332 3015 14.8
3333 248 5.4
3333 4755 20.8
3337 2099 213.2
3337 2904 10.8
3343 528 2.8
3343 4475 16.4
3345 1888 4.6
3345 3115 7.6
3346 1032 11.0
3346 3971 11.0
3351 819 1.2
3351 4184 10.2
3352 456 3.4
3352 4547 20.8
3354 2093 5.0
3354 2910 6.6
3356 117 4.2
3356 4886 7.0
3359 1934 9.6
3359 3069 21.0
3360 1431 4.8
3360 3572 10.6
3361 2187 4.2
3361 2816 9.0
3363 658 10.8
3363 4345 7.0
3364 1511 9.6
3364 3492 10.2
3365 722 3.6
3365 4281 16.2
3366 849 10.8
3366 4154 7.2
3367 941 8.6
3367 4062 16.0
3371 742 16.0
3371 4261 12.6
3375 272 5.6
3375 4731 13.0
3379 1897 16.0
3379 3106 9.0
3381 303 4.6
3381 4700 8.4
3384 1819 9.8
3384 3184 8.2
3386 2441 6.0
3386 2562 14.8
3387 2123 15.0
3387 2880 11.0
3388 222 2.6
3388 4781 7.2
3391 1906 8.8
3391 3097 9.0
3394 1721 4.8
3394 3282 8.4
3395 2235 7.8
3395 2768 8.0
3396 2073 8.0
3396 2930 8.6
3397 1995 10.6
3397 3008 5.2
3403 619 10.6
3403 4384 21.0
3404 2370 5.6
3404 2633 8.8
3407 336 6.0
3407 4667 11.2
3408 925 1.6
3408 4078 4.2
3410 454 1.6
3410 4549 8.0
3411 2056 16.0
3411 2947 8.2
3413 871 2.8
3413 4132 7.0
3414 1478 9.6
3414 3525 11.2
3415 1887 8.0
3415 3116 8.8
3417 454 11.6
3417 4549 15.2
3418 493 3.2
3418 4510 17.6
3419 725 14.4
3419 4278 16.2
3420 2418 8.0
3420 2585 12.2
3421 1901 7.0
3421 3102 21.0
3425 2078 12.0
3425 2925 6.8
3426 1834 5.4
3426 3169 6.8
3427 351 2.6
3427 4652 7.2
3428 775 6.6
3428 4228 12.0
3429 467 6.2
3429 4536 6.8
3431 6 4.8
3431 4997 16.0
3432 2213 11.0
3432 2790 11.0
3433 678 5.4
3433 4325 11.6
3436 1833 8.8
3436 3170 7.0
3439 1445 9.8
3439 3558 2.8
3441 2434 11.0
3441 2569 4.2
3442 1641 8.2
3442 3362 6.0
3447 2337 7.0
3447 2666 8.6
3452 2473 11.4
3452 2530 8.6
3453 1616 12.0
3453 3387 12.0
3457 2456 7.8
3457 2547 8.2
3463 305 5.6
3463 4698 10.8
3464 2272 9.0
3464 2731 404.2
3465 275 3.4
3465 4728 8.6
3467 1893 3.4
3467 3110 1.4
3468 213 1.8
3468 4790 8.4
3469 1747 11.6
3469 3256 12.2
3470 1316 6.0
3470 3687 11.0
3471 2042 8.2
3471 2961 15.2
3472 1340 11.0
3472 3663 8.0
3473 2191 5.0
3473 2812 10.8
3474 402 6.0
3474 4601 8.6
3477 2118 4.6
3477 2885 12.2
3478 1379 6.8
3478 3624 12.6
3479 1814 3.0
3479 3189 13.8
3481 882 5.0
3481 4121 8.6
3484 971 6.8
3484 4032 7.0
3489 1961 9.4
3489 3042 15.4
3492 2442 16.0
3492 2561 4.2
3493 425 6.0
3493 4578 11.2
3497 134 2.8
3497 4869 21.0
3503 1683 12.4
3503 3320 8.2
3504 1841 5.4
3504 3162 8.2
3509 1764 8.2
3509 3239 8.6
3513 1438 7.6
3513 3565 11.2
3515 2430 12.2
3515 2573 12.0
3517 309 6.6
3517 4694 14.6
3522 760 6.0
3522 4243 10.6
3523 345 2.6
3523 4658 11.2
3524 563 2.6
3524 4440 8.4
3525 759 4.6
3525 4244 16.6
3527 850 5.6
3527 4153 10.0
3530 2132 6.0
3530 2871 10.8
3531 824 2.6
3531 4179 12.0
3533 184 2.8
3533 4819 11.2
3536 2238 12.2
3536 2765 11.8
3540 778 3.6
3540 4225 7.8
3541 279 6.0
3541 4724 21.0
3542 455 10.0
3542 4548 16.0
3543 650 6.0
3543 4353 16.0
3545 41 5.2
3545 4962 21.0
3546 202 2.6
3546 4801 11.4
3549 1291 2.4
3549 3712 11.0
3550 1699 7.6
3550 3304 8.0
3552 46 3.8
3552 4957 11.0
3553 265 2.8
3553 4738 11.4
3554 1924 5.0
3554 3079 5.6
3555 354 4.2
3555 4649 5.0
3556 2375 11.6
3556 2628 11.0
3558 1941 10.0
3558 3062 11.0
3559 341 5.2
3559 4662 21.0
3560 1871 10.8
3560 3132 12.4
3561 427 4.8
3561 4576 11.8
3562 1673 16.6
3562 3330 21.0
3564 80 5.0
3564 4923 11.0
3566 2302 2.8
3566 2701 6.4
3569 1087 5.8
3569 3916 10.6
3570 1270 8.6
3570 3733 11.4
3573 528 7.8
3573 4475 4.8
3576 351 4.2
3576 4652 21.0
3577 338 2.6
3577 4665 7.0
3579 553 6.8
3579 4450 12.6
3580 1881 15.4
3580 3122 12.4
3584 786 5.2
3584 4217 11.2
3585 1285 5.8
3585 3718 12.2
3586 474 2.4
3586 4529 14.2
3589 2429 8.0
3589 2574 2.6
3594 2004 3.0
3594 2999 11.0
3596 2027 8.0
3596 2976 4.8
3598 2407 10.4
3598 2596 8.4
3599 1458 11.6
3599 3545 10.4
3600 917 5.2
3600 4086 8.4
3601 1466 7.6
3601 3537 7.8
3604 70 5.0
3604 4933 16.2
3607 2301 11.8
3607 2702 6.0
3614 1726 10.8
3614 3277 8.0
3617 2456 2.6
3617 2547 8.2
3618 2452 3.4
3618 2551 5.4
3619 1359 2.6
3619 3644 3.4
3620 707 5.4
3620 4296 17.8
3622 1670 6.0
3622 3333 5.8
3625 119 3.4
3625 4884 8.2
3627 2448 7.8
3627 2555 8.8
3630 2471 4.4
3630 2532 5.8
3635 1364 12.0
3635 3639 12.2
3637 1175 16.0
3637 3828 12.2
3639 1174 8.0
3639 3829 3.2
3640 1563 7.6
3640 3440 8.8
3642 10 5.2
3642 4993 16.0
3647 1812 9.0
3647 3191 10.0
3648 292 1.6
3648 4711 8.4
3649 77 6.2
3649 4926 11.4
3650 827 6.0
3650 4176 11.2
3651 410 1.4
3651 4593 7.2
3652 2029 6.6
3652 2974 4.8
3655 1517 8.4
3655 3486 5.6
3656 281 4.8
3656 4722 16.0
3657 2281 3.0
3657 2722 7.0
3665 1341 16.0
3665 3662 13.0
3671 1697 11.0
3671 3306 5.8
3672 392 4.4
3672 4611 8.2
3673 78 4.0
3673 4925 21.0
3675 879 6.0
3675 4124 8.4
3677 798 5.6
3677 4205 12.4
3679 724 2.6
3679 4279 3.0
3680 2435 14.4
3680 2568 12.0
3682 2135 11.2
3682 2868 12.4
3683 2206 8.2
3683 2797 11.4
3688 579 10.8
3688 4424 16.2
3689 749 2.6
3689 4254 8.4
3692 846 1.2
3692 4157 12.8
3693 2110 8.2
3693 2893 11.0
3694 1585 5.0
3694 3418 8.8
3695 1241 8.2
3695 3762 20.6
3697 1971 15.4
3697 3032 11.0
3698 859 5.2
3698 4144 15.2
3702 345 7.8
3702 4658 16.0
3703 2385 2.8
3703 2618 6.6
3707 1553 6.6
3707 3450 7.4
3711 1248 6.0
3711 3755 13.8
3713 1143 4.0
3713 3860 21.0
3715 411 8.6
3715 4592 9.8
3716 1859 2.8
3716 3144 8.6
3717 78 4.0
3717 4925 20.8
3718 2238 12.0
3718 2765 16.0
3719 218 6.0
3719 4785 11.0
3720 719 3.6
3720 4284 14.0
3721 1934 8.2
3721 3069 8.2
3722 792 4.0
3722 4211 7.0
3723 662 8.8
3723 4341 6.8
3725 789 6.8
3725 4214 9.0
3726 2304 5.6
3726 2699 9.0
3730 1550 4.2
3730 3453 12.6
3731 1154 8.6
3731 3849 9.2
3734 1277 5.4
3734 3726 10.6
3735 1810 7.0
3735 3193 19.4
3737 10 2.8
3737 4993 8.4
3739 2362 9.2
3739 2641 15.6
3742 1876 11.0
3742 3127 10.6
3743 1574 2.6
3743 3429 5.6
3745 202 4.0
3745 4801 7.2
3747 1973 9.4
3747 3030 8.6
3749 1342 12.0
3749 3661 10.8
3750 1293 2.6
3750 3710 5.2
3754 68 4.4
3754 4935 13.0
3755 639 3.0
3755 4364 11.0
3757 2064 8.8
3757 2939 11.6
3758 1206 4.8
3758 3797 5.8
3759 2161 3.4
3759 2842 6.2
3760 2418 4.6
3760 2585 13.6
3762 1358 8.0
3762 3645 11.2
3763 963 4.6
3763 4040 11.0
3764 573 3.0
3764 4430 5.8
3765 179 1.6
3765 4824 12.8
3767 112 5.6
3767 4891 7.0
3769 891 9.4
3769 4112 16.0
3771 2034 3.2
3771 2969 6.8
3772 904 3.2
3772 4099 9.2
3774 1086 8.2
3774 3917 12.0
3779 1955 2.8
3779 3048 7.4
3781 1468 9.4
3781 3535 6.8
3783 1735 12.2
3783 3268 16.0
3788 1136 5.2
3788 3867 16.2
3789 1707 11.6
3789 3296 15.8
3791 2039 8.2
3791 2964 8.2
3792 855 4.2
3792 4148 16.2
3793 578 10.0
3793 4425 14.0
3795 774 5.4
3795 4229 16.0
3796 775 3.8
3796 4228 8.6
3797 186 2.6
3797 4817 8.2
3799 402 1.6
3799 4601 13.0
3801 1771 8.6
3801 3232 7.2
3805 65 8.4
3805 4938 10.8
3807 1827 4.2
3807 3176 8.0
3808 1295 6.0
3808 3708 12.2
3810 1744 9.0
3810 3259 13.0
3813 1608 11.4
3813 3395 12.2
3815 2430 4.2
3815 2573 7.0
3819 1820 5.2
3819 3183 8.2
3820 324 4.4
3820 4679 10.8
3821 550 5.4
3821 4453 12.4
3822 805 5.6
3822 4198 11.2
3829 1410 3.4
3829 3593 13.8
3830 2268 11.8
3830 2735 15.8
3832 1739 6.0
3832 3264 9.4
3835 1353 12.4
3835 3650 8.0
3836 389 1.6
3836 4614 11.6
3837 1040 5.8
3837 3963 8.6
3838 117 1.4
3838 4886 8.2
3840 1315 10.0
3840 3688 12.0
3842 1882 5.4
3842 3121 8.2
3843 1896 6.6
3843 3107 11.4
3845 328 2.4
3845 4675 7.2
3846 1693 7.2
3846 3310 16.4
3847 2003 11.0
3847 3000 16.0
3848 1742 6.0
3848 3261 5.8
3855 2402 7.6
3855 2601 6.0
3857 1310 8.2
3857 3693 16.4
3858 171 11.0
3858 4832 21.0
3859 526 5.6
3859 4477 6.8
3862 1976 5.8
3862 3027 10.8
3863 2357 12.2
3863 2646 5.4
3864 752 2.6
3864 4251 16.4
3865 2490 16.8
3865 2513 6.0
3866 645 6.0
3866 4358 11.6
3871 1545 10.0
3871 3458 14.0
3872 620 5.4
3872 4383 12.0
3873 708 5.2
3873 4295 12.2
3874 2247 15.0
3874 2756 11.0
3876 266 2.8
3876 4737 16.0
3879 412 6.0
3879 4591 21.0
3880 1259 2.8
3880 3744 4.4
3881 83 4.4
3881 4920 11.2
3888 404 4.0
3888 4599 18.6
3889 1354 8.0
3889 3649 21.0
3891 1959 5.0
3891 3044 9.0
3894 2153 8.0
3894 2850 11.8
3895 1264 8.4
3895 3739 7.4
3898 171 1.4
3898 4832 8.6
3899 531 11.4
3899 4472 9.6
3901 1385 7.2
3901 3618 8.4
3902 2409 3.8
3902 2594 9.2
3903 77 4.2
3903 4926 12.6
3904 388 3.2
3904 4615 15.8
3907 360 2.6
3907 4643 21.0
3908 2421 7.8
3908 2582 6.8
3909 441 5.0
3909 4562 15.2
3910 608 11.0
3910 4395 11.6
3911 2338 7.4
3911 2665 8.8
3913 1287 16.0
3913 3716 21.0
3915 626 6.0
3915 4377 10.0
3916 1769 10.8
3916 3234 2.6
3923 1838 6.0
3923 3165 10.6
3924 1894 12.0
3924 3109 10.8
3927 2420 14.0
3927 2583 12.4
3928 978 1.6
3928 4025 13.0
3929 150 2.4
3929 4853 7.2
3930 2264 9.6
3930 2739 11.0
3932 60 2.2
3932 4943 5.2
3941 28 5.4
3941 4975 11.0
3942 399 5.4
3942 4604 5.6
3943 1621 8.0
3943 3382 12.0
3944 753 2.8
3944 4250 7.8
3948 1211 1.2
3948 3792 6.2
3949 2444 8.2
3949 2559 5.2
3950 1176 2.8
3950 3827 11.6
3952 153 2.6
3952 4850 20.8
3954 1162 3.0
3954 3841 10.2
3958 190 2.4
3958 4813 16.2
3959 1587 5.6
3959 3416 16.2
3960 563 6.0
3960 4440 21.0
3962 250 5.0
3962 4753 15.6
3963 2131 16.0
3963 2872 8.6
3965 687 1.6
3965 4316 6.2
3966 253 2.4
3966 4750 20.0
3968 1636 6.0
3968 3367 6.8
3969 842 2.8
3969 4161 11.6
3972 1278 205.8
3972 3725 8.4
3976 1987 7.0
3976 3016 12.4
3978 639 8.4
3978 4364 15.8
3980 1711 3.0
3980 3292 7.4
3981 1003 204.8
3981 4000 11.2
3984 730 1.4
3984 4273 8.4
3986 2478 10.0
3986 2525 15.8
3988 2482 5.0
3988 2521 8.8
3989 1004 6.0
3989 3999 11.2
3990 1161 10.2
3990 3842 8.6
3991 2268 7.6
3991 2735 8.2
3994 742 8.2
3994 4261 6.8
3999 2427 15.6
3999 2576 8.0
4000 1415 4.6
4000 3588 11.8
4001 1903 5.0
4001 3100 15.0
4002 107 5.2
4002 4896 8.2
4005 646 1.4
4005 4357 7.8
4007 1623 4.4
4007 3380 15.2
4008 352 2.2
4008 4651 7.2
4009 1109 9.8
4009 3894 8.0
4013 437 4.0
4013 4566 17.6
4014 2301 8.0
4014 2702 20.6
4016 600 3.6
4016 4403 12.4
4018 1907 5.4
4018 3096 4.8
4019 1850 11.4
4019 3153 2.8
4023 2363 2.6
4023 2640 6.4
4025 594 7.0
4025 4409 7.0
4026 350 8.4
4026 4653 11.4
4027 1045 7.0
4027 3958 9.6
4028 1715 6.6
4028 3288 3.0
4031 1533 8.0
4031 3470 8.2
4037 1517 5.8
4037 3486 16.6
4039 2197 11.4
4039 2806 8.8
4041 2348 3.6
4041 2655 10.8
4042 1590 4.0
4042 3413 8.8
4044 1833 12.2
4044 3170 11.0
4046 1462 2.4
4046 3541 5.2
4048 2201 8.0
4048 2802 11.2
4049 940 8.2
4049 4063 7.2
4051 1251 4.6
4051 3752 9.4
4053 85 3.8
4053 4918 20.2
4054 1114 5.0
4054 3889 20.0
4056 1933 6.0
4056 3070 11.0
4058 340 2.2
4058 4663 16.4
4059 13 5.0
4059 4990 21.0
4060 1851 15.2
4060 3152 8.6
4061 2254 10.8
4061 2749 5.8
4062 12 4.6
4062 4991 21.0
4068 564 5.8
4068 4439 11.2
4069 2267 8.0
4069 2736 5.0
4070 2181 15.0
4070 2822 8.6
4071 1184 3.0
4071 3819 13.4
4073 183 6.4
4073 4820 7.2
4076 1330 7.0
4076 3673 16.2
4077 1563 7.2
4077 3440 11.4
4078 800 3.8
4078 4203 16.4
4086 347 10.4
4086 4656 9.2
4088 356 2.6
4088 4647 8.4
4089 809 6.8
4089 4194 1.4
4091 2466 3.6
4091 2537 11.0
4092 1371 10.2
4092 3632 21.0
4093 2261 11.0
4093 2742 11.8
4096 2081 2.6
4096 2922 6.0
4097 634 6.8
4097 4369 11.0
4100 1973 16.2
4100 3030 6.8
4102 2173 6.6
4102 2830 7.8
4103 213 2.6
4103 4790 11.6
4105 795 7.0
4105 4208 7.4
4106 743 10.0
4106 4260 11.0
4107 1165 2.8
4107 3838 9.0
4108 530 6.2
4108 4473 11.0
4109 583 1.6
4109 4420 17.8
4113 2475 15.2
4113 2528 5.0
4114 2104 4.8
4114 2899 14.0
4115 1052 5.2
4115 3951 5.0
4117 352 6.6
4117 4651 8.8
4118 2073 9.0
4118 2930 13.0
4121 1018 3.8
4121 3985 12.8
4123 2018 5.2
4123 2985 7.4
4126 1256 8.2
4126 3747 20.0
4127 933 10.0
4127 4070 12.0
4129 1982 4.6
4129 3021 11.8
4130 1999 6.6
4130 3004 6.0
4131 769 6.2
4131 4234 16.0
4132 2052 7.8
4132 2951 2.8
4135 1528 5.8
4135 3475 8.0
4138 1534 5.6
4138 3469 5.4
4143 1086 5.6
4143 3917 11.0
4147 2325 8.2
4147 2678 11.0
4152 1067 3.6
4152 3936 6.2
4154 292 5.2
4154 4711 11.4
4157 1132 6.0
4157 3871 15.0
4159 2375 8.0
4159 2628 9.0
4161 599 4.4
4161 4404 8.2
4163 1955 4.4
4163 3048 9.4
4169 1115 5.0
4169 3888 12.2
4173 96 3.8
4173 4907 11.2
4174 1083 3.0
4174 3920 11.8
4176 2457 7.8
4176 2546 5.6
4178 689 5.4
4178 4314 16.2
4180 785 10.0
4180 4218 6.4
4182 989 3.6
4182 4014 12.2
4184 552 2.6
4184 4451 16.0
4185 365 6.6
4185 4638 11.0
4188 1998 12.4
4188 3005 11.0
4189 1183 10.0
4189 3820 8.6
4191 2113 15.6
4191 2890 8.0
4192 1794 5.2
4192 3209 11.0
4195 225 1.2
4195 4778 6.4
4198 2432 11.2
4198 2571 16.0
4199 1457 6.6
4199 3546 10.8
4200 760 2.4
4200 4243 16.4
4201 902 10.8
4201 4101 11.6
4202 620 5.0
4202 4383 21.0
4207 2466 8.2
4207 2537 8.8
4209 86 4.0
4209 4917 8.2
4211 2457 12.8
4211 2546 4.8
4213 1219 3.2
4213 3784 17.0
4215 1549 8.2
4215 3454 6.8
4216 269 6.0
4216 4734 15.6
4218 610 5.0
4218 4393 20.8
4219 110 1.4
4219 4893 14.6
4222 1273 2.6
4222 3730 12.0
4225 1327 5.6
4225 3676 21.0
4227 9 3.6
4227 4994 11.4
4229 1506 5.2
4229 3497 8.2
4231 700 3.8
4231 4303 16.4
4232 1100 8.8
4232 3903 14.2
4233 758 5.8
4233 4245 9.4
4234 1642 5.2
4234 3361 5.6
4235 1030 5.6
4235 3973 21.0
4236 1812 11.6
4236 3191 11.6
4241 1212 5.6
4241 3791 11.0
4242 753 10.8
4242 4250 12.2
4243 1923 6.0
4243 3080 14.8
4248 1917 8.2
4248 3086 7.6
4251 211 5.2
4251 4792 16.2
4252 2324 7.6
4252 2679 12.0
4253 779 5.8
4253 4224 17.6
4260 850 5.0
4260 4153 11.2
4265 1526 12.0
4265 3477 16.0
4266 2093 11.2
4266 2910 16.0
4268 1372 5.0
4268 3631 15.8
4269 137 3.4
4269 4866 13.6
4272 1098 6.0
4272 3905 16.2
4273 2385 11.6
4273 2618 9.2
4275 2101 12.0
4275 2902 16.0
4278 1051 10.0
4278 3952 16.0
4280 46 2.0
4280 4957 16.2
4281 1043 6.4
4281 3960 15.0
4282 1288 5.4
4282 3715 21.0
4284 2486 6.0
4284 2517 15.2
4290 94 5.0
4290 4909 10.8
4294 2071 2.2
4294 2932 6.8
4297 2086 4.4
4297 2917 15.0
4301 805 5.6
4301 4198 7.4
4302 688 3.8
4302 4315 11.2
4303 2294 6.8
4303 2709 15.6
4304 146 3.8
4304 4857 11.4
4307 650 5.0
4307 4353 16.4
4308 166 5.0
4308 4837 16.6
4309 1456 7.8
4309 3547 15.0
4310 2303 11.8
4310 2700 2.6
4312 1909 11.4
4312 3094 11.6
4315 1829 5.2
4315 3174 10.0
4317 1765 2.8
4317 3238 5.4
4322 1236 2.6
4322 3767 7.0
4324 360 4.8
4324 4643 16.0
4326 2361 6.2
4326 2642 15.8
4331 1889 8.6
4331 3114 13.8
4336 2330 8.8
4336 2673 5.2
4337 397 7.8
4337 4606 16.0
4338 625 2.2
4338 4378 15.2
4339 1323 15.4
4339 3680 8.0
4340 1712 8.6
4340 3291 8.2
4342 1228 7.8
4342 3775 11.6
4343 656 6.2
4343 4347 12.0
4344 1951 15.0
4344 3052 16.0
4345 1179 5.2
4345 3824 15.4
4347 2146 5.8
4347 2857 7.6
4349 464 5.0
4349 4539 20.0
4350 1662 11.0
4350 3341 11.0
4351 110 1.2
4351 4893 17.6
4354 1478 8.2
4354 3525 16.2
4355 1247 5.0
4355 3756 11.2
4357 1525 4.0
4357 3478 8.6
4359 494 3.8
4359 4509 11.0
4360 309 2.8
4360 4694 8.4
4361 1290 7.4
4361 3713 10.8
4363 876 6.8
4363 4127 5.0
4364 1212 5.6
4364 3791 16.0
4367 842 3.4
4367 4161 3.6
4368 1269 9.4
4368 3734 7.0
4370 1696 7.2
4370 3307 10.8
4371 624 6.0
4371 4379 11.8
4373 2327 2.2
4373 2676 11.8
4375 2448 5.2
4375 2555 7.8
4376 529 212.6
4376 4474 11.8
4378 886 2.6
4378 4117 7.8
4379 815 3.0
4379 4188 11.0
4380 1583 2.4
4380 3420 9.2
4381 1361 3.0
4381 3642 8.4
4383 2390 8.6
4383 2613 7.2
4387 1899 5.6
4387 3104 8.0
4391 1368 7.8
4391 3635 14.8
4393 1669 9.2
4393 3334 2.4
4395 1454 3.6
4395 3549 11.8
4397 1667 8.6
4397 3336 5.6
4399 2473 16.4
4399 2530 16.0
4400 373 2.0
4400 4630 11.0
4401 132 1.2
4401 4871 8.4
4404 506 5.2
4404 4497 8.4
4405 889 4.8
4405 4114 11.0
4408 1054 1.4
4408 3949 8.0
4411 1871 4.8
4411 3132 10.8
4413 422 2.4
4413 4581 17.0
4418 1433 8.2
4418 3570 9.6
4420 357 15.6
4420 4646 20.0
4421 755 8.8
4421 4248 6.0
4423 1725 8.6
4423 3278 15.6
4424 189 2.8
4424 4814 8.4
4425 1480 8.0
4425 3523 3.0
4427 852 3.8
4427 4151 15.0
4429 780 3.6
4429 4223 18.4
4430 119 3.0
4430 4884 11.6
4434 863 7.6
4434 4140 6.6
4438 735 5.4
4438 4268 11.8
4440 320 5.6
4440 4683 15.8
4441 1574 3.6
4441 3429 12.8
4443 586 5.2
4443 4417 11.0
4444 2399 16.4
4444 2604 5.2
4446 411 2.0
4446 4592 15.6
4451 483 5.0
4451 4520 20.4
4452 949 10.0
4452 4054 10.2
4453 1017 3.8
4453 3986 11.4
4456 2150 10.0
4456 2853 5.8
4458 1055 6.6
4458 3948 6.8
4461 1622 9.4
4461 3381 8.4
4462 116 4.2
4462 4887 12.8
4464 976 8.8
4464 4027 5.0
4465 2488 7.6
4465 2515 3.6
4466 1356 5.8
4466 3647 5.8
4469 1117 8.6
4469 3886 8.8
4473 801 7.6
4473 4202 16.2
4475 1761 5.8
4475 3242 7.2
4476 2370 14.6
4476 2633 8.6
4477 412 5.4
4477 4591 13.2
4478 862 3.4
4478 4141 5.2
4479 1888 11.2
4479 3115 11.2
4481 2191 7.2
4481 2812 7.4
4482 195 5.0
4482 4808 11.4
4484 2411 8.8
4484 2592 4.6
4485 2090 9.6
4485 2913 8.4
4486 1735 1.4
4486 3268 9.8
4488 2 3.4
4488 5001 15.8
4489 2009 5.6
4489 2994 7.4
4492 1462 6.0
4492 3541 7.4
4493 1328 9.2
4493 3675 7.2
4496 2337 7.6
4496 2666 2.8
4498 473 4.4
4498 4530 7.8
4499 319 2.2
4499 4684 15.6
4502 445 5.0
4502 4558 15.8
4505 1385 3.6
4505 3618 21.0
4508 1127 3.6
4508 3876 4.8
4510 2216 8.2
4510 2787 10.4
4511 300 3.8
4511 4703 15.6
4512 1525 4.2
4512 3478 6.0
4513 936 7.4
4513 4067 8.8
4515 608 2.4
4515 4395 10.8
4516 1612 2.8
4516 3391 10.2
4521 1295 8.0
4521 3708 5.0
4522 443 5.8
4522 4560 11.2
4526 1513 13.2
4526 3490 8.0
4527 651 3.4
4527 4352 11.4
4528 38 1.2
4528 4965 8.2
4529 2246 9.4
4529 2757 8.2
4536 343 3.6
4536 4660 20.0
4538 2013 5.8
4538 2990 18.6
4539 1901 2.8
4539 3102 4.8
4545 600 5.0
4545 4403 10.8
4546 1609 3.2
4546 3394 5.2
4549 169 3.2
4549 4834 8.4
4551 1249 6.8
4551 3754 14.0
4552 174 2.4
4552 4829 6.8
4553 982 7.2
4553 4021 18.4
4554 1229 6.0
4554 3774 9.2
4556 2075 8.4
4556 2928 8.0
4557 1359 7.4
4557 3644 10.0
4559 115 3.8
4559 4888 16.0
4560 1518 8.2
4560 3485 15.4
4564 660 2.4
4564 4343 8.4
4565 192 5.2
4565 4811 12.6
4566 1585 5.0
4566 3418 5.6
4568 1532 5.8
4568 3471 21.0
4569 1501 9.0
4569 3502 11.2
4570 9 4.0
4570 4994 10.8
4574 2310 8.0
4574 2693 5.2
4578 1771 5.4
4578 3232 8.2
4579 2305 11.8
4579 2698 15.0
4580 684 2.2
4580 4319 11.4
4582 2220 8.8
4582 2783 8.2
4583 2211 5.2
4583 2792 5.0
4589 717 3.8
4589 4286 15.6
4590 798 5.0
4590 4205 11.2
4593 1353 11.6
4593 3650 20.0
4594 1872 6.2
4594 3131 6.8
4595 2000 6.2
4595 3003 7.0
4596 2248 8.2
4596 2755 7.4
4597 161 2.0
4597 4842 15.6
4598 1485 4.4
4598 3518 8.4
4601 478 2.4
4601 4525 12.8
4602 1701 11.2
4602 3302 11.6
4603 730 2.4
4603 4273 12.6
4604 516 5.0
4604 4487 15.0
4605 427 3.6
4605 4576 11.0
4606 668 3.8
4606 4335 21.0
4608 420 5.4
4608 4583 21.0
4610 335 5.0
4610 4668 7.0
4612 473 7.4
4612 4530 15.4
4613 739 1.0
4613 4264 5.6
4614 1499 5.6
4614 3504 11.0
4616 1142 1.2
4616 3861 11.4
4617 2498 10.0
4617 2505 7.6
4618 2300 208.4
4618 2703 8.8
4619 1894 10.0
4619 3109 12.4
4620 1881 11.8
4620 3122 13.4
4623 831 3.8
4623 4172 13.0
4626 1204 2.4
4626 3799 13.4
4627 298 5.0
4627 4705 12.8
4628 1780 3.8
4628 3223 8.6
4631 2496 10.4
4631 2507 7.4
4632 1310 9.6
4632 3693 11.4
4633 1016 10.0
4633 3987 20.0
4634 601 4.0
4634 4402 12.8
4637 1370 5.6
4637 3633 4.8
4639 1502 5.6
4639 3501 10.4
4641 1175 1.2
4641 3828 5.8
4643 2360 8.2
4643 2643 12.2
4644 298 3.6
4644 4705 11.2
4645 809 4.6
4645 4194 21.0
4646 1526 5.4
4646 3477 20.2
4649 138 5.0
4649 4865 10.8
4651 1861 3.0
4651 3142 8.8
4654 267 5.6
4654 4736 17.8
4657 132 2.2
4657 4871 7.0
4658 1312 6.6
4658 3691 16.2
4660 2441 4.8
4660 2562 14.4
4663 1666 5.8
4663 3337 13.2
4664 1056 6.6
4664 3947 11.6
4665 2372 9.6
4665 2631 5.0
4668 1392 2.8
4668 3611 9.0
4672 80 3.6
4672 4923 11.2
4673 468 2.2
4673 4535 11.2
4678 963 6.4
4678 4040 213.0
4679 1328 2.8
4679 3675 6.2
4680 887 5.0
4680 4116 8.2
4682 1088 5.6
4682 3915 15.8
4683 145 2.8
4683 4858 8.4
4685 1838 15.0
4685 3165 12.0
4687 446 1.0
4687 4557 7.8
4688 1376 6.0
4688 3627 15.0
4689 2369 4.2
4689 2634 11.4
4690 1554 4.8
4690 3449 9.4
4692 149 2.6
4692 4854 16.8
4693 2379 10.0
4693 2624 5.0
4694 116 5.0
4694 4887 16.2
4695 2369 5.4
4695 2634 6.6
4696 856 3.6
4696 4147 15.6
4697 977 3.4
4697 4026 19.0
4700 1144 15.2
4700 3859 12.4
4701 1739 2.6
4701 3264 8.4
4703 1545 8.4
4703 3458 8.8
4704 1229 10.8
4704 3774 10.8
4706 1481 2.6
4706 3522 6.6
4707 772 2.2
4707 4231 6.0
4709 2254 6.8
4709 2749 15.0
4712 487 2.6
4712 4516 11.6
4713 2384 7.4
4713 2619 7.8
4715 1103 4.0
4715 3900 8.0
4716 154 2.6
4716 4849 12.4
4717 1870 5.0
4717 3133 5.2
4718 1920 10.8
4718 3083 15.0
4719 826 10.0
4719 4177 19.8
4720 1405 8.0
4720 3598 8.0
4722 570 4.0
4722 4433 13.2
4723 175 10.6
4723 4828 11.0
4724 469 1.2
4724 4534 3.6
4725 450 2.0
4725 4553 8.6
4728 7 3.8
4728 4996 20.2
4730 354 2.0
4730 4649 15.6
4733 2145 5.0
4733 2858 9.4
4734 804 2.8
4734 4199 9.8
4735 879 1.2
4735 4124 12.6
4736 82 2.4
4736 4921 15.6
4738 2228 3.6
4738 2775 5.0
4739 679 5.4
4739 4324 16.0
4740 1051 5.2
4740 3952 5.6
4742 325 6.6
4742 4678 11.0
4745 1604 3.2
4745 3399 4.2
4746 2023 6.6
4746 2980 13.6
4749 1433 5.6
4749 3570 8.2
4750 1983 15.2
4750 3020 8.8
4756 863 2.0
4756 4140 5.2
4757 1392 7.0
4757 3611 20.0
4758 2094 11.6
4758 2909 8.2
4759 107 5.0
4759 4896 15.6
4762 1724 5.0
4762 3279 10.0
4763 595 3.6
4763 4408 20.0
4768 2445 6.0
4768 2558 2.8
4769 1785 3.6
4769 3218 9.2
4771 2157 5.6
4771 2846 10.2
4772 1627 8.6
4772 3376 10.2
4773 2305 11.6
4773 2698 4.4
4776 1605 6.2
4776 3398 8.2
4777 1844 3.2
4777 3159 8.8
4778 544 2.4
4778 4459 20.4
4780 712 2.6
4780 4291 15.4
4782 853 9.8
4782 4150 11.4
4784 1459 4.2
4784 3544 10.4
4786 2325 11.6
4786 2678 4.8
4788 335 2.4
4788 4668 9.2
4789 1427 6.0
4789 3576 10.2
4793 1200 5.0
4793 3803 16.4
4794 2186 11.2
4794 2817 9.2
4795 1805 6.0
4795 3198 7.4
4796 752 4.8
4796 4251 9.6
4798 157 5.0
4798 4846 15.6
4799 1082 5.0
4799 3921 8.6
4800 1712 8.2
4800 3291 8.0
4803 1000 5.0
4803 4003 5.0
4804 1468 11.0
4804 3535 8.0
4805 1944 3.4
4805 3059 8.8
4806 1140 5.2
4806 3863 8.8
4808 632 5.2
4808 4371 15.6
4809 1713 6.8
4809 3290 11.2
4810 2365 10.0
4810 2638 15.0
4811 1207 2.4
4811 3796 7.0
4814 1459 6.6
4814 3544 6.0
4815 272 6.0
4815 4731 11.2
4816 299 2.6
4816 4704 12.2
4817 1887 15.4
4817 3116 11.4
4818 2288 11.0
4818 2715 8.4
4819 2295 5.6
4819 2708 8.4
4824 1378 4.2
4824 3625 6.2
4826 181 2.2
4826 4822 15.6
4827 2402 5.4
4827 2601 8.8
4831 1687 4.0
4831 3316 8.0
4834 2404 10.0
4834 2599 5.0
4835 1816 7.8
4835 3187 7.0
4837 404 6.2
4837 4599 20.2
4841 1080 7.4
4841 3923 8.6
4842 1485 7.4
4842 3518 20.2
4843 1865 5.2
4843 3138 11.8
4844 364 2.4
4844 4639 12.8
4847 1047 9.2
4847 3956 10.6
4849 68 4.4
4849 4935 20.0
4850 1599 8.0
4850 3404 11.8
4853 705 1.2
4853 4298 12.2
4855 2157 10.6
4855 2846 5.6
4858 89 2.6
4858 4914 15.6
4859 2382 4.6
4859 2621 15.0
4860 2042 7.4
4860 2961 19.0
4864 2012 11.6
4864 2991 7.0
4866 2230 7.8
4866 2773 5.0
4867 28 3.8
4867 4975 11.0
4869 381 3.8
4869 4622 16.2
4871 1028 11.8
4871 3975 15.0
4872 615 5.2
4872 4388 15.0
4874 1198 3.8
4874 3805 16.0
4878 2394 15.6
4878 2609 15.0
4879 1100 4.0
4879 3903 9.4
4881 0 2.0
4882 1687 5.0
4882 3316 10.0
4883 2394 8.6
4883 2609 9.0
4884 1532 2.8
4884 3471 9.6
4888 2270 6.4
4888 2733 8.0
4889 2024 1.2
4889 2979 5.8
4890 1378 3.4
4890 3625 3.4
4892 1483 10.2
4892 3520 8.4
4896 2090 13.6
4896 2913 8.2
4897 1458 4.6
4897 3545 8.4
4898 1985 8.0
4898 3018 7.2
4900 1990 7.8
4900 3013 8.4
4904 2164 11.6
4904 2839 13.0
4905 2130 10.8
4905 2873 16.2
4908 416 3.6
4908 4587 20.6
4909 1492 11.6
4909 3511 7.0
4912 676 3.8
4912 4327 11.0
4913 2360 5.0
4913 2643 6.0
4914 822 2.0
4914 4181 9.0
4915 2014 10.6
4915 2989 5.0
4917 860 11.4
4917 4143 15.6
4918 2170 10.0
4918 2833 4.6
4919 150 2.6
4919 4853 8.0
4920 196 9.2
4920 4807 11.8
4922 61 7.0
4922 4942 7.8
4924 1707 7.8
4924 3296 6.8
4925 275 4.8
4925 4728 11.0
4929 765 3.4
4929 4238 7.4
4934 163 1.2
4934 4840 16.8
4938 2142 11.4
4938 2861 8.2
4939 2420 10.6
4939 2583 11.6
4940 2050 2.8
4940 2953 3.2
4944 1564 6.4
4944 3439 8.2
4946 308 3.8
4946 4695 10.8
4947 1364 5.8
4947 3639 11.0
4949 1860 11.4
4949 3143 5.8
4954 811 4.0
4954 4192 12.4
4955 930 3.8
4955 4073 11.6
4957 1356 5.4
4957 3647 11.4
4960 993 5.4
4960 4010 21.0
4962 2344 15.0
4962 2659 15.0
4964 1211 5.8
4964 3792 4.0
4965 2164 7.4
4965 2839 9.0
4966 1622 7.6
4966 3381 9.0
4967 2138 5.2
4967 2865 7.6
4969 562 4.6
4969 4441 15.8
4974 936 3.6
4974 4067 8.2
4979 1865 5.8
4979 3138 18.2
4981 738 11.4
4981 4265 8.6
4985 1451 5.4
4985 3552 11.2
4986 1781 5.8
4986 3222 17.8
4988 2001 7.4
4988 3002 8.2
4989 2287 8.0
4989 2716 10.0
4992 1500 6.0
4992 3503 11.0
4994 233 4.2
4994 4770 11.6
4996 2008 2.0
4996 2995 13.6
4998 1866 11.6
4998 3137 7.8
4999 1983 11.6
4999 3020 15.6
5002 0 2.0
