X cord  |  Y cord  |  time[ms]
1 122764 19
3 193933 20
8 117643 20
9 137458 20
10 158601 20
12 186583 19
13 105027 20
14 177609 20
15 193174 20
16 137965 19
17 142593 20
19 166635 20
20 184680 20
22 160708 20
24 190023 20
25 178830 20
26 154287 20
30 131104 20
31 122424 20
32 188383 20
33 154133 20
36 106207 20
41 106808 20
43 146986 20
45 140022 20
47 102241 20
48 180856 20
49 184345 20
50 183164 20
51 163000 20
53 111519 20
54 134582 20
56 172532 20
57 163780 19
58 138109 20
59 125181 20
60 110025 20
67 130277 20
71 107780 20
75 138792 19
76 153873 20
78 103138 20
80 151780 20
81 114538 20
82 151897 19
85 188633 20
88 141068 19
90 109026 20
91 102921 20
94 110882 20
96 119803 20
97 189862 19
99 138337 20
101 154179 20
102 176660 20
106 156537 20
107 150427 20
111 193308 21
112 108411 21
118 166005 20
119 98584 20
121 156907 21
122 193019 20
125 191445 20
128 160294 20
129 103846 20
130 111662 20
131 191668 20
132 176935 20
134 110587 21
137 192276 20
138 148087 21
140 112601 20
142 146211 20
146 118226 20
147 97967 20
152 190760 20
153 188573 20
155 192465 20
158 173305 20
159 179522 20
160 128875 20
162 151070 20
165 176561 20
167 114401 20
168 123386 20
177 164323 20
178 182702 20
180 143944 20
192 104651 21
193 127025 20
194 127146 20
195 130999 20
196 182173 20
199 165207 21
202 187224 20
203 104231 20
204 175060 20
206 184493 20
210 167905 20
211 158012 20
212 138452 20
215 167725 21
217 112881 20
218 140648 21
219 123123 21
223 164803 20
226 117781 20
228 120623 20
230 118938 20
231 142036 20
233 193282 20
235 136353 20
236 137827 20
237 163293 20
240 166110 20
242 152330 21
243 150824 20
245 147271 20
246 149596 20
247 190184 20
248 151734 20
249 107282 21
251 100154 20
252 152448 21
255 189268 20
258 185884 20
263 144833 20
265 130964 21
266 125648 20
269 172753 21
270 125234 20
272 150847 20
273 176490 20
275 113877 20
276 145316 20
277 140285 20
279 130493 20
282 166259 21
284 117886 20
285 154776 21
288 126038 20
292 165853 20
293 167225 21
294 104979 21
295 139423 20
297 121170 20
299 173018 20
300 115731 21
301 173540 20
303 151053 20
306 157898 20
307 183628 20
309 175904 21
310 148874 20
311 118749 20
312 112061 21
313 145697 20
316 105848 21
318 120279 20
319 172462 20
320 129927 21
324 127382 20
326 184864 20
328 126187 20
330 103975 21
332 129595 20
333 103665 20
335 127974 20
339 103983 20
340 166154 20
342 101006 20
349 178855 21
350 147877 20
352 182799 20
353 169353 21
354 152703 20
359 120278 20
361 118059 20
367 143832 20
369 191966 20
370 156150 20
372 173949 20
373 166095 20
374 132821 20
375 178457 20
379 167091 20
381 159798 20
383 132910 20
385 138485 20
386 127513 20
389 140646 20
390 125454 20
391 134137 20
393 163194 21
395 134520 20
397 148053 20
398 160819 21
401 104249 20
405 102964 21
406 120359 20
407 127001 20
408 161338 21
409 172191 20
410 142615 20
414 102428 20
416 174551 20
423 173016 21
425 145509 20
427 183103 20
428 148058 20
432 139597 20
436 104167 20
437 150052 20
438 101774 20
440 156763 20
442 151873 20
444 177430 21
445 164567 21
447 131125 20
448 173707 21
449 150710 20
451 163812 20
456 169325 20
458 103338 21
461 123282 20
463 133874 20
466 121903 21
469 140232 20
470 157738 20
471 106181 20
472 156797 21
474 157125 20
475 139245 20
476 186490 21
478 151954 21
483 101625 20
484 150142 20
485 155102 20
489 147810 21
491 148937 20
493 123055 20
494 155667 20
495 156943 21
496 166938 21
498 165580 20
499 154748 20
502 97071 20
504 108620 21
505 126756 20
508 140498 20
512 164654 20
515 102382 20
516 134114 21
520 156821 20
522 106282 20
523 99626 20
525 120884 21
526 125982 20
528 146752 20
529 157953 20
530 147122 20
531 155537 20
532 176683 21
534 159176 20
535 127703 21
539 174485 20
540 178589 20
541 191244 20
543 118608 20
545 158304 20
546 147763 20
547 136596 20
549 155935 20
550 166508 21
558 116224 21
562 190848 20
565 99070 20
572 134634 21
573 174768 21
574 189338 20
575 101307 20
576 136258 20
577 163035 21
578 139029 20
579 186162 20
580 108636 20
582 173973 21
584 180202 20
585 191724 20
588 138286 20
589 100334 21
590 193500 21
593 192111 20
594 150578 21
595 132466 20
596 124757 21
598 178075 21
600 191269 20
602 131146 21
603 161334 21
604 128159 20
606 161168 20
609 181564 20
611 137420 20
613 106542 20
614 176971 20
616 176594 20
619 98021 20
621 183547 20
622 105538 20
624 181430 20
625 105436 20
626 131948 20
627 174814 20
634 148247 20
638 101347 20
639 134025 21
641 137160 20
642 175790 20
644 158521 21
646 132973 20
648 148332 20
649 179713 20
652 167140 20
653 114839 20
655 162440 20
656 156298 21
657 162873 21
658 119677 20
661 108851 1019
662 176872 21
663 193213 20
664 145250 20
666 173863 20
667 121190 20
668 100673 20
669 135201 20
670 149967 20
671 127980 20
677 108476 20
680 139832 20
681 140094 21
683 108211 20
684 152983 20
686 178459 20
687 156179 20
690 100134 20
693 125260 20
696 107430 21
698 97762 20
700 156440 20
702 137012 21
703 104625 21
705 126080 20
711 167662 20
712 153299 20
714 177304 21
715 166636 20
720 182767 20
721 137579 20
725 191653 21
727 180985 20
728 168395 21
731 147206 20
732 142400 20
733 129467 20
737 114189 20
738 124948 20
739 102639 20
740 106427 20
743 149624 20
744 172484 20
745 105698 21
750 162264 20
751 141146 20
757 142501 20
758 120195 20
760 120690 20
763 119747 20
764 155703 21
769 162865 20
770 157049 20
771 164783 20
772 182193 21
773 186748 20
774 133974 20
775 131871 20
777 132506 20
778 111916 20
781 173011 20
786 126817 21
790 160388 20
791 143743 20
792 129197 20
793 109426 20
796 135604 20
798 165647 20
801 166272 21
802 124272 21
803 103510 21
811 163599 20
813 138519 20
814 121587 20
815 100708 20
816 137536 20
817 98656 20
818 144294 21
820 179168 20
821 117314 20
822 139720 20
823 121430 20
825 176588 20
829 144650 21
830 167903 20
833 187752 21
837 125531 20
841 149106 20
843 193904 21
846 136940 20
848 111891 20
849 114420 20
852 187407 20
855 147496 20
858 168722 20
859 100465 21
860 171283 20
864 137603 20
868 175474 20
869 141290 20
871 144109 20
872 155603 20
873 104716 20
874 111173 21
875 137382 21
876 170899 21
877 156333 20
878 132227 20
879 177711 21
881 151957 20
882 159339 21
883 150117 20
884 157656 21
885 144720 20
886 106934 21
887 126502 21
888 147174 21
890 165665 20
891 171195 21
892 184560 21
896 114323 21
898 99286 20
899 143607 20
900 163473 21
903 126470 21
908 113703 1020
911 138630 20
917 179057 20
918 136772 20
921 153182 20
922 104586 20
923 189309 20
924 164375 20
926 130939 20
927 175341 21
928 148150 20
929 103242 20
930 192263 21
931 173134 20
932 147784 20
934 158499 20
935 124841 21
936 169190 20
938 120319 21
939 177204 20
941 184931 20
942 165412 20
946 117882 21
947 135818 20
949 169495 20
950 187424 21
955 119346 20
958 134007 20
959 142673 20
960 119458 21
961 179859 20
963 133666 20
964 102308 20
965 118383 20
967 148102 21
968 162085 20
969 114619 20
971 113062 20
974 167009 20
976 156517 20
977 128919 20
981 117067 20
984 101158 21
987 189180 20
988 146085 21
990 143909 20
992 189546 20
993 164665 20
995 119147 20
997 123115 21
999 183976 20
1000 128567 21
1001 184683 20
1006 122227 20
1008 153666 21
1010 140410 20
1012 106331 21
1014 127275 20
1022 150577 20
1024 164689 20
1025 99518 20
1026 147953 21
1033 192881 20
1036 190014 20
1040 147119 20
1041 130240 21
1043 130361 21
1044 107891 20
1045 112167 20
1048 128832 21
1049 179833 21
1050 117704 20
1055 140000 21
1057 192060 20
1058 102034 21
1060 118213 20
1064 178671 21
1068 168655 21
1070 141211 21
1072 145054 21
1073 169392 21
1076 105922 20
1079 177840 21
1082 137113 21
1083 137164 21
1084 145005 21
1086 145886 20
1088 147567 20
1091 140598 21
1092 153545 21
1093 100995 20
1094 136040 20
1095 128795 20
1096 104947 20
1097 122955 20
1098 118050 20
1107 98334 20
1108 97802 21
1109 124215 20
1110 154624 20
1112 191565 21
1113 192842 21
1114 166148 20
1115 170671 20
1118 140896 20
1122 160606 20
1123 182167 21
1125 157150 21
1126 178455 20
1135 117512 21
1136 134526 21
1140 100294 20
1141 182588 20
1146 97187 21
1147 119535 20
1149 129200 21
1151 126318 21
1154 167519 20
1156 184739 20
1157 106004 21
1158 153095 21
1159 116147 2022
1162 189511 21
1164 116174 21
1165 128338 20
1166 191020 21
1167 160966 21
1168 104721 21
1170 193680 20
1175 187763 21
1176 121646 21
1178 189905 20
1183 142004 21
1185 103689 20
1187 165049 20
1188 175253 20
1189 182857 20
1191 179346 20
1193 192953 21
1195 170673 20
1198 154374 21
1202 137886 21
1203 125840 21
1204 181104 21
1205 105762 21
1209 120786 20
1213 171811 21
1216 169713 20
1218 135595 21
1219 103859 21
1221 185175 21
1224 123884 21
1229 125491 21
1231 161898 20
1232 182694 20
1233 118563 20
1236 157130 21
1240 134998 21
1241 193529 21
1242 176698 20
1244 155685 21
1248 132807 21
1251 130784 21
1254 179058 21
1255 128948 21
1257 102100 21
1259 167778 21
1261 106205 20
1262 173121 21
1266 153979 21
1267 123909 21
1269 183415 21
1271 149554 20
1273 162715 21
1274 163568 21
1275 166327 20
1276 147830 20
1279 104110 20
1281 167022 21
1282 165077 20
1283 97897 20
1285 141397 21
1288 163164 21
1290 99156 20
1292 121960 21
1293 137151 20
1295 148052 21
1297 105586 21
1302 135564 21
1304 178562 20
1305 171913 20
1307 145892 20
1308 118447 20
1310 155977 21
1312 144508 21
1320 165541 20
1321 131609 21
1322 155428 20
1323 135761 20
1324 127113 20
1325 125330 21
1326 179355 20
1327 118650 21
1331 98131 20
1332 130518 21
1334 170973 20
1335 181678 20
1336 163220 20
1337 192390 21
1338 132219 21
1340 101957 20
1345 178716 21
1346 129222 21
1347 103745 21
1350 144466 20
1352 144630 21
1355 97912 20
1356 96991 20
1357 129888 20
1359 119149 21
1360 171534 20
1361 109532 20
1362 162741 20
1363 148993 20
1364 134988 20
1368 133668 21
1372 114051 21
1373 133072 20
1375 103863 21
1376 183120 20
1382 189114 21
1383 139984 21
1384 114513 20
1385 190737 20
1388 146758 21
1389 156905 20
1391 118973 20
1393 137159 21
1397 172239 21
1399 142594 20
1403 143406 20
1407 152316 20
1409 104497 21
1410 140369 20
1412 125049 20
1413 115733 21
1415 121486 20
1418 151416 20
1420 133740 21
1423 170918 21
1424 144234 21
1425 118932 20
1426 113771 21
1427 133778 21
1431 126709 20
1433 175765 21
1434 105762 21
1435 132083 21
1436 161759 20
1439 189636 20
1445 121960 20
1450 114281 20
1451 191824 20
1453 101330 21
1454 136750 21
1456 155079 20
1457 184318 20
1459 122944 20
1460 168106 21
1463 107978 20
1464 140282 20
1466 106672 21
1467 179806 20
1472 103130 21
1473 118319 21
1474 119089 21
1475 149932 20
1477 145689 20
1478 108551 21
1479 139499 21
1481 118173 20
1482 104432 20
1483 136863 20
1488 128059 20
1492 116934 20
1494 112111 21
1497 161243 21
1499 109583 20
1500 167884 20
1503 114451 21
1506 174447 20
1511 158303 20
1512 149564 20
1513 172528 20
1515 159916 21
1517 162753 20
1520 169551 21
1522 156964 21
1523 124556 20
1526 181228 20
1528 118896 21
1530 182442 20
1531 149585 21
1532 99678 20
1534 140357 20
1539 158765 21
1540 155160 20
1543 174233 21
1544 157067 20
1546 150622 21
1552 105131 20
1560 125343 20
1561 116073 21
1565 131993 20
1566 129108 20
1568 163530 20
1575 112578 21
1580 171497 21
1583 110789 20
1586 192097 21
1591 156267 20
1592 155148 21
1594 107856 21
1595 106243 21
1596 191016 20
1597 163519 20
1598 165851 21
1600 106163 20
1601 101882 20
1603 117005 20
1607 106072 20
1608 141451 20
1609 139601 21
1613 140516 21
1616 171111 20
1618 121985 20
1619 97157 21
1620 183887 21
1621 98580 20
1622 108762 21
1623 140948 20
1624 102264 21
1630 151677 21
1633 193929 21
1634 163924 21
1637 154040 20
1638 149456 21
1640 179393 20
1641 154531 21
1642 107022 20
1643 111574 21
1645 150355 21
1649 117650 20
1650 172001 21
1651 172312 21
1652 120875 21
1654 109953 20
1655 128285 20
1658 185734 21
1660 134735 20
1661 164335 20
1662 185015 20
1667 126866 20
1669 150878 21
1670 191367 21
1671 174955 20
1673 117406 21
1674 120046 20
1675 158831 20
1677 160959 20
1680 160901 21
1681 101183 21
1683 127286 21
1685 109571 20
1687 183984 20
1690 124836 20
1692 112580 20
1693 97565 20
1695 155745 20
1696 110034 20
1697 125583 21
1698 161382 20
1699 155115 21
1706 119276 20
1707 99202 20
1708 186851 21
1710 152577 20
1715 143725 20
1716 182248 21
1718 119389 21
1720 133186 20
1722 103020 20
1723 184755 20
1724 108938 21
1727 164217 20
1729 118963 21
1730 153537 20
1731 157935 21
1732 108572 21
1733 105860 20
1735 142982 20
1737 132084 21
1740 190815 20
1741 107193 21
1744 179587 20
1746 155782 20
1748 178641 21
1749 134801 20
1752 109495 20
1756 128213 21
1758 164987 20
1759 161476 20
1760 149478 20
1763 185459 21
1765 175234 20
1767 161498 20
1770 168846 21
1771 184616 20
1772 178660 21
1773 148257 21
1774 128440 21
1776 167346 20
1779 107719 21
1783 179179 20
1784 178137 21
1787 108681 20
1788 141380 21
1790 152752 20
1792 172608 20
1793 121133 21
1796 135273 20
1797 159187 20
1799 164200 20
1800 111662 20
1802 105272 20
1804 96983 21
1806 154248 21
1808 141424 20
1809 144182 20
1810 126945 21
1812 120208 20
1815 100088 21
1824 119425 21
1825 170737 20
1826 127471 20
1829 142248 20
1830 128591 20
1831 103208 20
1832 127977 21
1833 138212 20
1835 113427 21
1837 147755 21
1838 180306 20
1842 191745 20
1844 154656 20
1845 175123 21
1846 159594 21
1847 171124 21
1849 174519 20
1850 148212 20
1851 131051 20
1856 175775 21
1857 158542 20
1858 134921 20
1860 113771 20
1861 183339 20
1862 140469 20
1865 149067 21
1866 135401 20
1867 134798 21
1870 170720 21
1871 111778 20
1872 148035 21
1874 191707 21
1876 123877 20
1880 112660 21
1887 188337 21
1889 112281 20
1891 138649 21
1892 123318 21
1894 163432 20
1896 172137 20
1897 157708 20
1901 136905 20
1905 169799 21
1907 97839 20
1910 98613 20
1914 114297 20
1919 112671 20
1920 169684 21
1921 173770 21
1922 191583 21
1923 189584 21
1924 176351 20
1932 143915 21
1935 113378 20
1937 132850 21
1938 114180 20
1941 107436 21
1943 160372 21
1944 128936 20
1945 165410 20
1948 170948 21
1950 101605 21
1951 108220 21
1952 182713 20
1953 174069 21
1956 165436 21
1960 164508 21
1962 163105 20
1965 101480 21
1966 137109 20
1967 168062 20
1971 182011 20
1974 176763 21
1976 120225 21
1977 136741 20
1978 135259 20
1979 99344 21
1980 168492 21
1981 128123 20
1982 124117 20
1983 178670 20
1985 172428 20
1987 97816 20
1989 185733 20
1994 171679 20
1995 133189 20
1996 106195 20
1999 115824 21
2000 118208 21
2001 164302 20
2002 162265 20
2006 122368 20
2009 135749 20
2010 164312 20
2011 153065 21
2016 176668 21
2017 123698 20
2020 143654 20
2021 137671 20
2022 180754 20
2023 141963 20
2024 185537 20
2028 129423 20
